0.0 3.51 0
0.0 3.2 0
0.04 3.26 0
0.56 3.16 1
0.0 3.51 0
0.0 3.51 0
0.06 3.3 0
0.0 3.39 2
0.02 3.36 2
0.36 3.35 0
0.08 3.28 0
0.36 3.35 0
0.0 3.58 0
0.29 3.26 0
0.18 3.16 0
0.19 3.17 0
0.56 3.3 2
0.28 3.11 0
0.08 3.38 3
0.51 3.04 1
0.48 3.39 1
0.31 3.52 0
0.21 3.17 0
0.11 3.17 0
0.14 3.43 1
0.16 3.34 0
0.24 3.28 0
0.21 3.17 0
0.0 3.47 0
0.0 3.38 1
0.07 3.35 0
0.0 3.46 1
0.12 3.17 0
0.12 3.45 1
0.25 3.38 0
0.0 3.4 1
0.14 3.42 1
0.28 3.23 2
0.09 3.5 3
0.36 3.33 0
0.36 3.33 0
0.3 3.26 3
0.2 3.21 1
0.22 3.3 0
0.02 3.48 0
0.15 3.9 3
0.43 3.25 0
0.52 3.25 0
0.23 3.34 0
0.37 3.32 0
0.26 3.15 0
0.04 3.4 1
0.04 3.39 1
0.36 3.2 0
0.15 3.17 1
0.04 3.34 0
0.57 3.04 0
0.12 3.26 0
0.18 3.43 0
0.31 3.41 1
0.4 3.44 0
0.49 3.21 0
0.16 3.38 2
0.05 3.39 0
0.05 3.41 0
0.05 3.41 0
0.11 3.42 0
0.07 3.44 0
0.57 3.28 0
0.05 3.34 1
0.08 3.32 1
0.23 3.32 0
0.22 3.31 0
0.26 3.31 3
0.54 3.28 0
0.64 3.54 0
0.64 3.54 0
0.0 3.52 1
0.12 3.38 0
0.2 3.16 3
0.2 3.41 0
0.7 3.13 0
0.47 3.36 0
0.26 3.16 0
0.48 3.44 1
0.15 3.41 0
0.28 2.93 1
0.26 3.39 0
0.44 3.14 0
0.08 3.48 0
0.26 3.23 0
0.28 2.93 1
0.29 2.93 0
0.26 3.39 0
0.04 3.75 3
0.17 3.85 1
0.0 3.45 0
0.25 3.25 0
0.06 3.39 0
0.18 3.3 1
0.3 3.4 1
0.3 3.31 1
0.18 3.3 1
0.22 3.29 0
0.24 3.33 0
0.22 3.29 0
0.68 3.08 0
0.31 3.46 0
0.53 3.37 1
0.52 3.21 0
0.19 3.19 0
0.09 3.15 0
0.1 3.15 0
0.44 3.32 1
0.19 3.19 0
0.31 3.07 1
0.28 3.39 1
0.12 3.37 1
0.04 3.21 1
0.08 3.34 1
0.09 3.3 0
0.04 3.21 1
0.0 3.49 0
0.0 3.44 0
0.17 3.39 0
0.04 3.16 0
0.0 3.53 0
0.0 3.54 0
0.16 3.42 2
0.15 3.42 0
0.56 3.24 0
0.09 3.63 0
0.09 3.63 0
0.01 3.4 1
0.05 3.22 1
0.11 3.19 0
0.15 3.23 0
0.36 3.48 0
0.19 3.33 0
0.19 3.32 0
0.11 3.19 0
0.15 3.23 0
0.0 3.68 1
0.08 3.34 0
0.0 3.68 1
0.55 3.17 0
0.02 3.54 0
0.26 3.11 0
0.1 3.42 1
0.44 3.53 1
0.47 3.33 1
1.0 2.74 3
0.03 3.35 0
0.03 3.35 0
0.42 3.42 0
0.42 3.42 0
0.42 3.42 0
0.42 3.42 0
0.0 3.48 0
0.18 3.59 1
0.03 3.2 0
0.02 3.17 3
0.04 3.33 1
0.26 3.37 0
0.26 3.37 0
0.48 3.19 0
0.1 3.34 0
0.03 3.37 3
0.07 3.47 1
0.24 3.0 0
0.03 3.36 3
0.17 3.29 1
0.17 3.29 1
0.05 3.42 1
0.21 3.33 0
0.04 3.35 0
0.21 3.33 0
0.42 3.58 1
0.0 3.48 0
0.14 3.19 0
0.14 3.19 0
0.49 3.12 0
0.02 3.44 0
0.2 3.54 0
0.21 3.52 1
0.57 3.26 0
0.48 3.34 0
0.1 3.39 0
0.33 3.2 0
0.32 3.2 0
0.35 3.23 0
0.25 3.57 1
0.12 3.28 0
0.21 3.28 0
0.21 3.28 0
0.33 3.25 0
0.3 3.46 0
0.6 3.11 1
0.08 3.57 2
0.06 3.51 3
0.47 3.22 2
0.48 3.04 0
0.11 3.36 0
0.35 3.34 0
0.36 3.34 1
0.74 3.2 2
0.74 3.2 2
0.31 3.29 0
0.28 3.22 0
0.58 3.31 2
0.6 3.3 1
0.24 3.35 1
0.64 3.21 1
0.26 3.3 0
0.08 3.24 1
0.49 3.34 0
0.16 3.14 0
0.22 3.36 0
0.19 3.39 0
0.33 3.3 0
0.37 3.34 1
0.26 3.15 0
0.04 3.42 0
0.25 3.28 1
0.36 3.31 3
0.25 3.37 1
0.5 3.04 1
0.14 3.39 0
0.25 3.37 1
0.25 3.46 0
0.04 3.54 2
0.06 3.37 1
0.2 3.34 1
0.25 3.46 0
0.09 3.32 1
0.0 3.37 1
0.0 3.37 1
0.0 3.37 1
0.0 3.37 1
0.09 3.32 1
0.37 3.0 0
0.56 3.14 1
0.1 3.08 1
0.44 3.07 2
0.44 3.07 2
0.0 3.61 1
0.07 3.38 0
0.17 3.2 0
0.06 3.35 1
0.0 3.61 1
0.44 3.22 1
0.0 3.47 1
0.48 3.17 0
0.42 3.23 0
0.0 3.47 1
0.23 3.26 0
0.37 3.22 0
0.0 3.49 0
0.76 3.06 0
0.47 3.36 2
0.23 3.29 0
0.04 3.35 3
0.03 3.34 0
0.23 3.28 0
0.49 3.08 0
0.52 3.2 2
0.0 3.6 3
0.46 3.35 4
0.04 3.69 1
0.51 3.28 1
0.06 3.36 1
0.51 3.28 1
0.58 3.22 0
0.2 3.31 0
0.18 3.38 0
0.06 3.36 1
0.04 3.69 1
0.51 3.28 1
0.45 3.23 4
0.32 3.38 2
0.44 3.12 1
0.68 3.25 2
0.12 3.36 0
0.32 3.38 2
0.07 3.31 0
0.07 3.31 0
0.55 3.1 1
0.12 3.37 1
0.09 3.34 2
0.53 3.2 0
0.09 3.34 2
0.48 3.3 0
0.23 3.22 1
0.25 3.41 1
0.52 3.05 1
0.46 3.05 0
0.37 3.16 0
0.06 3.67 0
0.02 3.67 0
0.06 3.68 0
0.06 3.38 1
0.48 3.22 1
0.12 3.51 0
0.12 3.39 0
0.6 3.2 0
0.48 3.12 1
0.32 3.36 0
0.42 3.19 1
0.44 3.19 1
0.38 3.41 1
0.48 3.12 1
0.24 3.27 1
0.31 3.32 1
0.3 3.3 0
0.29 3.39 0
0.29 3.42 1
0.23 3.3 0
0.12 3.3 1
0.39 3.37 2
0.12 3.3 1
0.39 3.37 2
0.26 3.24 0
0.05 3.29 0
0.42 3.28 1
0.2 3.16 1
0.2 3.16 1
0.66 3.05 2
0.5 3.28 0
0.62 3.16 1
0.39 3.18 0
0.64 3.23 1
0.64 3.23 1
0.28 3.22 1
0.08 3.13 0
0.01 3.34 2
0.53 3.17 2
0.45 3.35 1
0.32 3.31 0
0.58 3.16 1
0.54 3.11 2
0.5 3.12 1
0.48 3.21 1
0.47 3.3 1
0.47 3.3 1
0.5 3.12 1
0.0 3.6 0
0.02 3.58 2
0.67 3.02 1
0.31 3.11 1
0.0 3.36 1
0.22 3.28 1
0.0 3.35 1
0.0 3.27 0
0.79 3.18 0
0.4 3.25 1
0.01 3.55 1
0.52 3.26 0
0.66 3.24 2
0.66 3.15 2
0.66 3.17 1
0.23 3.19 0
0.31 3.37 1
0.66 3.05 0
0.63 2.99 0
0.66 3.07 2
0.5 3.26 1
0.66 3.07 2
0.61 3.16 0
0.52 3.18 0
0.53 3.2 2
0.02 3.57 0
0.4 3.32 1
0.48 3.32 1
0.22 3.05 0
0.63 3.01 1
0.71 3.01 2
0.5 3.26 1
0.53 3.2 2
0.66 3.11 1
0.38 3.31 1
0.42 3.21 1
0.68 3.06 1
0.42 3.21 1
0.42 3.21 1
0.28 3.42 0
0.07 3.43 1
0.26 3.41 1
0.15 3.31 1
0.26 3.43 1
0.31 3.19 2
0.05 3.56 4
0.68 3.06 1
0.52 3.18 0
0.61 3.16 0
0.65 3.03 0
0.76 3.22 2
0.02 3.47 0
0.59 3.18 1
0.59 3.18 1
0.22 3.1 0
0.02 3.47 0
0.3 3.29 1
0.54 3.1 1
0.49 3.15 1
0.05 3.26 0
0.46 3.36 1
0.47 3.24 1
0.66 3.18 2
0.58 3.19 1
0.49 3.05 3
0.34 3.38 1
0.35 3.38 0
0.16 3.27 0
0.53 3.27 2
0.34 3.26 0
0.24 3.32 0
0.64 3.26 1
0.12 3.44 0
0.51 3.24 1
0.0 3.62 0
0.33 3.28 2
0.03 3.52 2
0.2 3.36 0
0.47 3.15 2
0.2 3.36 0
0.03 3.52 2
0.08 3.49 1
0.22 3.26 1
0.33 3.24 0
0.63 3.1 1
0.47 3.15 2
0.35 3.25 0
0.69 3.0 1
0.63 3.16 0
0.55 3.15 1
0.63 3.16 0
0.3 3.26 1
0.73 3.17 1
0.55 3.15 1
0.18 3.08 0
0.72 2.88 4
0.65 3.06 1
0.76 2.95 2
0.49 3.23 2
0.01 3.57 2
0.1 3.23 1
0.6 3.1 0
0.29 3.22 0
0.22 3.2 1
0.69 3.1 1
0.69 3.1 1
0.53 3.06 1
0.03 3.44 1
0.63 3.26 2
0.4 3.5 0
0.67 3.22 4
0.39 3.37 0
0.21 3.28 0
0.63 3.26 2
0.66 3.25 5
0.52 3.35 1
0.22 3.26 0
0.68 3.18 0
0.7 3.08 0
0.54 2.98 1
0.4 3.48 0
0.42 3.16 1
0.45 3.32 1
0.69 3.17 1
0.02 3.2 0
0.65 3.05 0
0.42 3.2 1
0.55 3.15 1
0.55 3.26 0
0.51 3.2 1
0.24 3.14 0
0.41 3.28 0
0.49 3.18 1
0.24 3.14 0
0.11 3.19 1
0.39 3.12 0
0.56 3.15 4
0.59 3.04 0
0.6 3.04 0
0.68 3.06 1
0.39 3.17 0
0.39 3.17 0
0.36 3.17 1
0.55 3.32 2
0.4 3.34 1
0.27 3.31 1
0.5 3.34 2
0.51 3.32 2
0.31 3.48 1
0.23 3.44 1
0.53 3.15 4
0.25 3.43 1
0.32 3.32 0
0.53 3.15 4
0.31 3.48 1
0.25 3.43 1
0.73 3.17 2
0.73 3.17 2
0.47 3.18 2
0.42 3.21 2
0.63 3.16 2
0.46 3.25 2
0.55 3.17 1
0.31 3.18 1
0.75 3.04 2
0.49 3.02 0
0.31 3.18 1
0.48 3.03 1
0.64 3.09 2
0.64 3.09 2
0.49 3.31 0
0.49 3.25 1
0.49 3.16 5
0.49 3.22 1
0.49 3.36 0
0.49 3.42 1
0.49 3.48 0
0.49 3.38 0
0.49 3.22 0
0.49 3.23 0
0.24 3.24 0
0.49 3.36 0
0.49 3.39 1
0.49 3.34 1
0.24 3.09 0
0.24 3.41 1
0.49 3.16 0
0.49 3.16 0
0.24 3.22 1
0.24 3.28 1
0.24 3.41 1
0.24 3.09 0
0.24 3.37 1
0.49 3.2 2
0.74 3.22 0
0.24 3.26 0
0.49 3.21 1
0.24 3.12 0
0.24 3.06 1
0.74 2.86 1
0.49 3.08 0
0.24 3.45 1
0.49 3.26 1
0.49 3.12 1
0.49 3.27 1
0.01 3.33 1
0.24 3.19 1
0.24 3.12 1
0.24 3.74 0
0.49 2.92 0
0.49 2.92 0
0.49 3.07 1
0.49 2.92 0
0.49 3.07 1
0.49 3.3 1
0.49 3.14 0
0.49 3.23 0
0.49 3.08 0
0.49 3.31 1
0.49 3.3 1
0.49 3.14 0
0.24 3.32 1
0.24 3.32 1
0.49 3.31 1
0.24 3.57 1
0.49 3.32 1
0.24 3.57 1
0.49 3.14 0
0.49 3.3 3
0.49 3.19 1
0.49 3.2 1
0.24 3.34 3
0.49 3.3 0
0.49 3.29 0
0.49 3.14 1
0.49 3.19 0
0.49 3.19 0
0.49 3.19 0
0.49 2.98 2
0.49 3.3 2
0.24 3.47 1
0.49 3.12 2
0.24 3.26 0
0.24 3.72 4
0.49 3.05 2
0.49 3.35 0
0.49 3.12 1
0.49 3.35 0
0.58 3.29 0
0.17 3.4 0
0.41 3.27 0
0.51 3.04 1
0.58 3.09 1
0.18 3.2 1
0.45 3.0 1
0.27 3.26 3
0.52 3.1 1
0.0 3.3 0
0.52 3.1 1
0.13 3.17 1
0.13 3.31 1
0.48 3.34 2
0.41 3.31 1
0.37 3.32 1
0.19 3.56 1
0.54 3.39 0
0.55 2.98 0
0.0 3.32 1
0.38 3.26 0
0.18 2.87 1
0.5 3.5 0
0.5 3.5 0
0.51 3.03 1
0.5 3.13 0
0.41 3.09 0
0.24 3.27 0
0.23 3.28 0
0.22 3.13 0
0.25 3.49 1
0.0 3.46 0
0.0 3.46 0
0.29 3.36 0
0.29 3.36 0
0.26 3.27 1
0.23 3.21 0
0.26 3.27 1
0.54 3.25 0
0.14 3.32 1
0.22 3.43 3
0.21 3.27 0
0.0 3.27 0
0.28 3.24 0
0.27 3.24 0
0.12 3.35 2
0.35 3.18 1
0.45 3.39 0
0.44 3.46 0
0.45 3.39 0
0.44 3.46 0
0.45 3.39 0
0.1 3.37 2
0.05 3.4 0
0.01 3.32 3
0.3 3.33 2
0.27 3.16 1
0.39 2.89 0
0.25 3.41 0
0.65 2.98 0
0.59 3.12 1
0.47 3.08 0
0.17 3.14 0
0.39 2.89 0
0.59 2.92 2
0.07 3.32 1
0.02 3.41 3
0.07 3.32 1
0.31 3.31 0
0.06 3.36 1
0.46 3.04 1
0.52 3.03 0
0.14 3.14 0
0.36 3.18 1
0.45 2.94 1
0.43 3.15 0
0.45 2.94 1
0.24 3.26 0
0.21 3.2 0
0.34 3.15 0
0.21 3.2 0
0.41 3.08 1
0.39 3.26 0
0.41 3.08 1
0.11 3.4 0
0.1 3.48 0
0.45 3.13 0
0.58 3.06 0
0.23 3.21 1
0.31 3.33 0
0.23 3.37 0
0.32 3.25 0
0.23 3.37 0
0.18 3.44 0
0.23 3.28 0
0.04 3.4 0
0.48 3.3 0
0.0 3.63 5
0.24 3.48 0
0.51 3.03 0
0.32 3.32 0
0.31 3.31 0
0.02 3.9 1
0.02 3.47 1
0.02 3.47 1
0.28 3.31 0
0.55 3.11 1
0.43 3.08 1
0.02 3.47 1
0.02 3.47 1
0.48 3.32 3
0.04 3.29 3
0.15 3.37 0
0.08 3.4 0
0.19 3.37 0
0.12 3.34 1
0.47 3.27 1
0.43 3.06 0
0.34 3.38 0
0.0 3.36 0
0.36 3.34 0
0.28 3.28 0
0.18 3.29 1
0.36 3.34 0
0.11 3.21 0
0.04 3.22 0
0.0 3.46 0
0.04 3.22 0
0.24 3.1 0
0.08 3.21 0
0.3 2.94 0
0.1 3.54 3
0.17 3.29 0
0.09 3.43 1
0.02 3.46 0
0.02 3.46 0
0.03 3.61 1
0.66 3.17 0
0.13 3.44 0
0.03 3.39 0
0.34 3.55 0
0.2 3.48 0
0.1 3.26 0
0.1 3.26 0
0.0 3.5 1
0.23 3.1 0
0.0 3.35 0
0.29 3.45 1
0.24 3.21 0
0.0 3.46 0
0.58 3.13 0
0.54 3.13 0
0.18 3.52 1
0.38 3.3 1
0.4 3.3 0
0.18 3.52 1
0.18 3.52 1
0.1 3.29 0
0.1 3.29 0
0.13 3.39 0
0.1 3.29 0
0.68 3.09 1
0.07 3.51 1
0.01 3.6 1
0.0 3.25 0
0.0 3.25 0
0.21 3.19 0
0.25 3.23 0
0.26 3.25 0
0.0 3.31 1
0.26 3.25 0
0.11 3.31 1
0.1 3.31 1
0.18 3.14 0
0.32 3.45 0
0.02 3.55 1
0.01 3.39 0
0.02 3.55 1
0.26 3.28 0
0.27 3.27 0
0.29 3.3 1
0.3 3.31 1
0.0 3.43 0
0.18 3.4 1
0.17 3.4 1
0.3 3.36 0
0.03 3.5 0
0.0 3.31 1
0.14 3.66 0
0.05 3.36 0
0.14 3.66 0
0.01 3.55 0
0.41 3.21 0
0.41 3.21 0
0.24 3.18 1
0.24 3.18 1
0.17 3.09 0
0.43 3.33 1
0.17 3.23 0
0.02 3.48 1
0.0 3.38 0
0.54 3.17 1
0.3 2.99 0
0.31 3.1 0
0.44 3.24 2
0.34 3.29 1
0.34 3.29 1
0.08 3.25 0
0.09 3.23 0
0.0 3.56 2
0.08 3.24 1
0.22 3.26 1
0.4 3.33 2
0.39 3.27 2
0.4 3.33 2
0.12 3.26 0
0.31 3.22 1
0.1 3.3 0
0.55 3.09 1
0.33 3.24 0
0.24 3.44 3
0.54 3.21 1
0.33 3.24 0
0.19 3.23 1
0.42 3.28 1
0.0 3.29 0
0.15 3.28 0
0.0 3.34 0
0.0 3.71 2
0.13 3.61 0
0.13 3.61 0
0.28 3.24 0
0.14 3.36 0
0.34 3.4 2
0.14 3.36 0
0.09 3.46 4
0.08 3.56 1
0.07 3.38 3
0.08 3.56 1
0.42 3.38 5
0.44 3.38 3
0.26 3.32 0
0.1 3.39 0
0.28 3.26 2
0.28 3.26 2
0.35 3.24 2
0.04 3.46 0
0.47 3.24 2
0.0 3.45 0
0.45 3.23 1
0.35 3.28 0
0.46 3.18 1
0.21 3.59 0
0.21 3.59 0
0.16 3.5 1
0.21 3.59 0
0.21 3.58 0
0.44 3.28 0
0.44 3.28 0
0.32 3.22 0
0.39 3.47 1
0.39 3.47 1
0.02 3.51 2
0.39 3.47 1
0.34 3.4 2
0.47 3.15 2
0.22 3.4 1
0.06 3.51 0
0.66 3.66 1
0.32 3.24 0
0.06 3.51 0
0.06 3.51 0
0.07 3.51 0
0.22 3.41 1
0.23 3.4 1
0.22 3.4 1
0.03 3.44 1
0.01 3.41 1
0.03 3.53 0
0.24 3.43 3
0.37 3.23 2
0.46 3.12 2
0.4 3.31 2
0.0 3.4 3
0.01 3.41 1
0.19 3.22 1
0.04 3.53 0
0.18 3.15 0
0.0 3.48 1
0.29 3.22 1
0.04 3.53 0
0.19 3.22 1
0.14 3.34 0
0.12 3.33 1
0.38 3.15 2
0.0 3.43 1
0.34 3.22 0
0.24 3.44 0
0.03 3.53 0
0.23 3.22 1
0.03 3.53 0
0.03 3.53 1
0.01 3.42 1
0.39 3.31 2
0.01 3.42 1
0.39 3.31 2
0.02 3.48 5
0.36 3.4 0
0.1 3.58 2
0.1 3.58 2
0.06 3.41 2
0.06 3.41 2
0.2 3.23 0
0.27 3.39 0
0.0 3.59 1
0.13 3.43 1
0.39 3.29 1
0.48 3.23 1
0.46 3.18 1
0.44 3.33 1
0.46 3.27 2
0.39 3.29 1
0.4 3.27 1
0.19 3.62 0
0.31 3.38 1
0.32 3.3 1
0.12 3.38 1
0.37 3.24 0
0.32 3.3 1
0.12 3.38 1
0.31 3.38 1
0.27 3.18 0
0.36 3.47 2
0.33 3.47 1
0.19 3.2 3
0.27 3.18 0
0.38 3.3 2
0.01 3.69 0
0.01 3.48 0
0.29 3.45 1
0.01 3.48 0
0.01 3.69 0
0.38 3.39 1
0.38 3.39 1
0.5 3.07 3
0.38 3.34 2
0.17 3.61 0
0.52 3.36 2
0.49 3.19 2
0.4 3.22 2
0.34 3.24 2
0.49 3.27 2
0.42 3.14 2
0.58 3.29 2
0.48 3.26 2
0.45 3.41 2
0.45 3.41 2
0.45 3.41 2
0.48 3.26 2
0.4 3.31 2
0.48 3.2 2
0.4 3.44 1
0.52 3.36 0
0.52 3.31 1
0.52 3.29 1
0.12 3.47 2
0.05 3.36 0
0.27 3.16 1
0.14 3.27 0
0.02 3.38 0
0.39 3.15 1
0.27 3.16 1
0.4 3.34 1
0.41 3.13 2
0.2 3.13 0
0.43 3.2 1
0.09 3.46 0
0.48 3.33 1
0.48 3.33 1
0.5 3.22 2
0.44 3.52 0
0.41 3.3 2
0.3 3.44 0
0.3 3.44 0
0.29 3.15 0
0.32 3.28 2
0.49 3.13 0
0.3 3.32 1
0.26 3.25 0
0.32 3.34 1
0.3 3.32 1
0.49 3.13 0
0.0 3.45 1
0.39 3.19 2
0.3 3.44 0
0.12 3.16 0
0.4 3.14 1
0.12 3.16 0
0.28 3.45 0
0.1 3.36 1
0.28 3.45 0
0.45 3.15 0
0.06 3.39 1
0.0 3.71 2
0.0 3.71 2
0.34 3.12 1
0.0 3.47 1
0.3 3.44 2
0.38 3.26 2
0.33 3.26 2
0.32 3.36 2
0.29 3.25 0
0.32 3.36 2
0.33 3.26 2
0.34 3.26 2
0.4 3.23 2
0.36 3.18 0
0.45 3.25 2
0.31 3.17 1
0.15 3.23 0
0.0 3.38 1
0.16 3.22 1
0.46 3.06 1
0.4 3.27 2
0.37 2.89 1
0.37 2.89 1
0.14 3.53 0
0.66 3.2 1
0.66 3.2 1
0.09 3.35 0
0.42 3.27 1
0.01 3.32 2
0.0 3.33 1
0.32 3.41 1
0.0 3.49 0
0.21 3.37 1
0.01 3.32 2
0.0 3.42 2
0.01 3.35 2
0.0 3.36 0
0.08 3.3 1
0.18 3.2 1
0.34 3.17 2
0.34 3.22 2
0.1 3.35 0
0.41 3.24 2
0.21 3.33 1
0.0 3.58 0
0.19 3.38 1
0.21 3.33 1
0.41 3.29 2
0.33 3.36 1
0.0 3.32 1
0.0 3.31 1
0.17 3.49 0
0.36 3.27 1
0.36 3.27 1
0.17 3.49 0
0.59 3.03 0
0.05 3.56 0
0.42 3.38 2
0.27 3.13 1
0.27 3.13 1
0.53 3.21 2
0.25 3.15 0
0.57 3.19 2
0.53 3.21 2
0.57 3.14 1
0.5 3.21 4
0.44 3.3 1
0.65 3.22 1
0.09 3.28 1
0.18 3.29 1
0.08 3.4 2
0.53 3.02 2
0.53 3.02 2
0.35 3.31 0
0.45 3.18 2
0.2 3.2 0
0.26 3.4 1
0.33 3.31 1
0.2 3.2 0
0.34 3.44 2
0.56 3.15 1
0.65 3.27 0
0.65 3.27 0
0.68 3.01 2
0.56 3.16 1
0.68 3.01 2
0.3 3.42 1
0.45 3.33 1
0.3 3.42 1
0.08 3.12 0
0.4 3.38 2
0.42 3.29 1
0.54 3.02 2
0.54 3.02 2
0.54 2.98 4
0.42 3.35 1
0.09 3.43 1
0.36 3.33 2
0.09 3.35 1
0.47 3.15 0
0.09 3.35 1
0.38 3.2 0
0.45 3.15 2
0.38 3.2 0
0.42 3.11 1
0.27 3.35 1
0.09 3.45 1
0.27 3.35 1
0.34 3.28 1
0.28 3.41 0
0.42 3.21 1
0.41 3.27 2
0.1 3.36 0
0.43 3.17 1
0.0 3.25 1
0.27 3.78 2
0.41 3.29 1
0.39 3.12 1
0.5 3.49 1
0.07 3.38 1
0.07 3.38 1
0.07 3.38 1
0.12 3.3 1
0.0 3.52 0
0.34 3.2 4
0.0 3.44 1
0.0 3.45 1
0.37 3.12 1
0.0 3.62 3
0.35 3.14 2
0.26 3.39 1
0.0 3.51 1
0.33 3.22 0
0.35 3.21 1
0.0 3.18 1
0.21 3.32 0
0.34 3.38 2
0.07 3.37 2
0.35 3.3 2
0.43 3.38 1
0.45 3.22 1
0.45 3.22 1
0.15 3.14 0
0.24 3.34 1
0.3 3.41 1
0.32 3.27 1
0.11 3.3 1
0.3 3.61 1
0.23 3.43 0
0.43 3.53 1
0.12 3.28 1
0.45 3.21 2
0.42 3.39 1
0.47 3.23 1
0.32 3.3 2
0.23 3.46 1
0.25 3.15 0
0.35 3.23 1
0.0 3.59 1
0.25 3.15 0
0.51 3.33 2
0.18 3.46 2
0.43 3.42 1
0.43 3.16 0
0.57 3.14 2
0.43 3.21 1
0.42 3.14 2
0.24 3.29 0
0.24 3.29 0
0.5 3.01 0
0.26 2.94 0
0.39 3.32 2
0.27 3.21 1
0.29 3.32 1
0.34 3.2 1
0.0 3.42 1
0.46 3.27 1
0.31 3.46 1
0.31 3.46 1
0.0 3.61 1
0.03 3.58 3
0.0 3.35 2
0.0 3.68 0
0.33 3.27 1
0.33 3.27 1
0.43 3.19 0
0.4 3.38 1
0.07 3.29 0
0.23 3.36 0
0.3 3.33 1
0.03 3.52 0
0.3 3.33 1
0.23 3.36 0
0.05 3.3 3
0.57 3.28 1
0.0 3.56 0
0.37 3.52 2
0.0 3.56 0
0.12 3.22 1
0.22 3.52 1
0.23 3.21 1
0.21 3.16 1
0.26 3.15 1
0.23 3.21 1
0.21 3.16 1
0.36 3.27 2
0.39 3.35 4
0.19 3.14 0
0.46 3.4 2
0.46 3.4 2
0.46 3.4 2
0.55 3.35 0
0.46 3.4 2
0.43 3.45 2
0.02 3.35 1
0.15 3.32 0
0.02 3.35 1
0.42 3.15 1
0.46 3.1 1
0.46 3.26 1
0.31 3.29 1
0.37 3.23 1
0.31 3.24 1
0.4 3.2 1
0.52 3.28 1
0.52 3.28 1
0.22 3.26 1
0.47 3.23 1
0.49 3.07 1
0.23 3.15 0
0.03 3.02 0
0.25 3.27 0
0.0 3.68 2
0.29 3.4 0
0.34 3.37 1
0.01 3.38 0
0.29 3.4 0
0.37 3.23 3
0.01 3.39 1
0.32 3.3 3
0.0 3.26 1
0.01 3.39 1
0.0 3.38 3
0.0 3.45 3
0.2 3.1 0
0.39 3.16 0
0.41 3.22 1
0.22 3.37 0
0.25 3.33 1
0.19 3.49 0
0.07 3.12 0
0.19 3.49 0
0.33 3.41 1
0.01 3.4 1
0.01 3.4 1
0.14 3.28 0
0.0 3.45 0
0.0 3.43 0
0.06 3.4 0
0.02 3.47 0
0.22 3.1 0
0.28 3.32 1
0.0 3.44 1
0.0 3.44 1
0.68 3.02 0
0.0 3.59 3
0.38 3.15 0
0.0 3.37 3
0.32 3.38 1
0.05 3.38 1
0.05 3.38 1
0.5 3.1 1
0.31 3.47 1
0.03 3.5 4
0.01 3.7 1
0.2 3.38 1
0.0 3.5 0
0.2 3.1 0
0.13 3.24 1
0.22 3.24 1
0.4 3.28 3
0.0 3.35 1
0.22 3.24 1
0.39 3.14 2
0.2 3.37 1
0.2 3.37 1
0.0 3.33 1
0.28 3.26 1
0.19 3.39 0
0.5 3.15 0
0.44 3.35 1
0.08 3.22 0
0.3 3.3 0
0.3 3.3 0
0.0 3.36 0
0.1 3.29 1
0.13 3.62 1
0.0 3.34 3
0.1 3.29 1
0.0 3.2 0
0.0 3.2 0
0.14 3.35 1
0.0 3.45 1
0.0 3.5 5
0.0 3.78 1
0.07 3.6 1
0.32 3.3 1
0.44 3.36 0
0.21 3.12 0
0.26 3.3 0
0.32 3.29 0
0.09 3.41 3
0.32 3.29 0
0.1 3.28 0
0.26 3.3 0
0.15 3.33 1
0.21 3.34 0
0.21 3.4 1
0.21 3.4 1
0.27 3.26 1
0.0 4.01 1
0.46 3.18 1
0.27 3.26 1
0.68 2.9 1
0.34 3.26 0
0.0 4.01 1
0.42 3.18 0
0.39 3.18 2
0.24 3.39 1
0.24 3.39 1
0.24 3.39 1
0.24 3.39 1
0.11 3.34 0
0.26 3.29 1
0.26 3.29 1
0.26 3.26 0
0.1 3.09 1
0.22 3.18 0
0.0 3.39 0
0.02 3.38 1
0.0 3.36 0
0.0 3.36 0
0.0 3.36 0
0.02 3.36 1
0.02 3.36 1
0.02 3.36 1
0.02 3.37 1
0.02 3.36 1
0.48 3.09 0
0.24 3.25 1
0.01 3.52 0
0.03 3.34 0
0.03 3.34 0
0.0 3.41 0
0.29 3.34 0
0.01 3.32 1
0.03 3.37 0
0.03 3.37 0
0.03 3.35 0
0.25 3.36 0
0.25 3.36 0
0.24 3.6 1
0.17 3.28 0
0.4 3.07 1
0.31 3.24 0
0.14 3.36 0
0.4 3.07 1
0.27 3.29 3
0.02 3.46 1
0.09 3.18 0
0.08 3.24 0
0.3 3.25 1
0.32 3.27 1
0.0 3.33 3
0.51 3.0 0
0.56 3.21 1
0.51 3.0 0
0.27 3.24 0
0.0 3.32 5
0.26 3.26 0
0.2 3.11 0
0.26 3.71 1
0.15 3.29 1
0.02 3.36 1
0.02 3.36 1
0.09 3.38 0
0.22 3.3 0
0.22 3.3 0
0.15 3.19 0
0.25 3.19 0
0.07 3.3 0
0.07 3.3 0
0.31 3.35 0
0.02 3.1 0
0.0 3.58 1
0.22 3.37 0
0.06 3.17 0
0.25 3.3 0
0.14 3.32 0
0.1 3.31 1
0.1 3.31 0
0.26 3.28 0
0.12 3.52 2
0.0 3.42 1
0.21 3.25 0
0.21 3.25 0
0.42 3.44 1
0.33 3.23 4
0.39 3.43 1
0.3 3.28 2
0.34 3.22 1
0.0 3.54 1
0.36 3.27 2
0.0 3.54 1
0.0 3.5 1
0.4 3.56 1
0.34 3.22 1
0.25 3.04 0
0.59 3.2 0
0.0 3.56 0
0.59 3.2 0
0.33 3.35 2
0.01 3.16 0
0.21 3.27 0
0.01 3.16 0
0.18 3.34 0
0.0 3.39 1
0.09 3.5 3
0.37 3.26 1
0.37 3.26 1
0.37 3.41 1
0.33 3.3 0
0.0 3.31 0
0.4 3.33 0
0.24 3.37 0
0.31 3.26 1
0.0 3.48 1
0.16 3.42 2
0.37 3.18 1
0.37 3.18 1
0.38 3.15 0
0.29 3.53 0
0.0 3.41 0
0.02 3.32 1
0.32 3.23 2
0.19 3.16 1
0.02 3.4 0
0.2 3.38 0
0.02 3.32 1
0.19 3.16 1
0.02 3.4 0
0.0 3.4 0
0.01 3.4 0
0.31 3.23 4
0.32 3.23 2
0.44 3.33 2
0.02 3.35 2
0.33 3.41 0
0.63 3.21 1
0.0 3.5 1
0.06 3.3 1
0.33 3.41 0
0.4 3.39 0
0.35 3.32 2
0.09 3.41 1
0.0 3.59 3
0.03 3.36 1
0.01 3.34 1
0.1 3.41 0
0.1 3.41 0
0.32 3.3 2
0.08 3.52 3
0.32 3.3 2
0.05 3.31 5
0.11 2.88 0
0.08 3.43 0
0.6 3.38 1
0.08 3.38 0
0.5 3.16 0
0.11 3.54 2
0.5 3.16 0
0.11 3.54 2
0.05 3.4 5
0.6 3.39 0
0.03 3.66 3
0.6 3.39 0
0.54 3.33 3
0.44 3.35 0
0.06 3.53 3
0.16 3.37 0
0.21 3.38 0
0.05 3.52 0
0.04 3.72 0
0.1 3.44 1
0.49 3.39 1
0.04 3.72 0
0.06 3.57 0
0.26 3.26 0
0.09 3.42 2
0.02 3.35 1
0.26 3.26 0
0.03 3.45 1
0.04 3.53 1
0.03 3.45 1
0.04 3.26 0
0.29 3.16 0
0.18 3.31 0
0.39 3.51 1
0.57 3.36 1
0.02 3.55 5
0.05 3.51 1
0.57 3.36 1
0.6 3.38 1
0.4 3.28 0
0.21 3.47 1
0.04 3.44 0
0.04 3.53 1
0.15 3.33 1
0.21 3.53 1
0.21 3.53 1
0.25 3.42 0
0.06 3.38 1
0.46 3.32 0
0.08 3.44 0
0.06 3.38 1
0.2 3.39 3
0.25 3.42 0
0.25 3.34 0
0.19 3.39 1
0.08 3.33 0
0.08 3.3 1
0.07 3.29 1
0.49 3.31 1
0.08 3.42 1
0.09 3.42 1
0.1 3.6 0
0.13 3.21 1
0.3 3.39 0
0.14 3.42 2
0.13 3.36 1
0.08 3.6 1
0.08 3.5 1
0.09 3.57 0
0.32 3.46 0
0.08 3.56 1
0.29 3.4 2
0.02 3.3 1
0.42 3.25 1
0.43 3.17 2
0.33 3.36 1
0.02 3.36 0
0.1 3.55 0
0.5 3.1 0
0.3 3.24 4
0.0 3.45 0
0.0 3.44 0
0.01 3.51 1
0.0 3.41 0
0.02 3.54 1
0.17 3.44 2
0.04 3.53 0
0.02 3.54 1
0.33 3.22 0
0.26 3.21 0
0.26 3.21 0
0.26 3.21 0
0.13 3.29 0
0.13 3.29 0
0.13 3.29 0
0.02 3.39 1
0.64 3.34 1
0.13 3.29 0
0.13 3.34 0
0.14 3.48 1
0.53 3.37 1
0.14 3.44 1
0.32 3.33 0
0.2 3.58 1
0.78 3.39 1
0.4 3.26 1
0.63 3.3 1
0.15 3.54 1
0.15 3.42 1
0.09 3.54 0
0.33 3.36 1
0.09 3.54 0
0.1 3.57 0
0.29 3.33 0
0.44 3.29 2
0.44 3.3 1
0.41 3.34 1
0.11 3.55 1
0.33 3.27 1
0.2 3.29 0
0.15 3.32 1
0.09 3.67 1
0.13 3.42 1
0.08 3.42 1
0.08 3.45 0
0.1 3.52 1
0.13 3.42 1
0.12 3.57 0
0.47 3.39 1
0.36 3.0 1
0.34 3.3 1
0.4 3.26 1
0.32 3.19 1
0.32 3.19 1
0.4 3.26 1
0.16 3.18 1
0.36 3.0 1
0.34 3.3 1
0.43 3.22 1
0.41 2.99 0
0.4 3.14 0
0.37 3.18 0
0.4 3.54 2
0.62 2.98 0
0.38 3.25 2
0.04 3.24 1
0.48 3.33 4
0.42 3.12 1
0.14 3.22 0
0.48 3.33 4
0.38 3.17 2
0.42 3.47 4
0.14 3.05 0
0.41 3.42 1
0.32 3.25 1
0.35 3.45 1
0.39 3.38 1
0.48 3.19 1
0.36 3.1 2
0.39 3.2 1
0.34 3.47 1
0.36 3.19 1
0.34 3.42 1
0.2 3.37 0
0.43 3.19 0
0.23 3.24 0
0.32 3.13 1
0.39 3.21 0
0.39 3.21 0
0.39 3.11 1
0.39 3.1 1
0.26 3.13 1
0.27 3.22 1
0.26 3.24 1
0.31 3.16 2
0.26 3.27 3
0.25 3.25 0
0.26 3.13 1
0.35 3.36 0
0.31 3.35 1
0.29 3.34 2
0.33 3.32 2
0.35 3.31 1
0.59 3.05 1
0.35 3.13 1
0.34 3.09 1
0.26 3.3 1
0.15 3.11 1
0.36 3.36 1
0.24 3.03 1
0.26 3.3 1
0.07 3.02 0
0.15 3.11 1
0.27 3.15 1
0.03 3.22 0
0.24 3.22 2
0.13 3.14 0
0.31 3.33 4
0.29 3.13 0
0.43 3.1 1
0.23 3.32 0
0.28 3.69 0
0.46 2.95 1
0.31 3.33 4
0.29 3.13 0
0.36 3.26 2
0.34 3.31 2
0.3 2.94 0
0.28 3.27 0
0.31 3.39 1
0.34 3.21 1
0.2 3.17 0
0.3 3.33 1
0.61 3.11 0
0.62 3.12 1
0.63 3.09 1
0.31 3.22 1
0.61 3.11 0
0.62 3.12 1
0.63 3.09 1
0.43 3.12 0
0.33 3.26 2
0.33 3.25 2
0.32 3.21 2
0.29 3.04 1
0.66 3.14 1
0.36 2.95 2
0.46 2.89 3
0.66 3.14 1
0.37 3.0 0
0.32 3.4 0
0.24 3.34 0
0.4 2.99 0
0.37 3.0 0
0.32 3.2 1
0.32 3.4 0
0.35 3.16 1
0.35 3.16 1
0.28 3.27 0
0.54 2.89 1
0.46 3.04 0
0.5 3.01 0
0.34 3.22 0
0.34 3.22 0
0.0 3.63 3
0.24 3.31 1
0.4 3.19 1
0.5 3.01 0
0.48 3.04 0
0.04 3.22 0
0.32 3.01 0
0.31 3.29 0
0.28 3.29 1
0.47 3.21 1
0.36 3.27 1
0.23 3.14 0
0.32 3.45 2
0.56 3.3 2
0.56 3.31 1
0.25 3.39 0
0.32 3.45 2
0.4 3.23 0
0.27 3.24 0
0.22 3.19 0
0.31 3.26 0
0.4 3.12 1
0.67 3.16 0
0.36 3.15 2
0.39 3.23 1
0.34 3.3 0
0.67 3.16 0
0.4 3.21 1
0.41 3.18 1
0.4 3.12 1
0.37 3.0 1
0.27 3.28 1
0.14 3.38 3
0.33 3.38 2
0.3 2.99 1
0.38 3.12 2
0.46 3.14 1
0.3 2.99 1
0.41 3.14 0
0.4 3.06 1
0.42 2.89 1
0.42 2.89 1
0.24 3.29 2
0.04 3.36 4
0.04 3.36 4
0.24 3.29 2
0.56 2.98 0
0.3 3.28 0
0.42 2.89 1
0.35 3.15 0
0.36 3.16 0
0.46 3.14 1
0.18 3.08 2
0.31 3.08 0
0.48 2.87 0
0.46 3.12 1
0.45 3.13 1
0.37 3.03 3
0.43 3.35 2
0.31 3.09 0
0.4 3.11 1
0.47 3.03 3
0.3 3.28 0
0.07 3.11 3
0.32 3.19 1
0.31 3.19 1
0.15 3.09 0
0.4 2.93 0
0.4 3.18 1
0.56 3.02 0
0.56 3.02 0
0.41 3.12 1
0.23 3.15 0
0.35 3.26 4
0.28 3.09 3
0.28 3.09 1
0.4 2.93 0
0.36 3.02 1
0.34 3.36 0
0.44 3.02 0
0.45 3.02 1
0.44 3.01 0
0.24 3.13 0
0.24 3.1 0
0.24 3.13 0
0.26 3.15 0
0.24 3.1 0
0.32 3.2 0
0.34 3.33 1
0.35 3.28 3
0.5 3.15 0
0.32 3.21 0
0.88 2.99 3
0.29 3.32 0
0.31 3.22 1
0.25 3.31 0
0.38 3.32 2
0.32 3.21 0
0.29 3.44 1
0.25 3.3 2
0.24 3.31 0
0.36 3.03 0
0.24 3.31 0
0.24 3.31 0
0.36 3.04 0
0.36 3.03 0
0.21 3.0 1
0.25 3.3 2
0.3 3.42 1
0.22 3.39 1
0.41 3.32 0
0.32 3.5 1
0.32 3.17 1
0.32 3.5 1
0.41 3.32 0
0.08 3.37 3
0.4 3.34 1
0.39 3.31 1
0.38 3.09 1
0.38 3.09 1
0.38 3.09 1
0.38 3.09 1
0.32 3.27 1
0.59 3.34 2
0.21 3.48 1
0.23 3.2 0
0.26 3.13 0
0.37 3.15 2
0.34 3.3 1
0.56 3.14 0
0.36 3.37 1
0.27 3.16 2
0.27 3.25 2
0.26 3.25 2
0.14 3.38 0
0.28 3.72 3
0.21 3.02 5
0.56 3.14 0
0.44 3.53 5
0.39 3.21 1
0.39 3.32 4
0.3 3.27 2
0.3 3.27 2
0.39 3.32 1
0.38 3.28 3
0.35 3.32 1
0.4 2.93 0
0.4 3.17 0
0.4 3.08 1
0.35 3.1 1
0.4 2.93 0
0.26 3.25 1
0.07 3.34 0
0.07 3.34 1
0.07 3.34 1
0.26 3.25 1
0.07 3.33 0
0.26 3.29 0
0.3 3.24 0
0.54 3.05 0
0.41 3.14 1
0.41 3.14 1
0.4 2.89 0
0.34 3.05 3
0.49 3.26 2
0.36 3.19 4
0.58 3.3 4
0.37 3.08 3
0.3 3.19 0
0.24 3.12 0
0.25 3.08 0
0.33 3.22 1
0.39 2.98 2
0.39 2.98 2
0.39 2.98 2
0.39 2.98 2
0.31 3.52 1
0.42 2.96 0
0.22 3.44 2
0.38 3.23 5
0.27 3.37 1
0.7 3.09 0
0.46 3.19 2
0.44 3.17 1
0.5 3.15 1
0.0 3.27 1
0.35 3.13 1
0.0 3.27 1
0.21 3.32 1
0.24 3.2 1
0.24 3.2 1
0.24 3.2 0
0.24 3.2 1
0.27 3.2 2
0.26 3.21 1
0.27 3.4 2
0.14 3.53 4
0.41 3.36 1
0.21 3.29 1
0.21 3.29 0
0.6 3.09 1
0.34 3.21 1
0.35 3.19 0
0.47 3.52 2
0.25 3.54 1
0.24 3.61 2
0.35 3.19 0
0.34 3.21 1
0.44 3.16 1
0.51 3.02 0
0.31 3.18 0
0.41 2.96 1
0.23 3.19 1
0.35 3.23 1
0.41 3.17 0
0.35 3.36 4
0.34 3.2 0
0.3 3.28 1
0.34 3.11 0
0.26 3.25 0
0.3 3.28 1
0.33 3.32 1
0.27 3.28 1
0.4 3.45 0
0.35 3.43 2
0.43 3.19 2
0.36 3.2 1
0.42 3.18 1
0.47 3.29 0
0.47 3.29 1
0.33 3.28 1
0.1 3.36 2
0.41 3.2 1
0.46 3.15 1
0.45 3.15 0
0.36 3.27 2
0.4 3.03 2
0.3 3.14 1
0.4 3.03 2
0.42 3.25 1
0.37 2.89 1
0.37 2.89 1
0.33 3.15 1
0.39 3.0 1
0.34 3.2 1
0.32 3.28 1
0.14 3.15 0
0.3 3.4 1
0.37 2.89 1
0.4 3.49 2
0.32 3.4 2
0.27 3.49 1
0.21 3.12 1
0.48 3.17 1
0.35 3.17 0
0.21 3.12 1
0.48 3.17 1
0.19 3.34 0
0.27 3.1 1
0.22 3.51 2
0.22 3.51 2
0.28 3.32 2
0.44 3.15 2
0.5 3.22 1
0.28 3.32 2
0.44 3.15 2
0.26 3.1 1
0.28 3.12 1
0.27 3.1 1
0.39 3.38 2
0.22 3.51 2
0.56 3.48 2
0.35 3.12 0
0.32 3.39 1
0.38 3.18 2
0.38 3.18 2
0.32 3.1 0
0.15 3.36 1
0.43 3.08 1
0.51 3.19 0
0.12 3.18 0
0.42 3.09 0
0.4 3.46 1
0.27 3.35 0
0.42 3.3 1
0.4 3.46 1
0.51 3.19 0
0.07 3.23 0
0.31 3.07 0
0.31 3.24 1
0.12 3.18 0
0.34 3.39 2
0.24 3.17 0
0.39 3.26 1
0.42 3.09 0
0.39 2.97 1
0.36 3.3 1
0.39 3.16 0
0.39 3.16 0
0.39 2.97 1
0.36 3.3 1
0.27 3.19 1
0.22 3.1 0
0.27 3.19 1
0.28 3.31 1
0.31 3.16 2
0.28 3.25 1
0.28 3.25 1
0.28 3.25 1
0.38 3.34 2
0.28 3.25 1
0.28 3.25 1
0.5 3.09 0
0.27 3.06 0
0.47 3.1 0
0.5 3.09 0
0.1 3.21 0
0.34 3.18 2
0.09 3.07 3
0.36 3.35 4
0.37 3.38 2
0.32 3.27 0
0.32 3.35 4
0.34 3.18 2
0.04 3.26 0
0.37 3.29 2
0.2 3.3 1
0.28 3.43 4
0.44 3.26 1
0.36 3.2 1
0.32 3.24 5
0.27 3.53 0
0.24 3.44 1
0.24 3.44 1
0.29 3.48 2
0.2 3.03 0
0.25 3.24 0
0.14 3.46 2
0.27 3.41 2
0.29 3.48 2
0.24 3.44 1
0.31 3.3 2
0.27 2.95 0
0.32 3.29 1
0.35 3.37 0
0.27 2.95 0
0.29 3.22 0
0.19 3.35 0
0.21 3.17 1
0.62 3.16 0
0.58 2.95 0
0.32 3.22 1
0.21 3.17 1
0.62 3.16 0
0.53 3.09 0
0.7 3.0 1
0.34 3.14 0
0.29 3.25 1
0.31 3.36 2
0.22 3.24 1
0.51 3.03 0
0.36 2.99 2
0.28 3.11 1
0.13 2.97 1
0.33 3.32 1
0.34 3.22 0
0.41 3.33 1
0.24 3.34 0
0.34 3.22 0
0.3 3.29 0
0.38 3.47 1
0.37 3.46 1
0.28 3.1 1
0.29 3.34 1
0.31 3.13 1
0.36 3.09 1
0.39 3.25 2
0.26 3.18 1
0.28 3.2 1
0.38 3.37 1
0.13 3.33 1
0.62 3.08 3
0.32 3.29 1
0.34 3.27 0
0.62 3.08 3
0.54 3.08 1
0.58 3.12 1
0.3 3.2 1
0.29 3.19 0
0.31 3.06 1
0.31 3.06 1
0.26 3.01 0
0.27 3.64 2
0.28 3.44 1
0.27 3.64 2
0.12 3.21 1
0.35 3.11 1
0.36 3.16 1
0.33 3.21 1
0.32 3.17 2
0.26 3.37 1
0.37 3.08 0
0.42 3.0 1
0.28 3.43 1
0.34 3.19 0
0.26 3.05 0
0.26 3.05 0
0.4 3.03 1
0.32 3.03 1
0.37 3.37 0
0.39 3.09 1
0.46 3.04 3
0.22 3.36 1
0.02 3.44 1
0.47 3.56 1
0.35 3.43 1
0.48 3.06 0
0.36 3.01 1
0.36 3.01 1
0.36 3.01 1
0.51 3.09 0
0.51 3.09 0
0.36 3.01 1
0.3 3.31 0
0.24 3.37 1
0.31 3.46 3
0.65 3.16 0
0.35 3.34 1
0.41 3.22 1
0.17 3.21 1
0.22 3.49 1
0.24 3.49 1
0.42 3.3 1
0.31 3.49 2
0.65 3.16 0
0.51 3.07 2
0.34 2.93 2
0.34 3.0 2
0.51 3.07 2
0.34 3.0 2
0.34 2.93 2
0.71 2.98 0
0.24 3.32 1
0.24 3.25 0
0.44 3.01 1
0.42 3.12 2
0.1 3.24 0
0.27 3.09 1
0.22 3.08 2
0.3 3.2 0
0.38 3.12 1
0.34 3.13 1
0.5 3.08 0
0.51 3.08 1
0.27 3.19 1
0.66 3.05 0
0.29 3.32 2
0.54 3.04 0
0.34 3.16 2
0.33 3.17 2
0.3 3.13 1
0.29 3.13 1
0.33 3.15 2
0.29 3.32 2
0.26 3.38 2
0.66 3.05 0
0.22 3.35 0
0.22 3.13 1
0.22 2.86 1
0.3 3.42 2
0.22 2.86 1
0.3 3.13 1
0.25 3.47 2
0.27 3.42 2
0.33 3.19 1
0.5 2.94 0
0.37 3.32 1
0.33 3.2 0
0.07 2.97 0
0.06 2.97 0
0.38 3.45 2
0.33 3.2 0
0.37 3.17 1
0.29 3.35 4
0.4 3.08 2
0.35 3.11 1
0.4 2.88 1
0.07 2.97 0
0.06 2.97 0
0.49 2.99 1
0.49 2.99 1
0.29 3.43 0
0.29 3.43 0
0.25 3.34 0
0.35 3.48 1
0.28 3.25 4
0.4 3.09 1
0.68 2.99 0
0.68 3.0 0
0.68 3.0 0
0.68 2.99 0
0.33 3.21 2
0.27 3.23 1
0.27 3.23 1
0.3 3.12 1
0.41 3.18 0
0.43 2.85 0
0.12 3.36 1
0.34 3.23 0
0.06 3.26 0
0.29 3.33 4
0.12 3.32 3
0.24 3.23 1
0.24 3.23 1
0.33 3.18 1
0.42 3.22 0
0.42 3.22 0
0.33 3.26 1
0.2 3.33 0
0.28 3.43 1
0.25 3.49 1
0.28 3.41 2
0.25 3.1 0
0.14 3.3 0
0.14 3.3 0
0.29 3.34 2
0.25 3.25 3
0.33 3.36 1
0.28 3.31 0
0.29 3.31 0
0.25 3.24 0
0.72 3.09 3
0.34 3.16 1
0.12 3.16 0
0.34 3.07 2
0.34 3.07 2
0.34 3.07 2
0.34 3.07 2
0.26 3.34 1
0.37 3.33 2
0.35 3.11 1
0.35 3.04 1
0.21 3.25 0
0.25 3.24 0
0.16 3.15 3
0.26 3.15 0
0.34 3.37 2
0.1 3.4 3
0.26 3.15 0
0.38 3.35 1
0.22 3.28 0
0.37 3.35 1
0.38 3.35 1
0.25 3.35 1
0.5 3.18 0
0.26 3.14 1
0.36 3.29 1
0.34 3.38 4
0.3 3.36 1
0.5 3.08 0
0.25 3.19 1
0.25 3.23 1
0.38 3.42 2
0.38 3.42 2
0.38 3.42 2
0.14 3.17 0
0.69 3.06 0
0.25 3.24 1
0.32 3.12 0
0.31 3.03 0
0.26 3.25 0
0.35 3.3 2
0.3 3.08 3
0.3 3.14 1
0.37 3.26 2
0.34 3.31 3
0.16 3.17 1
0.16 3.17 0
0.14 3.17 0
0.58 3.16 1
0.28 3.23 0
0.34 3.23 1
0.51 3.06 0
0.51 3.06 0
0.48 3.06 0
0.7 3.06 0
0.22 3.41 2
0.18 3.22 3
0.28 3.12 1
0.26 3.42 1
0.46 2.89 0
0.21 3.15 0
0.45 3.13 1
0.44 3.11 1
0.21 3.14 0
0.24 3.35 0
0.43 3.1 1
0.43 3.1 1
0.39 3.32 0
0.26 3.41 1
0.27 3.49 2
0.31 3.06 1
0.41 2.96 0
0.27 3.49 2
0.5 3.45 2
0.44 3.02 0
0.44 3.5 0
0.34 3.37 1
0.31 3.26 4
0.4 3.14 2
0.21 3.15 0
0.31 3.37 2
0.34 2.99 0
0.31 3.35 0
0.27 3.12 0
0.33 3.35 1
0.48 3.25 1
0.45 3.01 2
0.3 3.02 1
0.25 3.28 0
0.3 3.14 1
0.3 3.02 1
0.25 3.28 0
0.31 3.17 2
0.3 3.14 1
0.4 3.31 5
0.3 3.44 1
0.37 3.28 1
0.25 3.33 0
0.27 3.17 0
1.66 3.26 1
0.34 3.22 1
0.4 3.04 1
0.38 3.3 1
0.42 3.04 1
0.4 3.04 1
0.5 3.15 1
0.42 3.16 1
0.34 3.22 1
0.47 3.09 0
0.44 3.25 2
0.28 3.42 0
0.37 3.4 1
0.4 3.3 2
0.4 3.3 2
0.38 3.3 1
0.38 3.3 1
0.49 3.0 0
0.04 3.37 1
0.28 3.22 1
0.42 2.94 1
0.63 3.08 0
0.36 3.21 1
0.34 3.42 2
0.34 3.42 2
0.31 3.41 2
0.57 3.12 2
0.6 3.12 2
0.3 3.4 0
0.45 3.2 6
0.48 3.24 1
0.45 3.02 1
0.19 3.12 0
0.37 3.37 2
0.44 3.28 4
0.0 3.37 3
0.22 3.08 1
0.37 3.37 2
0.44 3.28 4
0.19 3.12 0
0.27 3.27 1
0.28 3.27 1
0.28 3.27 1
0.16 3.46 2
0.27 3.27 1
0.28 3.27 1
0.3 3.39 2
0.08 3.1 0
0.3 3.39 2
0.27 3.03 0
0.26 3.09 0
0.23 3.02 1
0.33 3.28 1
0.24 3.42 1
0.31 3.34 4
0.58 3.06 1
0.49 3.19 0
0.35 3.07 0
0.31 3.41 2
0.34 3.22 1
0.58 3.06 1
0.26 3.17 0
0.26 3.16 1
0.17 3.15 1
0.26 3.17 1
0.49 3.19 0
0.05 3.21 1
0.28 3.42 2
0.32 3.38 1
0.24 3.03 1
0.17 3.01 0
0.42 3.16 0
0.22 3.2 0
0.17 3.01 0
0.22 3.2 0
0.29 3.41 6
0.2 2.96 1
0.21 3.3 0
0.23 3.34 1
0.42 3.16 0
0.37 3.26 1
0.38 3.33 1
0.36 3.28 6
0.36 3.16 2
0.36 3.16 2
0.31 3.72 1
0.4 3.05 3
0.34 3.36 4
0.34 3.18 1
0.31 3.72 1
0.34 3.14 4
0.36 3.25 4
0.36 3.25 4
0.36 3.25 4
0.35 3.16 2
0.35 3.16 2
0.32 3.12 2
0.32 3.12 2
0.35 3.21 2
0.29 3.3 4
0.29 3.3 4
0.37 3.02 0
0.27 3.08 0
0.32 3.12 2
0.24 3.31 1
0.35 3.21 2
0.49 3.1 0
0.36 3.27 2
0.58 3.06 0
0.36 3.27 2
0.35 3.49 2
0.49 3.1 0
0.48 3.1 0
0.39 3.17 2
0.3 3.18 0
0.35 3.22 4
0.42 3.29 2
0.0 3.36 1
0.33 3.24 1
0.0 3.35 0
0.33 3.12 1
0.36 3.27 2
0.46 3.24 4
0.42 3.28 2
0.29 3.19 1
0.65 3.04 0
0.58 3.06 0
0.21 3.06 1
0.47 2.89 5
0.29 3.35 0
0.32 3.2 2
0.34 3.28 6
0.34 3.19 1
0.54 3.23 1
0.36 3.41 4
0.32 3.2 2
0.44 3.19 1
0.43 3.13 1
0.43 3.13 1
0.29 3.35 1
0.27 3.4 2
0.31 3.19 1
0.32 3.37 2
0.31 3.19 1
0.32 3.37 2
0.0 3.3 1
0.18 3.42 2
0.3 3.58 0
0.29 3.12 2
0.18 3.42 2
0.39 3.23 1
0.28 3.22 1
0.26 3.08 1
0.29 3.05 1
0.28 3.22 1
0.38 3.32 2
0.29 3.25 1
0.35 3.08 0
0.3 3.2 1
0.28 3.02 4
0.42 3.06 3
0.45 3.08 3
0.39 3.28 4
0.37 3.32 3
0.31 3.08 0
0.2 3.15 0
0.19 3.15 0
0.19 3.15 0
0.05 3.36 0
0.26 3.24 3
0.05 3.36 0
0.39 3.36 2
0.32 2.93 1
0.34 3.06 1
0.4 2.94 2
0.32 3.55 2
0.62 3.13 1
0.62 3.13 1
0.27 3.17 1
0.41 3.45 4
0.23 3.28 0
0.1 3.36 0
0.33 3.02 2
0.35 3.58 0
0.58 3.15 0
0.52 3.14 2
0.43 3.08 0
0.28 3.18 1
0.33 3.26 0
0.43 3.08 0
0.44 3.12 0
0.32 3.08 0
0.58 3.15 0
0.29 3.36 1
0.29 3.06 2
0.28 3.14 0
0.46 3.25 1
0.19 3.54 2
0.36 3.14 2
0.33 3.28 2
0.29 3.52 2
1.0 2.96 0
0.35 2.96 0
0.25 3.36 3
0.39 3.18 0
0.26 3.08 0
0.34 3.08 1
0.33 3.23 1
0.37 2.99 0
0.34 3.08 1
0.26 3.08 0
0.26 3.07 0
0.32 3.39 2
0.32 3.39 2
0.34 3.03 1
0.34 3.03 1
0.36 3.13 2
0.34 3.03 1
0.25 3.37 1
0.21 3.28 1
0.43 3.15 0
0.28 3.13 1
0.35 3.24 1
0.33 3.34 2
0.09 3.33 2
0.01 3.38 2
0.19 3.32 2
0.35 3.24 1
0.33 3.34 2
0.38 3.32 1
0.25 3.12 0
0.3 3.51 1
0.33 3.25 0
0.33 3.39 2
0.71 3.12 0
0.71 3.12 1
0.33 3.39 2
0.21 3.5 1
0.34 3.41 1
0.33 3.44 0
0.21 3.42 1
0.3 3.12 1
0.3 3.12 1
0.33 3.44 0
0.39 3.06 2
0.38 2.95 1
0.44 3.14 3
0.27 3.19 0
0.18 3.38 3
0.36 3.25 1
0.34 3.05 1
0.34 3.29 0
0.27 3.31 1
0.3 3.05 1
0.6 3.05 2
0.36 3.15 2
0.41 3.09 0
0.43 3.09 1
0.39 3.31 2
0.26 3.34 1
0.28 3.42 1
0.26 3.34 1
0.06 3.32 0
0.37 3.37 2
0.39 3.08 1
0.44 3.11 1
0.41 3.24 2
0.48 3.15 1
0.47 3.19 0
0.27 3.66 0
0.22 3.03 0
0.47 2.98 0
0.44 3.11 1
0.42 2.95 1
0.26 3.21 1
0.42 3.11 2
0.42 3.11 2
0.32 3.25 4
0.38 3.13 1
0.74 3.51 1
0.46 3.38 1
0.44 3.32 1
0.17 3.09 3
0.35 3.41 2
0.44 3.19 3
0.41 3.48 1
0.29 3.35 1
0.36 3.49 1
0.36 3.49 1
0.46 2.87 5
0.38 3.16 1
0.37 3.54 0
0.24 3.21 0
0.34 3.37 2
0.34 3.05 0
0.3 3.22 3
0.3 3.01 0
0.32 3.24 3
0.48 2.95 0
0.37 3.16 2
0.4 3.14 0
0.1 3.29 0
0.52 3.07 0
0.38 3.03 0
0.36 3.31 1
0.34 3.1 0
0.81 3.03 1
0.42 2.99 0
0.55 3.12 3
0.52 3.07 0
0.41 2.96 0
0.34 3.51 1
0.24 3.41 0
0.34 3.51 1
0.2 3.3 3
0.36 3.09 2
0.28 3.34 0
0.26 3.31 0
0.26 3.3 0
0.37 3.37 1
0.38 3.22 0
0.51 3.08 1
0.34 3.1 2
0.44 2.96 2
0.36 3.35 1
0.32 3.0 2
0.38 3.22 0
0.33 2.96 2
0.3 2.97 0
0.45 3.17 1
0.19 3.22 2
0.33 3.37 1
0.44 3.18 0
0.34 3.49 0
0.29 3.29 1
0.33 3.43 2
0.25 3.28 1
0.25 3.28 1
0.37 3.03 1
0.21 3.36 2
0.69 3.06 0
0.45 3.55 4
0.32 3.17 4
0.37 3.03 1
0.33 3.19 2
0.58 3.01 1
0.35 3.05 1
0.4 3.42 1
0.31 3.1 2
0.31 3.09 0
0.33 3.59 4
0.26 3.32 1
0.21 3.36 2
0.25 3.31 1
0.21 3.39 2
0.25 3.28 1
0.42 3.27 1
0.4 3.44 0
0.39 3.12 0
0.69 3.06 0
0.45 3.51 2
0.45 3.55 4
0.15 3.3 2
0.27 3.21 2
0.4 3.04 3
0.15 3.3 2
0.37 3.06 1
0.34 3.52 1
0.4 3.28 0
0.17 3.26 3
0.38 3.13 4
0.13 3.29 0
0.34 3.31 0
0.13 3.29 0
0.16 3.28 0
0.32 3.54 1
0.3 3.17 1
0.39 3.35 2
0.45 2.93 0
0.4 2.96 0
0.45 3.2 1
0.29 3.12 2
0.29 3.23 2
0.27 3.27 0
0.29 3.06 2
0.28 3.19 1
0.34 3.2 1
0.31 3.17 0
0.42 2.99 0
0.34 3.25 0
0.34 3.44 1
0.42 3.4 4
0.37 3.42 4
0.46 3.14 0
0.49 2.99 0
0.33 3.14 1
0.49 3.17 0
0.46 3.14 0
0.3 3.25 0
0.32 3.26 0
0.18 3.14 0
0.32 3.03 0
0.32 3.17 0
0.37 3.2 1
0.23 3.14 0
0.17 3.13 0
0.18 3.14 0
0.0 3.31 3
0.07 3.5 1
0.3 3.47 3
0.36 3.42 3
0.29 3.16 1
0.29 3.16 1
0.27 3.27 1
0.29 3.16 1
0.34 3.29 1
0.29 3.16 1
0.41 3.15 2
0.27 3.27 1
0.49 3.07 1
0.32 3.52 0
0.27 3.23 0
0.43 3.22 1
0.38 3.21 0
0.34 3.29 1
0.43 3.38 1
0.45 3.14 0
0.44 3.01 1
0.33 3.42 0
0.26 3.41 1
0.41 3.0 0
0.35 3.36 2
0.29 3.46 1
0.4 2.97 0
0.25 3.23 0
0.45 3.14 0
0.45 3.12 1
0.33 3.42 0
0.3 3.21 1
0.32 3.18 2
0.64 3.12 0
0.37 3.09 0
0.38 3.25 4
0.3 3.13 1
0.47 3.1 0
0.44 3.01 1
0.26 3.16 2
0.32 2.96 1
0.4 3.36 2
0.22 3.33 1
0.45 3.03 1
0.26 3.16 2
0.4 3.36 2
0.32 2.96 1
0.37 3.0 2
0.37 3.3 1
0.37 3.3 2
0.38 3.1 0
0.16 3.48 1
0.16 3.48 1
0.32 3.19 0
0.46 2.94 1
0.38 3.1 0
0.4 3.42 1
0.46 3.23 1
0.41 2.96 1
0.39 3.29 0
0.36 3.23 1
0.16 3.48 1
0.45 2.74 1
0.42 3.17 0
0.36 3.04 4
0.38 2.94 0
0.44 3.02 4
0.36 3.04 4
0.33 3.33 1
0.32 3.51 2
0.39 3.16 1
0.42 3.17 0
0.39 3.26 2
0.37 3.14 1
0.39 3.26 2
0.38 3.1 0
0.53 3.23 1
0.42 3.2 5
0.3 3.06 1
0.37 3.17 2
0.37 3.16 2
0.3 3.38 1
0.31 3.42 1
0.31 3.03 0
0.37 3.14 1
0.39 3.17 0
0.37 3.07 2
0.48 3.19 0
0.28 3.45 1
0.42 3.4 2
0.42 2.98 2
0.37 3.07 2
0.22 3.29 0
0.72 2.92 3
0.4 3.18 2
0.34 3.25 1
0.31 3.32 2
0.44 3.15 0
0.23 3.82 2
0.33 3.13 0
0.32 3.12 1
0.41 3.29 2
0.73 3.08 0
0.34 3.81 1
0.65 3.33 1
0.27 3.28 1
0.16 3.08 1
0.38 3.06 1
0.3 3.06 1
0.68 3.32 1
0.65 3.33 1
0.46 2.92 1
0.35 3.46 0
0.34 3.46 2
0.34 2.99 4
0.42 3.21 2
0.29 3.04 0
0.56 3.07 1
0.42 3.21 2
0.47 3.21 0
0.31 3.2 0
0.47 3.21 0
0.56 3.07 1
0.27 3.22 1
0.42 3.21 2
0.29 3.04 0
0.36 3.33 1
0.3 3.29 1
0.41 3.02 1
0.34 2.99 2
0.74 3.02 0
0.36 3.07 4
0.34 2.99 2
0.41 3.02 1
0.29 3.06 2
0.4 3.02 2
0.33 3.15 2
0.3 3.38 1
0.33 3.14 1
0.32 3.04 1
0.3 3.5 1
0.22 3.0 3
0.22 3.0 3
0.32 3.04 1
0.33 3.32 1
0.38 3.19 2
0.39 3.3 1
0.28 2.96 0
0.38 2.93 1
0.4 3.22 0
0.42 3.3 1
0.36 3.05 1
0.71 2.95 0
0.45 3.33 2
0.4 3.13 4
0.59 2.98 0
0.68 3.02 1
0.55 3.02 1
0.08 3.46 1
0.22 3.23 1
0.54 2.94 0
0.42 3.08 0
0.4 3.15 1
0.36 3.1 1
0.26 3.04 1
0.34 3.32 0
0.31 3.54 1
0.53 3.03 0
0.42 3.04 1
0.37 3.23 1
0.3 3.54 1
0.26 3.44 0
0.35 3.25 1
0.48 3.2 2
0.72 3.12 1
0.33 3.12 1
0.33 3.37 1
0.43 2.85 0
0.41 2.85 0
0.32 3.4 1
0.64 3.15 2
0.39 3.09 4
0.5 3.21 1
0.24 3.65 1
0.36 3.26 4
0.3 3.29 0
0.3 3.29 0
0.27 2.99 1
0.32 3.27 1
0.23 3.04 0
0.27 2.99 1
0.31 3.51 1
0.37 3.26 4
0.37 3.39 4
0.39 3.21 2
0.4 3.15 2
0.36 3.26 4
0.39 2.96 3
0.39 3.29 2
0.33 3.28 2
0.24 3.65 1
0.3 3.29 0
0.3 3.43 0
0.41 2.92 0
0.41 3.32 1
0.4 3.15 1
0.32 3.28 4
0.32 3.36 2
0.26 3.52 1
0.28 3.59 2
0.33 3.19 2
0.16 3.22 3
0.41 2.92 0
0.28 3.33 2
0.41 3.25 1
0.24 3.15 0
0.41 3.32 1
0.47 2.9 0
0.39 3.25 1
0.41 3.1 2
0.56 2.87 1
0.56 2.87 1
0.34 3.14 2
0.32 3.28 2
0.41 3.15 1
0.41 3.16 1
0.3 3.35 2
0.2 3.1 1
0.32 3.38 2
0.3 3.54 2
0.16 3.12 1
0.56 3.24 1
0.4 3.23 1
0.29 3.77 0
0.13 3.42 2
0.33 3.28 1
0.29 3.2 2
0.4 3.06 1
0.26 3.49 1
0.47 3.26 1
0.33 3.28 1
0.3 3.31 1
0.13 3.42 2
0.33 3.09 2
0.29 3.2 2
0.36 3.04 2
0.36 3.04 2
0.34 3.19 1
0.36 3.04 2
0.48 3.17 1
0.29 3.3 4
0.31 3.34 4
0.48 2.9 0
0.24 3.15 3
0.36 3.01 4
0.28 2.91 1
0.36 3.04 2
0.34 3.14 1
0.32 3.31 1
0.34 3.19 1
0.33 3.25 4
0.49 3.14 1
0.3 3.29 1
0.02 3.36 0
0.26 3.36 1
0.35 3.04 5
0.74 3.13 0
0.74 3.07 2
0.49 3.1 3
0.49 3.27 1
0.24 3.32 0
0.74 3.06 3
0.49 3.14 1
0.49 3.25 1
0.49 3.05 1
0.49 3.13 0
0.49 3.0 2
0.49 3.3 0
0.24 3.0 3
0.49 3.3 0
0.49 3.1 2
0.49 3.07 1
0.49 3.13 0
0.24 3.17 0
0.74 2.99 0
0.49 3.0 2
0.49 3.23 0
0.49 3.16 0
0.74 3.03 0
0.24 3.16 0
0.49 3.08 0
0.49 3.24 1
0.49 3.14 1
0.74 3.25 1
0.49 3.38 1
0.49 3.23 1
0.49 3.23 1
0.49 3.2 1
0.49 3.14 1
0.49 3.01 0
0.49 3.14 1
0.49 3.14 2
0.49 2.99 0
0.74 3.0 0
0.49 3.38 1
0.74 3.25 1
0.74 3.31 1
0.49 3.24 1
0.74 3.28 1
0.49 3.56 1
0.49 3.23 1
0.49 3.06 1
0.49 3.16 4
0.74 3.46 0
0.49 3.2 1
0.49 3.13 2
0.24 3.19 0
0.49 3.01 0
0.49 3.14 2
0.49 3.14 1
0.49 3.15 0
0.49 3.21 1
0.24 2.99 3
0.49 3.46 1
0.49 3.22 0
0.24 3.05 1
0.24 2.99 1
0.49 3.32 1
0.49 3.46 1
0.24 3.37 1
0.49 3.62 1
0.24 2.99 3
0.24 3.14 5
0.49 2.98 1
0.49 3.3 1
0.74 3.51 1
0.74 3.18 1
0.74 2.99 0
0.49 3.55 1
0.49 3.06 0
0.49 3.14 0
0.49 3.13 4
0.49 3.14 4
0.49 3.13 2
0.24 3.41 0
0.49 3.13 2
0.49 3.16 1
0.24 3.22 1
0.49 2.99 2
0.49 3.05 0
0.24 3.13 0
0.24 3.27 2
0.74 3.26 4
0.49 3.04 2
0.49 3.1 1
0.74 3.22 1
0.49 3.55 1
0.49 3.16 0
0.49 3.23 0
0.74 3.02 1
0.49 2.99 2
0.49 3.01 1
0.49 2.99 2
0.49 3.14 1
0.49 3.02 1
0.49 3.02 1
0.49 3.04 1
0.49 3.05 0
0.49 3.05 1
0.24 3.13 0
0.49 3.25 0
0.49 3.34 1
0.49 3.28 1
0.74 3.04 0
0.49 3.15 1
0.49 3.04 1
0.49 3.15 1
0.49 3.28 1
0.74 3.04 0
0.49 3.1 2
0.49 3.14 2
0.49 3.24 1
0.74 3.38 1
0.49 3.03 1
0.49 2.91 0
0.49 3.13 1
0.49 3.21 1
0.49 3.24 1
0.74 3.38 1
0.24 3.16 3
0.49 3.23 1
0.49 3.2 1
0.49 2.91 0
0.49 3.18 1
0.49 3.13 1
0.49 3.12 1
0.24 3.34 1
0.49 3.03 1
0.49 3.18 1
0.99 3.09 1
0.49 3.32 2
0.49 3.43 2
0.49 3.29 2
0.49 3.45 2
0.49 3.08 1
0.49 3.18 1
0.49 3.27 3
0.49 2.96 3
0.74 3.29 1
0.49 3.15 0
0.49 3.3 2
0.74 3.29 1
0.49 3.15 0
0.49 3.14 1
0.49 3.06 0
0.49 3.33 0
0.49 3.52 1
0.74 3.21 0
0.74 3.21 0
0.49 3.52 1
0.49 3.54 1
0.49 3.16 0
0.49 2.88 3
0.74 3.63 1
0.49 3.32 1
0.49 3.31 3
0.74 3.58 0
0.49 3.22 3
0.49 3.18 0
0.49 2.94 1
0.49 3.03 2
0.74 3.58 0
0.74 3.21 1
0.74 3.02 0
0.49 3.11 0
0.74 3.21 1
0.74 3.02 0
0.74 3.35 1
0.74 3.08 1
0.49 3.34 1
0.74 3.13 1
0.49 3.13 1
0.49 2.95 1
0.49 3.24 1
0.01 3.15 0
0.49 3.24 1
0.74 3.27 1
0.49 3.11 1
0.49 2.95 1
0.49 3.08 1
0.24 3.28 0
0.24 3.32 2
0.01 3.24 0
0.49 3.37 6
0.49 3.07 1
0.49 3.34 2
0.49 2.98 0
0.49 3.09 2
0.49 3.07 1
0.49 3.12 1
0.49 3.03 2
0.49 3.26 2
0.49 3.14 0
0.49 3.4 1
0.49 3.09 1
0.49 3.22 1
0.49 3.14 1
0.49 3.41 4
0.49 3.03 2
0.49 3.13 0
0.49 3.11 1
0.49 3.36 1
0.49 3.09 2
0.49 3.38 1
0.49 3.31 1
0.49 3.13 0
0.49 3.19 1
0.24 2.94 1
0.24 3.23 0
0.49 3.19 1
0.49 3.41 4
0.49 3.2 2
0.49 3.03 1
0.74 3.26 1
0.49 3.21 0
0.49 3.13 1
0.49 2.96 0
0.49 3.1 0
0.49 3.21 0
0.49 3.27 1
0.49 3.42 2
0.49 3.09 2
0.49 3.42 2
0.49 3.17 2
0.49 3.27 1
0.49 3.05 2
0.49 3.4 0
0.49 3.65 3
0.49 3.08 2
0.74 3.12 1
0.49 3.24 3
0.28 3.15 1
0.49 3.11 0
0.49 3.09 0
0.49 3.19 0
0.49 3.26 1
0.49 3.12 0
0.49 3.16 0
0.49 3.17 1
0.49 3.23 1
0.49 2.92 2
0.28 3.15 1
0.46 3.27 3
0.37 3.41 4
0.56 3.25 0
0.34 2.95 1
0.33 3.12 2
0.38 3.14 1
0.18 3.2 1
0.3 3.4 2
0.31 3.2 0
0.31 3.2 0
0.29 3.3 1
0.32 3.17 0
0.3 3.4 2
0.37 3.11 1
0.2 3.36 1
0.2 3.33 0
0.34 3.22 0
0.3 3.74 1
0.28 3.12 2
0.28 3.12 2
0.33 3.06 2
0.28 3.12 2
0.37 3.46 0
0.33 3.06 2
0.26 3.55 5
0.25 3.27 1
0.3 3.11 3
0.28 3.12 2
0.3 3.28 1
0.22 3.25 0
0.32 3.37 1
0.33 3.25 1
0.36 3.08 1
0.3 3.32 1
0.3 3.28 1
0.29 3.38 1
0.3 3.44 1
0.36 3.14 0
0.19 3.25 3
0.42 3.16 0
0.42 3.16 0
0.31 3.41 1
0.22 3.41 1
0.29 3.45 0
0.26 3.36 3
0.3 3.44 0
0.24 3.08 0
0.3 3.24 0
0.37 3.22 1
0.27 3.3 1
0.24 3.07 0
0.34 3.32 4
0.31 3.26 1
0.32 3.1 1
0.33 3.16 3
0.27 3.38 1
0.39 3.46 2
0.48 3.5 2
1.0 3.24 1
0.34 3.32 4
0.3 3.47 1
0.22 3.29 1
0.32 3.23 1
0.44 3.48 1
0.24 3.07 0
0.33 3.2 1
0.3 2.94 1
0.46 3.36 1
0.04 3.14 0
0.31 2.99 1
0.3 3.39 1
0.36 3.29 1
0.23 3.14 0
0.3 3.39 1
0.38 3.24 0
0.29 2.91 3
0.47 3.14 1
0.4 3.18 1
0.23 3.14 1
0.36 3.23 1
0.58 3.1 0
0.31 3.16 0
0.29 3.14 0
0.36 3.23 1
0.24 3.28 0
0.27 3.2 1
0.3 3.11 1
0.28 3.38 2
0.44 3.24 1
0.25 3.42 2
0.28 3.31 1
0.23 3.14 1
0.25 3.22 0
0.23 3.17 0
0.28 2.8 0
0.2 3.17 0
0.19 3.31 1
0.28 3.16 1
0.27 3.46 2
0.3 3.4 1
0.25 3.22 0
0.23 3.17 0
0.26 3.17 0
0.22 3.28 0
0.07 3.17 0
0.28 3.16 2
0.26 3.04 1
0.26 3.34 1
0.26 3.04 1
0.26 3.04 1
0.28 3.16 1
1.0 3.24 1
0.35 3.56 0
0.26 3.34 1
0.36 3.42 4
0.36 3.42 4
0.31 3.24 0
0.37 3.49 3
0.26 3.05 1
0.4 3.27 1
0.29 3.33 2
0.26 3.05 1
0.26 3.07 2
0.3 3.33 2
0.29 3.16 0
0.24 3.08 2
0.3 3.15 0
0.24 3.36 0
0.36 3.2 1
0.31 3.27 0
0.24 3.32 0
0.41 3.16 1
0.32 3.19 0
0.27 3.27 4
0.29 3.06 1
0.21 3.39 1
0.22 3.08 1
0.23 3.07 0
0.29 3.06 1
0.21 3.39 1
0.22 3.08 1
0.39 3.16 0
0.2 3.15 0
0.43 3.28 1
0.39 3.16 0
0.43 3.28 1
0.21 3.18 1
0.2 3.15 0
0.24 3.29 1
0.38 3.19 1
0.29 3.0 2
0.35 3.09 1
0.3 3.36 2
0.0 3.19 3
0.29 3.38 1
0.28 3.19 1
0.35 3.09 1
0.31 3.07 0
0.29 3.0 2
0.24 3.36 1
0.12 3.22 0
0.4 3.42 0
0.12 3.22 0
0.24 3.36 1
0.23 3.36 1
0.24 3.12 2
0.24 3.12 2
0.24 3.13 2
0.24 3.12 2
0.24 3.13 2
0.3 3.6 1
0.42 2.99 0
0.23 3.04 1
0.29 3.27 2
0.36 3.44 1
0.23 3.04 1
0.33 3.42 0
0.29 3.27 2
0.31 3.07 1
0.45 3.33 1
0.46 3.29 1
0.2 3.27 0
0.58 3.07 0
0.2 3.27 0
0.57 2.98 0
0.25 3.25 1
0.25 3.2 2
0.46 3.29 1
0.31 3.6 2
0.39 3.28 0
0.35 3.29 2
0.28 3.14 1
0.42 3.11 3
0.34 3.14 0
0.34 3.13 0
0.28 3.14 1
0.19 3.32 1
0.28 3.14 1
0.31 3.24 2
0.3 3.24 0
0.3 3.43 1
0.44 3.12 1
0.25 3.34 1
0.28 3.1 1
0.27 3.15 2
0.28 3.04 2
0.21 3.31 1
0.22 3.34 1
0.2 3.09 0
0.2 3.09 0
0.31 3.06 0
0.38 3.38 0
0.3 3.18 1
0.36 3.08 1
0.26 3.03 1
0.61 3.06 1
0.42 3.18 0
0.61 3.06 1
0.42 3.18 0
0.42 3.18 0
0.32 3.4 0
0.61 3.06 1
0.02 3.2 0
0.41 3.37 0
0.4 3.34 0
0.4 3.14 0
0.42 3.18 0
0.41 3.18 0
0.31 3.3 0
0.31 3.3 0
0.44 3.14 0
0.33 2.93 1
0.67 2.9 1
0.67 2.9 1
0.41 3.29 1
0.31 3.29 2
0.27 2.72 1
0.3 2.96 0
0.35 2.93 1
0.27 3.01 0
0.33 2.93 1
0.67 2.9 1
0.35 3.16 0
0.3 3.12 2
0.36 2.93 2
0.34 3.21 0
0.36 3.08 0
0.26 3.04 1
0.27 2.96 1
0.3 3.09 1
0.3 3.0 1
0.36 2.93 2
0.36 3.08 0
0.26 3.04 1
0.29 3.17 1
0.5 3.24 1
0.33 3.03 2
0.34 3.21 0
0.19 3.29 0
0.27 2.97 0
0.36 3.15 3
0.58 3.16 1
0.57 3.16 1
0.28 3.05 0
0.32 3.23 1
0.33 3.08 0
0.34 3.04 1
0.22 3.24 5
0.23 2.89 1
0.65 3.0 0
0.36 3.23 1
0.33 3.08 0
0.34 3.04 1
0.27 3.23 2
0.35 3.33 0
0.32 3.14 0
0.57 2.93 0
0.32 3.14 0
0.57 2.93 0
0.44 3.18 0
0.42 3.02 0
0.3 2.99 1
0.32 3.6 1
0.42 3.02 0
0.31 3.34 2
0.44 3.04 0
0.13 2.96 0
0.46 3.02 3
0.36 3.01 2
0.38 3.37 1
0.13 2.96 0
0.28 2.89 0
0.33 3.37 0
0.32 3.29 1
0.55 2.96 1
0.31 2.79 0
0.31 2.79 0
0.47 2.9 0
0.48 3.17 0
0.55 2.96 1
0.42 3.19 0
0.28 3.03 1
0.3 3.12 1
0.35 3.09 2
0.31 3.43 1
0.3 3.53 2
0.43 3.23 1
0.3 3.53 2
0.26 3.15 0
0.26 3.17 0
0.26 3.17 0
0.35 3.24 1
0.37 3.57 0
0.27 3.25 1
0.26 3.19 1
0.5 3.09 1
0.3 3.14 4
0.3 3.14 4
0.3 3.14 4
0.3 3.14 4
0.3 3.14 4
0.58 3.2 1
0.41 3.2 1
0.28 3.12 0
0.32 3.11 1
0.3 3.08 2
0.27 3.24 3
0.3 3.14 4
0.28 3.5 0
0.22 3.13 1
0.33 3.34 1
0.38 3.34 1
0.33 3.34 1
0.38 3.34 1
0.38 3.34 1
0.31 3.13 1
0.09 3.19 0
0.08 3.18 0
0.35 3.36 1
0.22 3.13 1
0.31 3.42 1
0.33 3.34 1
0.38 3.34 1
0.31 3.34 1
0.39 3.52 0
0.33 3.18 2
0.56 3.23 1
0.39 3.52 0
0.46 3.37 0
0.22 3.22 1
0.3 2.94 0
0.39 3.11 1
0.33 3.3 2
0.3 2.94 0
0.34 3.25 2
0.22 3.22 1
0.34 3.19 1
0.28 3.23 1
0.39 3.11 1
0.28 3.23 1
0.4 3.07 0
0.71 3.08 0
0.4 3.09 0
0.15 3.13 0
0.34 3.1 1
0.39 3.11 1
0.41 3.06 1
0.26 3.14 0
0.2 3.24 1
0.33 3.41 0
0.36 3.25 0
0.28 2.97 0
0.32 3.8 1
0.26 3.14 0
0.27 3.34 0
0.35 3.08 0
0.45 3.22 1
0.27 3.34 0
0.27 3.34 1
0.34 2.97 1
0.04 3.28 1
0.35 3.08 0
0.43 3.38 0
0.44 3.14 0
0.44 3.14 0
0.24 3.39 2
0.38 2.93 5
0.27 3.3 0
0.27 3.3 0
0.29 3.01 0
0.29 3.01 0
0.29 3.07 1
0.27 3.3 0
0.31 3.36 2
0.37 3.12 0
0.46 3.13 0
0.44 3.22 0
0.33 3.32 1
0.25 3.16 0
0.36 3.6 0
0.28 3.3 1
0.28 3.15 0
0.29 3.16 0
0.29 3.16 0
0.18 3.44 1
0.25 3.22 2
0.3 3.26 1
0.26 3.26 1
0.27 3.27 0
0.29 3.31 0
0.28 3.3 1
0.36 3.6 0
0.32 3.3 0
0.39 3.52 1
0.3 3.68 1
0.32 3.32 3
0.32 3.3 0
0.14 3.22 0
0.32 3.15 1
0.32 2.85 0
0.32 3.29 1
0.32 3.29 1
0.32 3.14 0
0.31 3.12 1
0.3 3.22 1
0.32 3.29 1
0.19 3.16 0
0.19 3.17 0
0.03 3.34 0
0.53 2.94 0
0.53 2.94 0
0.4 3.4 0
0.34 3.19 0
0.33 3.36 0
0.36 3.42 1
0.3 3.63 0
0.33 3.36 0
0.35 3.19 1
0.3 3.18 0
0.15 3.12 0
0.3 3.63 0
0.34 3.19 0
0.47 3.02 0
0.33 3.16 1
0.36 3.42 1
0.31 3.12 1
0.25 3.3 0
0.25 3.3 0
0.25 3.3 0
0.15 3.38 0
0.31 3.12 1
0.25 3.3 0
0.27 3.14 3
0.32 3.21 0
0.32 3.43 1
0.36 3.2 3
0.27 3.05 0
0.28 3.19 2
0.33 3.39 0
0.27 3.05 0
0.28 3.19 2
0.22 3.2 0
0.28 3.31 0
0.38 3.1 0
0.05 3.43 1
0.39 3.27 0
0.24 3.35 0
0.32 3.37 1
0.32 3.37 1
0.27 2.99 1
0.32 3.25 1
0.26 3.38 0
0.36 3.25 1
0.26 3.38 0
0.32 3.27 0
0.64 3.05 0
0.35 3.27 0
0.35 3.27 0
0.52 3.1 0
0.32 3.4 2
0.32 3.17 1
0.31 3.4 1
0.3 3.44 1
0.2 3.1 0
0.64 3.05 0
0.34 3.24 1
0.34 3.18 1
0.35 3.27 0
0.33 3.2 1
0.39 3.27 1
0.45 3.12 3
0.33 3.11 0
0.32 3.05 3
0.27 3.01 1
0.27 3.52 1
0.37 3.3 3
0.38 3.47 1
0.28 3.23 2
0.23 2.77 1
0.27 3.01 1
0.28 2.96 0
0.31 3.18 0
0.31 3.18 0
0.3 3.14 2
0.3 3.14 2
0.3 3.14 2
0.3 3.14 2
0.3 3.14 2
0.13 3.23 0
0.58 3.15 0
0.3 3.14 2
0.3 3.14 2
0.13 3.23 0
0.24 3.25 2
0.58 3.15 0
0.31 3.22 1
0.43 3.4 1
0.25 3.11 1
0.27 3.24 0
0.24 3.22 0
0.24 3.29 1
0.31 3.19 2
0.81 3.08 0
0.18 3.11 0
0.32 3.35 1
0.32 2.92 1
0.42 3.31 1
0.35 3.09 0
0.41 3.27 1
0.32 2.92 1
0.32 3.35 1
0.18 3.11 0
0.26 3.1 1
0.29 3.09 1
0.19 3.16 0
0.42 3.24 1
0.23 3.25 0
0.27 3.23 1
0.19 3.16 0
0.38 3.21 0
0.33 3.22 0
0.34 3.26 0
0.33 3.0 1
0.24 3.15 2
0.3 3.19 0
0.35 3.17 1
0.26 3.18 2
0.33 3.63 1
0.35 3.17 1
0.29 3.52 1
0.3 3.19 0
0.34 3.13 1
0.37 3.32 0
0.38 3.21 1
0.29 3.44 1
0.36 3.28 2
0.32 2.98 1
0.34 3.13 1
0.28 3.06 2
0.33 3.42 1
0.28 3.06 2
0.26 3.03 3
0.58 3.08 0
0.61 3.07 0
0.36 2.92 2
0.35 3.21 1
0.36 2.92 2
0.35 3.21 1
0.31 2.96 1
0.35 3.35 0
0.38 3.17 0
0.42 3.32 1
0.19 3.16 0
0.2 3.13 3
0.29 3.6 1
0.42 3.32 1
0.18 3.16 0
0.19 3.16 0
0.45 3.05 0
0.42 3.54 0
0.14 3.13 0
0.24 3.16 2
0.2 3.13 3
0.29 3.6 1
0.29 3.28 1
0.18 3.23 0
0.54 3.08 1
0.29 3.54 2
0.2 3.16 0
0.18 3.23 0
0.19 3.14 1
0.21 3.38 1
0.35 2.97 0
0.54 3.11 1
0.28 3.24 0
0.54 3.11 1
0.28 3.24 0
0.31 3.18 1
0.31 3.06 1
0.21 3.11 0
0.43 3.52 1
0.21 3.11 0
0.32 3.08 0
0.43 3.52 1
0.3 3.47 1
0.56 3.07 1
0.25 3.53 2
0.26 3.39 1
0.28 3.4 1
0.32 3.35 0
0.25 3.53 2
0.26 3.04 3
0.18 3.17 1
0.3 3.53 1
0.18 3.17 1
0.52 3.08 0
0.25 3.61 1
0.22 3.61 1
0.26 3.06 0
0.26 3.06 0
0.26 3.06 0
0.26 3.06 0
0.24 3.17 0
0.23 3.17 0
0.26 3.06 0
0.28 3.16 2
0.24 3.52 2
0.28 3.1 1
0.23 3.18 1
0.28 3.16 2
0.31 3.38 2
0.19 3.23 1
0.31 3.29 2
0.42 3.24 1
0.18 3.34 4
0.31 3.38 2
0.33 3.34 2
0.28 3.45 0
0.18 3.21 0
0.18 3.23 0
0.2 3.06 1
0.3 3.33 2
0.2 3.21 0
0.55 2.93 0
0.3 3.11 0
0.34 3.14 1
0.55 2.93 0
0.26 3.34 2
0.3 3.11 0
0.3 3.33 2
0.33 3.31 1
0.38 3.4 1
0.31 3.25 2
0.62 3.16 0
0.59 3.17 3
0.32 3.59 2
0.3 3.1 1
0.0 3.79 0
0.04 3.24 1
0.34 3.35 1
0.21 3.22 0
0.17 3.13 1
0.55 3.11 0
0.17 3.13 1
0.55 3.11 0
0.4 3.19 0
0.29 3.25 1
0.32 2.95 0
0.32 3.47 1
0.28 3.45 4
0.35 3.44 0
0.34 3.18 0
0.22 3.29 0
0.35 3.15 3
0.3 3.48 0
0.26 3.22 1
0.29 3.49 1
0.3 3.48 0
0.27 3.21 4
0.27 3.4 0
0.26 3.22 1
0.26 3.11 1
0.63 3.08 3
0.29 3.0 1
0.31 2.95 1
0.4 3.06 0
0.22 3.47 0
0.34 3.11 1
0.16 3.13 1
0.26 3.39 2
0.28 3.43 1
0.33 3.25 2
0.32 3.3 1
0.37 3.2 0
0.27 3.05 0
0.27 3.03 0
0.34 3.17 1
0.46 3.28 0
0.29 3.49 1
0.26 3.42 0
0.24 3.59 0
0.35 3.19 0
0.44 3.12 0
0.3 3.15 1
0.3 3.25 1
0.29 3.68 1
0.24 3.59 2
0.73 3.21 0
0.18 3.28 3
0.37 3.05 5
0.3 3.3 1
0.29 3.38 1
0.3 3.3 1
0.29 3.29 1
0.56 3.1 0
0.19 3.49 3
0.19 3.49 3
0.42 3.5 1
0.28 3.24 4
0.29 3.28 1
0.28 3.24 4
0.68 3.05 0
0.29 3.29 3
0.3 3.29 3
0.35 3.06 3
0.26 3.38 4
0.26 3.43 4
0.29 3.13 1
0.34 3.25 2
0.34 3.25 1
0.55 3.29 0
0.29 3.54 0
0.25 2.98 0
0.27 3.17 1
0.39 3.15 1
0.24 3.66 1
0.42 3.09 3
0.49 3.1 3
0.28 3.12 1
0.36 2.96 1
0.46 3.04 0
0.18 3.16 0
0.26 3.17 1
0.27 3.34 1
0.1 3.1 0
0.28 3.35 3
0.26 3.38 1
0.25 3.05 1
0.17 3.47 3
0.28 3.35 3
0.18 3.53 3
0.3 2.98 0
0.26 3.38 1
0.09 3.15 0
0.16 3.16 0
0.41 3.39 0
0.32 3.05 2
0.43 3.26 0
0.18 3.56 0
0.29 3.36 1
0.18 3.56 0
0.29 3.36 1
0.26 3.27 1
0.28 3.14 1
0.26 3.27 1
0.28 3.14 1
0.17 3.22 0
0.14 3.23 0
0.17 3.21 0
0.2 3.11 1
0.27 3.02 1
0.35 3.17 3
0.28 3.17 0
0.28 3.13 1
0.28 3.17 0
0.37 3.48 1
0.26 3.14 0
0.28 3.17 1
0.32 3.0 0
0.33 3.15 0
0.32 3.0 0
0.34 3.15 0
0.33 3.15 0
0.26 3.43 1
0.27 3.36 1
0.26 3.45 1
0.15 3.28 0
0.15 3.28 0
0.27 3.38 2
0.26 3.53 1
0.3 3.3 0
0.33 3.07 1
0.36 3.19 1
0.36 3.19 1
0.33 3.07 1
0.24 3.08 0
0.24 3.08 0
0.33 2.89 0
0.33 2.89 0
0.26 3.47 2
0.15 3.08 0
0.78 2.98 0
0.79 2.98 0
0.32 3.2 1
0.34 3.25 1
0.1 3.21 0
0.34 3.1 0
0.4 3.54 2
0.23 3.13 1
0.21 3.11 1
0.31 3.32 2
0.09 3.22 0
0.49 3.08 1
0.31 3.32 2
0.37 3.19 1
0.3 3.37 1
0.3 3.24 0
0.37 3.1 1
0.37 3.19 1
0.37 3.19 1
0.16 3.17 0
0.32 3.1 1
0.32 3.02 0
0.27 2.97 1
0.27 2.97 1
0.24 3.19 1
0.49 3.33 1
0.24 3.21 0
0.24 3.19 1
0.23 3.16 3
0.23 3.16 3
0.22 3.19 0
0.25 3.11 0
0.36 3.27 0
0.36 3.27 0
0.31 3.32 1
0.36 3.27 0
0.4 3.14 0
0.36 3.17 3
0.36 3.17 3
0.28 3.21 1
0.41 3.2 1
0.34 3.22 1
0.31 3.35 2
0.25 3.33 1
0.57 3.12 0
0.45 3.26 1
0.49 3.19 1
0.29 3.28 1
0.36 3.07 0
0.3 3.36 2
0.3 3.02 2
0.29 3.27 1
0.29 3.14 1
0.3 3.02 2
0.55 3.24 0
0.23 3.18 0
0.33 3.36 2
0.24 3.17 4
0.38 3.22 0
0.23 3.18 0
0.24 3.17 4
0.33 3.36 2
0.35 3.27 1
0.37 3.38 1
0.13 3.24 0
0.12 3.38 1
0.27 3.16 3
0.27 3.16 3
0.3 3.21 0
0.3 3.17 2
0.34 3.08 1
0.25 3.15 1
0.14 3.28 1
0.14 3.28 1
0.18 3.41 0
0.34 3.13 0
0.34 3.08 1
0.34 3.13 0
0.25 3.15 1
0.3 3.24 1
0.24 3.25 1
0.38 3.32 0
0.14 3.21 0
0.42 3.2 1
0.47 3.09 0
0.14 3.21 0
0.42 3.2 1
0.52 3.07 0
0.42 3.13 2
0.44 3.14 2
0.42 3.13 2
0.64 3.0 0
0.44 3.14 2
0.42 3.13 2
0.65 3.2 0
0.26 3.06 1
0.22 3.08 0
0.26 3.06 1
0.65 3.2 0
0.16 2.95 1
0.16 3.13 0
0.24 3.15 2
0.28 3.34 0
0.36 3.16 1
0.24 3.33 1
0.28 3.34 0
0.32 3.23 1
0.28 3.46 0
0.36 3.15 0
0.24 3.18 0
0.42 3.04 1
0.4 3.18 0
0.36 3.18 0
0.27 3.4 2
0.56 3.1 1
0.26 3.2 0
0.3 3.0 2
0.3 3.0 2
0.3 3.0 2
0.3 3.0 2
0.3 3.0 2
0.3 3.0 2
0.25 3.22 1
0.3 3.0 2
0.1 3.2 3
0.28 3.34 1
0.3 3.46 2
0.29 3.2 0
0.29 3.22 0
0.13 3.48 2
0.34 3.24 0
0.31 3.23 0
0.34 3.18 1
0.31 3.23 0
0.27 3.34 1
0.42 3.18 2
0.32 3.31 0
0.34 3.18 1
0.29 3.31 2
0.29 3.31 2
0.3 3.2 1
0.36 3.48 1
0.33 3.13 1
0.32 3.12 1
0.3 3.2 1
0.46 3.18 0
0.39 3.19 0
0.29 3.31 2
0.52 3.07 0
0.37 3.39 0
0.41 3.28 2
0.41 3.28 2
0.41 3.28 2
0.21 3.22 2
0.35 3.1 1
0.28 3.14 0
0.52 3.07 0
0.21 3.22 2
0.41 3.28 2
0.37 3.39 0
0.21 3.34 0
0.26 3.44 2
0.23 3.37 2
0.24 3.47 1
0.0 3.56 0
0.26 3.3 1
0.28 3.26 2
0.2 3.13 0
0.27 3.2 0
0.73 2.96 0
0.26 3.1 1
0.27 3.2 0
0.73 2.96 0
0.38 3.28 1
0.37 3.05 1
0.37 3.14 1
0.35 3.24 0
0.4 3.17 0
0.22 3.22 0
0.24 3.15 1
0.3 3.33 2
0.36 3.7 2
0.28 3.24 0
0.29 3.33 1
0.24 3.15 1
0.39 3.11 0
0.26 3.18 0
0.31 3.06 2
0.27 3.14 0
0.22 3.4 0
0.23 3.23 0
0.24 3.19 3
0.42 3.27 2
0.44 3.26 2
0.34 3.24 1
0.34 3.11 1
0.26 3.19 1
0.33 3.04 1
0.25 2.98 4
0.34 3.32 2
0.41 3.39 0
0.31 3.4 2
0.25 3.2 2
0.21 3.0 1
0.4 3.2 0
0.31 3.4 2
0.3 3.41 2
0.3 3.2 2
0.31 3.19 1
0.25 2.93 2
0.24 2.92 2
0.33 3.06 1
0.31 3.18 1
0.17 3.13 0
0.28 3.2 1
0.29 3.03 1
0.27 2.99 1
0.25 3.1 1
0.17 3.13 0
0.29 3.37 1
0.36 3.11 2
0.29 3.03 1
0.38 3.21 0
0.27 2.99 1
0.28 3.2 1
0.25 3.18 1
0.27 3.2 1
0.32 3.05 1
0.25 3.3 1
0.27 3.2 1
0.28 3.28 1
0.5 3.02 1
0.37 3.18 0
0.32 3.05 1
0.25 3.18 1
0.31 3.26 2
0.36 3.26 0
0.36 3.26 0
0.36 3.26 0
0.38 3.19 1
0.39 3.19 1
0.39 3.16 1
0.36 3.26 0
0.42 3.22 1
0.34 3.22 0
0.34 3.22 0
0.22 3.74 0
0.44 3.24 0
0.42 3.22 1
0.37 3.2 1
0.28 3.14 1
0.34 3.22 0
0.29 3.2 1
0.29 3.24 1
0.31 3.03 1
0.3 3.15 2
0.64 2.99 0
0.27 3.22 2
0.25 3.45 1
0.31 3.03 1
0.32 3.22 0
0.31 3.41 1
0.31 3.06 1
0.28 3.16 1
0.31 3.27 2
0.22 3.18 0
0.36 3.09 0
0.34 3.09 0
0.31 3.27 2
0.28 3.13 1
0.28 3.16 1
0.31 3.06 1
0.28 3.16 2
0.42 3.19 0
0.28 3.08 2
0.19 3.16 1
0.42 3.19 0
0.28 3.26 1
0.33 3.08 1
0.33 3.08 1
0.22 3.26 2
0.3 2.99 1
0.33 3.1 1
0.34 3.38 4
0.33 3.1 1
0.34 3.38 4
0.36 3.19 1
0.3 3.18 1
0.27 3.37 4
0.28 3.13 0
0.18 3.42 0
0.34 3.17 1
0.26 3.36 0
0.26 3.36 1
0.35 3.24 1
0.36 3.25 1
0.15 3.14 0
0.35 3.24 0
0.34 3.18 1
0.3 3.12 1
0.29 3.18 1
0.37 2.93 1
0.3 3.12 1
0.34 3.18 1
0.35 3.24 0
0.44 3.26 2
0.24 3.8 1
0.32 3.31 2
0.32 3.08 2
0.32 3.09 4
0.32 3.09 4
0.32 3.09 4
0.36 3.29 1
0.32 3.08 2
0.37 3.11 0
0.34 3.4 0
0.6 3.39 1
0.31 3.31 1
0.31 3.31 1
0.31 3.31 1
0.25 3.17 0
0.36 3.05 1
0.25 3.17 0
0.42 3.12 0
0.43 3.11 0
0.31 3.31 1
0.51 3.22 0
0.44 3.2 0
0.3 3.22 2
0.53 3.07 0
0.32 3.13 4
0.3 3.22 2
0.53 3.07 0
0.32 3.19 2
0.37 3.19 2
0.51 3.22 0
0.44 3.2 0
0.31 3.3 1
0.32 3.26 4
0.32 3.13 4
0.26 3.34 1
0.71 3.03 0
0.72 3.03 0
0.48 3.2 1
0.31 3.44 2
0.31 2.99 2
0.32 3.17 0
0.34 3.34 1
0.31 3.44 2
0.39 3.31 2
0.24 3.23 0
0.41 3.19 0
0.39 3.31 2
0.47 2.91 3
0.34 3.44 1
0.82 2.99 0
0.46 3.5 0
0.24 3.22 0
0.34 3.06 1
0.4 3.18 1
0.22 3.16 1
0.45 3.23 1
0.31 3.38 2
0.31 3.38 2
0.32 3.17 0
0.34 3.22 0
0.43 3.12 0
0.3 3.17 1
0.28 3.21 2
0.27 3.28 1
0.22 3.16 1
0.45 3.23 1
0.3 3.21 1
0.29 3.1 2
0.29 3.14 2
0.33 3.18 1
0.38 3.29 1
0.4 3.2 1
0.38 3.2 1
0.31 3.1 0
0.29 3.15 2
0.29 3.1 2
0.34 3.5 0
0.07 3.16 0
0.37 3.02 0
0.29 3.03 0
0.34 3.04 0
0.39 3.08 0
0.39 3.57 1
0.28 3.15 1
0.26 3.25 2
0.58 3.51 2
0.31 3.24 4
0.26 3.25 2
0.36 3.24 1
0.33 3.11 1
0.28 3.15 1
0.32 3.57 1
0.32 3.18 1
0.39 3.57 1
0.46 3.36 1
0.58 3.51 2
0.32 3.15 2
0.23 3.05 0
0.29 3.14 1
0.32 3.15 2
0.38 3.09 1
0.36 3.65 2
0.32 3.23 4
0.36 3.24 2
0.38 3.09 1
0.31 3.21 0
0.55 2.97 0
0.33 3.37 1
0.3 3.18 1
0.35 2.93 0
0.28 2.99 2
0.3 3.2 0
0.33 3.23 2
0.32 3.12 2
0.3 3.15 1
0.31 3.13 0
0.28 3.31 0
0.34 3.04 3
0.36 2.95 1
0.29 3.19 4
0.3 3.16 1
0.46 3.23 0
0.34 3.33 2
0.36 3.15 2
0.26 3.58 0
0.39 3.37 0
0.46 3.23 0
0.28 2.99 0
0.26 3.31 0
0.37 3.4 1
0.32 3.27 2
0.14 3.27 0
0.25 3.31 1
0.32 3.31 2
0.26 3.1 0
0.46 3.2 0
0.25 3.31 1
0.31 3.24 1
0.3 3.23 1
0.2 3.22 0
0.14 3.27 0
0.32 3.27 2
0.3 3.03 0
0.38 3.03 1
0.38 3.03 1
0.26 3.22 1
0.4 3.2 2
0.28 3.06 1
0.32 3.19 0
0.4 3.01 3
0.31 3.46 1
0.47 3.13 4
0.31 3.08 1
0.29 3.05 1
0.3 3.1 0
0.33 3.3 4
0.31 2.98 2
0.31 2.98 2
0.29 3.05 1
0.4 3.22 4
0.33 3.3 4
0.32 3.14 1
0.31 3.08 1
0.29 3.3 0
0.28 2.95 3
0.27 3.3 0
0.3 3.1 0
0.29 3.19 4
0.29 3.19 4
0.34 3.21 1
0.3 3.11 0
0.46 3.17 0
0.29 3.19 4
0.34 3.21 1
0.31 3.33 4
0.28 3.36 1
0.28 3.36 1
0.48 3.21 1
0.52 3.1 1
0.25 3.08 0
0.22 3.37 0
0.25 3.08 0
0.25 3.08 0
0.3 3.29 2
0.24 3.14 0
0.38 2.8 1
0.3 3.01 1
0.22 3.37 0
0.26 2.84 2
0.34 3.07 2
0.41 3.22 1
0.38 3.02 0
0.29 3.08 2
0.24 3.77 0
0.26 3.55 4
0.3 3.04 1
0.3 3.04 1
0.31 2.93 0
0.3 3.11 1
0.31 2.93 0
0.24 3.11 0
0.22 3.12 1
0.3 3.04 1
0.4 3.06 1
0.33 3.07 1
0.39 3.18 1
0.2 2.96 1
0.2 2.96 1
0.26 2.99 2
0.42 3.15 2
0.28 3.03 2
0.31 3.28 1
0.32 3.15 1
0.3 3.07 1
0.28 3.11 2
0.28 3.11 2
0.28 3.11 2
0.31 3.15 2
0.32 3.22 1
0.32 3.45 2
0.28 3.29 2
0.27 3.11 2
0.28 3.11 2
0.28 3.11 2
0.34 3.03 1
0.36 3.11 4
0.33 3.02 1
0.3 3.07 2
0.28 3.11 2
0.28 3.11 2
0.27 3.11 2
0.28 3.29 2
0.31 3.15 2
0.36 3.16 1
0.36 3.08 1
0.32 3.22 1
0.32 3.45 2
0.33 3.36 2
0.5 2.94 1
0.31 3.16 0
0.36 3.2 1
0.37 3.14 1
0.37 3.05 1
0.34 3.07 1
0.3 2.99 1
0.37 3.05 1
0.3 3.09 1
0.31 3.02 4
0.3 2.99 1
0.35 3.02 1
0.29 3.34 3
0.21 3.06 0
0.34 3.07 1
0.37 3.05 1
0.29 3.76 2
0.3 2.99 1
0.22 3.1 0
0.37 3.2 1
0.29 3.12 4
0.29 3.12 4
0.25 3.22 1
0.46 3.37 0
0.38 3.15 1
0.47 3.15 1
0.33 3.13 2
0.34 3.42 0
0.42 3.26 1
0.45 3.02 1
0.29 3.14 1
0.37 3.2 0
0.41 3.25 1
0.42 3.26 1
1.0 2.95 1
0.3 3.12 1
0.26 3.09 1
0.37 3.19 1
0.53 3.11 0
0.43 3.11 1
0.38 2.98 0
0.24 3.53 3
0.38 2.98 0
0.66 2.98 2
0.36 3.09 0
0.31 3.2 1
0.44 3.18 1
0.41 3.16 0
0.37 3.13 0
0.38 3.17 0
0.48 2.9 1
0.54 3.19 0
0.54 3.19 0
0.43 3.08 4
0.54 3.19 0
0.8 2.95 0
0.38 3.18 1
0.8 2.95 0
0.42 3.17 3
0.38 3.16 1
0.43 3.08 4
0.43 3.08 4
0.38 3.1 2
0.47 2.92 1
0.41 3.25 0
0.33 3.28 0
0.4 3.11 2
0.3 3.05 0
0.38 3.17 0
0.35 2.96 0
0.34 3.32 0
0.48 2.9 1
0.54 3.19 0
0.51 3.46 1
0.32 3.25 2
0.35 3.22 1
0.4 3.02 1
0.32 3.25 2
0.34 3.14 5
0.37 2.94 1
0.38 3.06 2
0.35 3.22 1
0.47 3.12 1
0.52 3.02 1
0.45 3.16 2
0.49 2.85 1
0.49 2.85 1
0.39 3.23 2
0.5 3.25 0
0.27 3.36 2
0.4 2.97 2
0.51 2.91 2
0.34 3.11 1
0.26 3.17 1
0.45 3.16 2
0.49 3.15 0
0.51 3.0 1
0.52 3.02 1
0.49 3.07 1
0.46 3.03 0
0.36 3.4 3
0.46 3.1 1
0.39 3.19 2
0.34 3.12 0
0.39 3.11 1
0.32 3.24 1
0.32 3.24 1
0.37 3.25 2
0.39 3.19 2
0.39 3.08 2
0.37 3.09 0
0.42 3.16 1
0.34 3.12 0
0.27 3.35 1
0.22 3.46 0
0.39 3.11 1
0.38 3.06 0
0.37 3.08 2
0.38 3.17 0
0.21 3.69 1
0.38 3.2 1
0.38 3.17 1
0.26 3.11 0
0.32 3.24 1
0.35 3.19 1
0.33 3.18 1
0.39 3.26 1
0.27 3.5 0
0.39 3.23 1
0.43 3.05 1
0.29 3.18 1
0.39 3.26 1
0.32 3.22 2
0.5 3.16 1
0.27 3.5 0
0.36 3.23 1
0.36 3.23 1
0.36 3.23 1
0.4 3.2 1
0.36 3.23 1
0.4 3.2 1
0.47 3.38 1
0.36 3.23 1
1.23 3.03 1
0.33 3.25 1
0.38 3.27 1
0.34 3.18 2
0.42 2.87 0
0.34 3.18 2
0.37 3.08 2
0.32 3.4 1
0.46 3.15 1
0.42 2.87 0
0.34 3.18 2
0.37 3.08 2
0.36 3.06 1
0.52 3.24 1
0.37 3.25 1
0.4 3.21 2
0.38 3.05 1
0.26 3.06 1
0.46 3.02 1
0.39 2.94 1
0.36 2.97 4
0.34 2.99 4
0.35 3.0 4
0.34 3.02 1
0.39 2.94 1
0.22 3.3 0
0.35 3.1 1
0.4 3.0 3
0.38 3.24 1
0.37 2.93 1
0.33 3.25 0
0.38 3.24 1
0.41 3.14 2
0.4 3.21 1
0.59 3.06 3
0.37 3.24 2
0.36 3.11 4
0.33 3.15 0
0.3 3.32 2
0.44 3.06 1
0.37 2.93 1
0.33 3.25 0
0.32 3.26 0
0.42 3.14 1
0.38 2.97 2
0.44 2.96 1
0.38 2.97 2
0.4 3.18 2
0.36 3.14 2
0.44 2.96 1
0.34 3.22 2
0.38 2.97 2
0.34 3.33 0
0.36 3.11 2
0.39 3.15 2
0.42 3.09 1
0.24 3.53 0
0.34 3.11 0
0.23 3.13 0
0.44 3.04 1
0.32 3.25 0
0.45 3.01 1
0.2 3.34 1
0.33 3.19 1
0.46 2.97 0
0.23 3.13 0
0.25 3.0 3
0.31 3.27 2
0.53 2.93 0
0.38 3.1 1
0.34 3.01 1
0.44 3.04 1
0.28 3.22 1
0.4 3.11 2
0.3 3.34 1
0.37 3.11 1
0.42 3.12 1
0.26 3.48 2
0.57 2.96 1
0.37 2.98 1
0.32 3.14 0
0.29 3.18 1
0.34 3.26 1
0.28 3.22 1
0.39 3.11 1
0.35 3.18 2
0.29 3.09 0
0.24 3.1 2
0.42 3.18 1
0.42 3.1 2
0.35 3.31 1
0.24 3.1 2
0.36 3.19 2
0.29 3.09 0
0.41 3.18 1
0.49 3.04 1
0.37 3.18 2
0.35 3.18 2
0.45 3.06 1
0.37 3.08 1
0.37 3.06 4
0.16 3.3 4
0.4 3.03 0
0.31 3.1 1
0.31 3.1 1
0.31 3.1 1
0.31 3.1 1
0.31 3.1 1
0.31 3.1 1
0.32 3.21 0
0.32 3.1 2
0.31 3.22 4
0.12 3.34 1
0.23 3.42 5
0.32 3.11 1
0.2 3.21 1
0.36 3.32 1
0.36 3.31 0
0.29 3.1 0
0.34 3.28 2
0.32 3.08 2
0.32 3.32 2
0.31 3.45 0
0.02 3.14 3
0.3 3.23 4
0.25 3.23 2
0.36 3.31 0
0.32 3.06 1
0.29 3.1 0
0.3 3.13 1
0.36 3.07 2
0.14 2.93 1
0.25 2.91 1
0.31 3.07 2
0.31 3.06 2
0.31 3.07 2
0.14 2.93 1
0.42 3.14 0
0.37 3.08 0
0.33 3.17 4
0.41 3.14 0
0.35 2.91 2
0.28 3.38 1
0.41 3.14 0
0.42 3.14 0
0.5 3.17 0
0.35 3.34 1
0.32 3.0 2
0.37 3.08 0
0.33 3.17 4
0.28 3.13 1
0.34 3.27 2
0.3 3.29 2
0.29 3.04 2
0.3 3.29 2
0.29 2.9 5
0.28 3.2 1
0.27 3.16 2
0.29 3.22 2
0.29 3.54 2
0.28 3.08 2
0.33 3.1 2
0.38 3.23 1
0.37 3.09 2
0.37 3.16 1
0.32 3.24 1
0.35 3.19 2
0.28 3.5 0
0.36 3.06 0
0.33 3.29 1
0.3 3.48 2
0.31 3.14 1
0.3 3.16 1
0.28 3.12 2
0.28 3.15 0
0.36 3.43 2
0.29 3.3 0
0.34 3.02 1
0.33 3.11 1
0.32 3.08 1
0.28 3.23 2
0.22 3.18 1
0.25 3.05 1
0.29 3.0 1
0.29 3.0 1
0.29 3.0 1
0.28 3.17 1
0.27 3.08 1
0.31 3.32 1
0.27 3.08 1
0.32 3.18 0
0.28 3.0 2
0.29 3.0 1
0.24 3.13 1
0.24 3.12 1
0.21 3.15 1
0.28 3.17 1
0.27 3.34 1
0.28 3.08 1
0.28 3.22 1
0.28 2.96 1
0.28 3.02 1
0.28 3.31 2
0.23 3.18 1
0.28 3.19 1
0.33 3.17 2
0.28 2.96 1
0.28 3.02 1
0.49 3.05 2
0.27 3.34 1
0.28 3.08 1
0.28 3.22 1
0.26 3.14 1
0.26 2.98 2
0.21 2.97 1
0.25 3.08 1
0.28 3.13 1
0.28 3.05 2
0.25 3.08 1
0.21 2.97 1
0.26 3.47 1
0.24 2.98 2
0.21 3.32 0
0.26 3.25 1
0.28 3.13 1
0.25 3.0 1
0.27 3.16 4
0.49 3.01 0
0.34 3.28 2
0.35 3.1 2
0.34 3.28 2
0.32 3.38 1
0.3 3.25 1
0.31 3.06 1
0.27 3.16 4
0.49 3.01 0
0.35 2.95 1
0.3 3.13 2
0.3 3.0 1
0.3 2.99 4
0.26 2.98 1
0.3 2.93 1
0.45 3.2 0
0.46 3.2 0
0.28 3.1 1
0.29 3.19 1
0.32 3.39 0
0.33 3.25 1
0.18 3.12 1
0.3 2.94 0
0.18 3.12 1
0.25 2.87 0
0.28 3.21 1
0.32 3.19 1
0.33 3.25 1
0.32 3.39 0
0.3 3.12 1
0.35 3.37 5
0.35 3.15 2
0.17 3.05 1
0.29 3.11 1
0.48 2.95 1
0.35 3.15 2
0.3 3.39 2
0.4 3.1 1
0.3 3.16 3
0.4 3.1 1
0.3 3.39 2
0.49 3.01 0
0.28 3.24 4
0.28 2.98 4
0.39 3.35 0
0.27 3.36 1
0.4 3.34 1
0.4 3.34 1
0.26 3.33 1
0.27 3.36 1
0.39 3.35 0
0.4 3.34 1
0.39 3.34 1
0.29 3.24 0
0.27 3.05 2
0.29 2.95 1
0.28 3.25 1
0.23 3.1 1
0.22 3.22 0
0.44 3.11 0
0.22 3.22 0
0.32 3.16 0
0.28 3.18 0
0.27 3.1 2
0.22 3.24 1
0.44 3.11 0
0.32 3.19 4
0.3 3.15 1
0.29 3.12 1
0.29 3.29 2
0.32 3.19 4
0.29 2.93 2
0.29 2.93 2
0.48 3.23 0
0.3 3.25 1
0.0 3.26 0
0.24 2.9 1
0.13 3.06 0
0.31 3.41 2
0.2 3.36 2
0.28 2.99 1
0.4 2.98 1
0.3 3.04 4
0.34 3.24 1
0.31 3.26 2
0.41 3.12 0
0.34 3.25 1
0.34 3.24 1
0.27 3.04 0
0.36 3.23 4
0.28 2.99 1
0.3 3.04 4
0.4 2.98 1
0.36 3.3 1
0.27 3.2 4
0.19 3.05 1
0.45 3.31 1
0.24 3.04 4
0.24 3.05 2
0.45 3.31 1
0.28 3.22 2
0.27 3.2 4
0.3 3.26 0
0.27 3.22 4
0.26 3.06 2
0.24 3.04 4
0.32 3.11 2
0.33 3.07 1
0.19 3.05 1
0.2 3.03 1
0.31 3.04 4
0.24 3.05 2
0.44 3.09 1
0.27 3.19 2
0.27 3.19 2
0.36 3.34 1
0.28 3.14 2
0.28 3.3 2
1.0 3.29 1
0.36 3.38 1
0.3 3.31 2
0.27 3.19 2
0.36 3.34 1
0.45 3.14 0
0.31 3.18 2
0.34 3.33 2
0.32 3.38 2
0.28 3.36 1
0.28 3.19 2
0.45 3.14 0
0.25 3.17 1
0.24 2.98 1
0.28 3.18 2
0.31 3.49 1
0.28 2.99 1
0.23 2.93 1
0.33 3.08 2
0.34 3.25 2
0.29 3.08 2
0.41 3.19 0
0.62 3.23 2
0.15 3.05 0
0.24 3.31 2
0.41 3.2 0
0.15 3.05 0
0.27 3.37 1
0.27 3.37 1
0.28 3.01 1
0.29 3.11 1
0.13 3.09 3
0.27 3.26 2
0.35 3.14 0
0.44 3.15 0
0.46 3.1 1
0.3 3.14 1
0.35 3.14 0
0.44 3.15 0
0.28 3.1 1
0.47 3.23 0
0.25 3.17 2
0.31 3.03 1
0.25 2.98 1
0.27 3.16 1
0.37 3.2 1
0.2 3.41 1
0.2 3.41 1
0.29 3.1 1
0.37 3.2 1
0.29 3.1 1
0.19 3.22 1
0.2 3.41 1
0.32 3.04 1
0.22 3.24 1
0.22 3.24 1
0.22 3.24 1
0.28 2.92 1
0.15 3.06 1
0.21 3.66 2
0.28 2.92 1
0.22 3.24 1
0.24 3.01 3
0.28 3.11 1
0.12 2.86 0
0.34 3.01 1
0.12 2.86 0
0.28 3.11 1
0.27 2.99 1
0.28 3.0 1
0.27 3.12 1
0.34 3.07 2
0.27 2.99 1
0.27 3.12 1
0.0 3.32 3
0.28 3.0 1
0.4 3.15 1
0.21 3.18 1
0.28 3.15 2
0.36 3.14 0
0.27 3.04 2
0.22 3.1 3
0.28 2.94 2
0.21 2.92 0
0.24 3.14 2
0.32 3.3 1
0.3 3.26 1
0.28 2.94 2
0.35 3.16 2
0.28 3.35 2
0.71 2.85 1
0.71 2.85 1
0.71 2.85 1
0.35 3.18 2
0.36 3.31 0
0.27 3.35 2
0.28 3.35 2
0.32 3.12 2
0.29 3.12 2
0.28 3.0 2
0.28 3.18 1
0.24 3.59 2
0.38 3.3 1
0.3 3.2 1
0.24 3.35 2
0.24 3.35 1
0.27 3.15 2
0.23 2.93 1
0.48 3.04 0
0.24 3.11 0
0.18 3.27 1
0.25 2.91 1
0.25 2.91 1
0.48 3.04 0
0.18 3.27 1
0.18 3.27 1
0.25 2.91 1
0.24 3.11 0
0.3 2.96 1
0.61 3.0 0
0.33 3.21 0
0.24 3.04 2
0.28 3.06 1
0.26 3.07 2
0.24 3.04 2
0.3 2.96 1
0.28 3.06 1
0.28 3.19 2
0.61 3.0 0
0.33 3.21 0
0.2 3.24 0
0.2 3.24 1
0.2 3.24 1
0.25 3.06 1
0.25 3.06 1
0.51 3.2 1
0.25 3.06 1
0.27 3.08 2
0.0 3.29 1
0.39 3.25 2
0.34 3.12 2
0.32 3.24 2
0.32 3.12 1
0.33 3.12 1
0.4 3.16 1
0.4 3.16 1
0.33 3.12 1
0.23 3.12 2
0.28 3.16 1
0.22 2.97 2
0.24 2.9 2
0.25 2.9 0
0.37 3.26 1
0.6 2.92 3
0.17 3.13 1
0.33 3.27 1
0.17 3.13 1
0.32 3.42 1
0.26 3.11 2
0.28 3.16 2
0.47 3.03 4
0.3 3.33 2
0.16 3.2 4
0.28 3.16 4
0.39 3.5 1
0.12 3.42 3
0.31 3.16 1
0.54 3.27 4
0.16 3.2 4
0.26 3.02 2
0.28 3.16 4
0.26 3.07 0
0.32 3.41 2
0.18 3.14 1
0.29 3.03 2
0.29 2.96 4
0.3 3.31 2
0.2 3.32 0
0.19 3.25 1
0.3 3.31 2
0.58 3.28 1
0.25 3.1 0
0.27 3.04 2
0.41 3.24 1
0.26 3.06 4
0.44 3.11 2
0.41 3.24 1
0.3 3.13 2
0.41 3.24 1
0.37 3.09 0
0.27 3.15 0
0.35 3.32 1
0.26 3.06 4
0.24 3.3 2
0.26 2.98 1
0.27 3.04 2
0.3 3.13 2
0.25 3.1 0
0.4 3.17 1
0.44 3.11 2
0.41 3.24 1
0.34 3.06 1
0.37 3.09 0
0.27 3.1 0
0.22 3.06 0
0.31 3.05 1
0.31 3.05 1
0.31 3.05 1
0.31 3.05 1
0.34 2.96 1
0.43 3.23 1
0.46 2.86 0
0.09 3.12 0
0.09 3.3 0
0.31 3.05 1
0.18 3.09 0
0.23 3.12 0
0.3 2.83 3
0.38 3.47 1
0.26 3.04 0
0.24 3.11 1
0.22 3.06 0
0.45 3.18 0
0.27 3.35 2
0.23 3.11 0
0.23 3.11 0
0.28 3.36 2
0.33 3.37 1
0.28 3.17 1
0.28 3.38 2
0.28 3.36 2
0.33 3.36 2
0.41 3.28 0
0.2 3.11 1
0.26 3.08 1
0.41 3.28 0
0.34 3.21 1
0.29 3.39 0
0.46 3.19 1
0.48 3.22 3
0.72 2.97 0
0.18 3.32 1
0.28 2.96 2
0.28 2.96 2
0.28 2.96 2
0.28 2.96 2
0.28 2.96 2
0.28 2.96 2
0.28 2.96 2
0.28 3.02 0
0.3 2.89 1
0.25 3.3 0
0.29 3.43 1
0.28 2.96 2
0.23 3.28 0
0.34 3.29 0
0.33 3.29 0
0.15 3.39 4
0.32 2.99 1
0.23 3.28 0
0.34 3.29 0
0.33 3.29 0
0.32 2.99 1
0.32 2.99 1
0.28 3.16 2
0.35 2.79 0
0.24 3.03 0
0.15 3.39 4
0.17 3.08 0
0.17 3.08 0
0.17 3.08 0
0.29 3.17 1
0.17 3.08 0
0.31 3.03 3
0.28 3.14 1
0.29 3.17 1
0.12 3.26 0
0.39 3.31 0
0.28 3.24 1
0.31 3.11 0
0.28 3.24 1
0.3 3.42 2
0.45 3.2 2
0.39 3.31 0
0.29 3.13 1
0.3 3.08 1
0.45 3.18 0
0.27 3.2 1
0.31 3.46 2
0.48 3.02 0
0.44 3.18 0
0.52 3.18 0
0.52 3.16 1
0.45 3.18 0
0.5 3.18 0
0.3 3.03 1
0.26 3.14 1
0.45 3.22 0
0.27 3.2 1
0.29 3.17 1
0.21 3.03 0
0.39 3.05 0
0.28 3.2 0
0.3 2.99 0
0.3 3.02 1
0.39 3.05 0
0.34 2.99 1
0.3 2.99 0
0.3 3.02 1
0.21 3.03 0
0.62 2.96 0
0.62 2.96 1
0.34 2.99 1
0.34 3.24 5
0.38 3.13 0
0.39 3.05 0
0.28 3.2 0
0.28 3.22 0
0.32 3.28 2
0.3 3.12 0
0.24 3.24 1
0.26 3.38 1
0.26 3.38 1
0.2 3.0 0
0.28 3.03 1
0.28 3.17 1
0.49 3.19 0
0.3 3.05 2
0.21 3.26 1
0.26 3.38 1
0.18 3.22 0
0.24 3.24 1
0.23 3.15 2
0.23 3.46 2
0.19 2.83 0
0.19 2.83 0
0.29 3.15 1
0.22 3.14 0
0.23 3.16 0
0.33 3.0 1
0.33 3.0 1
0.22 3.14 0
0.23 3.16 0
0.25 3.14 1
0.5 2.96 1
0.31 2.97 1
0.28 3.2 2
0.25 3.14 1
0.23 3.26 0
0.32 3.34 1
0.23 3.26 0
0.79 3.17 1
0.43 3.23 0
0.32 3.34 1
0.29 3.41 2
0.23 3.36 1
0.26 3.4 2
0.27 3.55 1
0.29 3.21 1
0.23 3.36 1
0.27 3.46 1
0.3 3.27 1
0.26 3.12 0
0.26 3.12 0
0.3 3.1 1
0.19 3.16 1
0.19 3.16 1
0.22 3.25 2
0.38 3.24 1
0.32 3.1 1
0.26 3.12 0
0.25 3.08 1
0.3 3.1 1
0.27 3.16 1
0.19 3.16 1
0.54 3.06 3
0.51 2.91 0
0.51 3.13 0
0.27 3.29 2
0.28 3.2 0
0.31 3.15 0
0.31 3.18 0
0.2 3.12 3
0.24 3.1 1
0.24 3.1 1
0.37 3.15 0
0.31 3.06 1
0.24 3.1 1
0.36 3.13 1
0.31 3.06 1
0.36 3.13 1
0.24 3.1 1
0.26 3.16 1
0.26 2.99 1
0.37 3.15 0
0.3 3.18 0
0.1 3.01 0
0.16 3.24 1
0.33 3.26 1
0.29 3.23 1
0.3 2.99 1
0.34 3.07 2
0.3 3.18 0
0.1 3.01 0
0.12 3.32 3
0.38 2.95 1
0.26 3.1 1
0.18 3.21 2
0.3 3.25 2
0.3 3.25 2
0.3 3.09 2
0.24 3.23 2
0.24 3.23 2
0.3 3.17 1
0.82 2.93 1
0.3 3.25 2
0.32 3.17 1
0.24 3.23 2
0.18 3.21 2
0.3 3.17 1
0.51 3.18 0
0.28 3.12 2
0.28 3.0 1
0.37 3.04 1
0.34 3.14 0
0.3 3.09 2
0.3 2.95 0
0.3 2.95 0
0.33 2.83 0
0.29 3.19 1
0.31 3.15 0
0.47 3.18 0
0.47 3.18 0
0.26 3.03 1
0.28 3.14 1
0.28 3.22 4
0.21 2.96 3
0.3 3.28 1
0.2 3.08 0
0.25 3.44 1
0.36 3.17 0
0.38 2.88 1
0.32 3.21 1
0.37 3.16 0
0.34 3.24 0
0.39 3.18 1
0.15 2.99 1
0.32 3.22 1
0.32 3.21 1
0.33 3.32 1
0.32 3.31 2
0.3 3.32 0
0.37 3.16 0
0.34 3.24 0
0.2 3.14 0
0.3 2.88 1
0.3 3.13 2
0.2 3.14 0
0.3 2.88 1
0.18 3.24 0
0.36 3.11 0
0.19 3.26 1
0.19 3.26 1
0.24 3.14 1
0.46 2.91 0
0.27 3.17 2
0.32 3.39 2
0.48 2.97 0
0.23 3.1 3
0.19 3.26 1
0.51 3.16 3
0.52 3.16 1
0.3 3.03 1
0.31 3.08 2
0.3 3.03 1
0.67 3.06 1
0.51 3.16 3
0.52 3.16 1
0.26 3.19 2
0.29 3.15 2
0.25 3.09 1
0.53 3.26 2
0.52 3.25 1
0.25 3.21 0
0.27 3.05 2
0.26 3.19 2
0.25 3.19 1
0.29 3.15 2
0.27 3.2 1
0.27 3.2 1
0.41 3.16 1
0.17 3.3 1
0.27 3.2 1
0.41 3.16 1
0.41 2.99 0
0.32 2.9 2
0.34 3.25 2
0.34 3.25 2
0.31 2.9 0
0.34 3.25 2
0.29 3.22 2
0.49 3.01 1
0.49 3.01 1
0.49 3.01 1
0.57 3.0 0
0.48 3.07 1
0.35 3.07 1
0.26 3.06 2
0.35 3.07 1
0.32 3.04 1
0.57 3.0 0
0.48 3.07 1
0.32 3.2 1
0.29 3.0 1
0.29 3.22 2
0.49 3.01 1
0.24 3.08 1
0.48 2.98 1
0.12 3.16 0
0.24 3.2 0
0.24 3.21 1
0.48 2.98 1
0.12 3.16 0
0.12 3.06 3
0.42 3.04 0
0.24 3.2 0
0.37 3.18 1
0.27 3.27 1
0.45 3.25 1
0.37 3.18 1
0.26 3.09 0
0.27 3.2 1
0.3 3.22 1
0.38 3.11 0
0.57 3.06 0
0.22 3.07 0
0.38 3.13 1
0.22 3.07 0
0.22 3.24 1
0.22 3.14 0
0.22 3.14 0
0.57 3.06 0
0.16 3.35 3
0.29 3.21 0
0.22 3.23 0
0.27 2.9 2
0.27 2.9 2
0.27 2.9 2
0.27 2.9 2
0.28 2.94 2
0.35 3.0 1
0.35 3.0 1
0.36 3.02 1
0.27 2.9 2
0.27 2.96 1
0.22 3.23 0
0.27 2.9 2
0.28 2.94 2
0.27 2.96 1
0.18 3.23 0
0.36 3.05 1
0.35 3.0 1
0.36 3.02 1
0.01 3.19 0
0.01 3.19 0
0.32 3.15 1
0.21 3.07 0
0.21 3.42 0
0.26 3.27 4
0.27 3.16 1
0.28 3.16 0
0.27 3.16 1
0.28 3.19 1
0.27 3.21 0
0.32 2.96 1
0.38 3.15 2
0.16 3.19 0
0.19 3.13 3
0.26 3.08 1
0.26 3.13 0
0.21 3.3 1
0.21 3.3 1
0.28 3.19 1
0.27 3.1 1
0.26 3.08 1
0.28 3.23 1
0.32 3.28 0
0.24 3.06 4
0.29 3.06 1
0.4 3.03 1
0.42 3.12 1
0.27 3.07 1
0.24 3.15 1
0.3 2.86 1
0.28 3.26 1
0.2 3.18 1
0.27 3.08 1
0.28 3.09 2
0.27 3.08 1
0.35 3.08 0
0.28 3.26 1
0.34 3.22 0
0.2 3.18 1
0.23 3.08 1
0.23 3.23 0
0.23 3.23 0
0.28 3.31 2
0.27 3.12 2
0.45 3.07 2
0.56 3.16 0
0.26 3.04 1
0.42 3.18 1
0.22 3.75 1
0.27 3.22 0
0.25 3.31 1
0.25 3.27 1
0.29 3.26 1
0.29 3.15 1
0.32 3.07 1
0.2 3.15 1
0.2 3.15 1
0.31 3.15 4
0.31 3.15 2
0.5 3.01 0
0.22 3.12 1
0.25 3.14 1
0.32 3.1 1
0.36 3.1 2
0.23 3.08 0
0.22 3.09 0
0.34 3.33 0
0.32 3.25 0
0.31 3.22 2
0.32 3.05 1
0.26 3.26 0
0.26 3.26 0
0.27 3.33 1
0.28 3.24 1
0.24 3.63 0
0.23 3.46 1
0.26 3.26 0
0.32 3.22 1
0.35 3.1 2
0.29 3.02 1
0.29 3.02 1
0.27 3.25 1
0.28 3.22 1
0.29 3.02 1
0.29 3.03 1
0.29 3.16 2
0.35 3.1 2
0.25 3.19 1
0.28 3.1 2
0.31 3.07 0
0.32 3.1 1
0.25 3.19 1
0.47 3.19 0
0.5 3.19 0
0.47 3.19 0
0.52 3.18 0
0.3 2.9 2
0.3 2.9 2
0.3 2.9 2
0.3 2.9 2
0.3 2.9 2
0.3 2.9 2
0.38 3.18 0
0.35 3.22 0
0.35 3.17 2
0.31 3.19 2
0.32 3.31 4
0.26 3.32 1
0.34 3.24 2
0.3 2.9 2
0.37 3.15 0
0.27 3.27 1
0.86 2.92 0
0.22 3.06 1
0.39 3.2 2
0.33 3.1 1
0.33 3.23 1
0.33 3.16 2
0.4 3.2 0
0.61 3.09 1
0.32 2.96 1
0.56 3.13 1
0.3 3.31 2
0.28 3.26 2
0.4 3.2 0
0.32 3.06 0
0.34 3.19 1
0.3 3.32 1
0.21 3.07 0
0.3 3.2 1
0.35 3.09 0
0.24 3.12 1
0.33 2.98 1
0.24 3.12 1
0.24 2.94 4
0.29 3.24 1
0.48 3.18 0
0.53 2.94 0
0.33 2.98 1
0.33 3.03 1
0.27 3.05 1
0.31 3.29 1
0.32 3.3 0
0.38 3.06 1
0.27 3.05 1
0.2 3.24 1
0.3 3.34 2
0.29 3.25 1
0.32 3.29 1
0.21 3.08 1
0.42 3.04 1
0.37 3.24 3
0.53 3.14 3
0.24 3.05 0
0.24 3.05 0
0.24 3.05 0
0.14 3.07 3
0.32 2.92 1
0.24 3.05 0
0.29 3.22 1
0.34 3.26 1
0.14 3.07 3
0.11 3.51 3
0.35 3.29 2
0.27 3.31 0
0.57 3.25 2
0.27 3.44 2
0.23 3.11 1
0.25 2.97 1
0.23 2.94 1
0.37 3.14 1
0.28 3.07 1
0.33 3.23 1
0.3 3.24 1
0.18 3.14 0
0.18 3.14 0
0.3 3.05 0
0.18 3.14 0
0.36 3.27 2
0.24 3.08 1
0.29 3.1 1
0.29 3.13 2
0.26 3.16 1
0.48 3.04 0
0.47 3.04 0
0.26 3.07 1
0.47 3.09 1
0.2 3.25 1
0.19 3.19 1
0.26 3.2 1
0.24 3.3 1
0.26 3.2 1
0.1 3.48 3
0.24 3.15 0
0.26 3.15 0
0.26 3.15 0
0.23 2.96 0
0.23 2.96 1
0.02 3.75 1
0.22 3.22 1
0.27 3.32 2
0.54 3.26 1
0.05 3.26 1
0.16 3.23 1
0.22 3.22 1
0.27 3.32 2
0.27 3.31 2
0.29 3.17 1
0.23 3.11 0
0.3 3.07 1
0.2 3.08 0
0.2 3.22 1
0.2 3.22 1
0.2 3.22 1
0.2 3.22 1
0.2 3.56 2
0.35 3.08 0
0.29 3.07 3
0.27 3.23 1
0.2 3.22 1
0.24 3.3 0
0.24 3.3 0
0.26 3.15 1
0.26 3.15 1
0.26 3.15 1
0.26 3.15 1
0.17 3.08 0
0.33 2.88 1
0.27 2.87 1
0.24 3.3 0
0.36 3.25 0
0.32 3.17 1
0.36 3.25 0
0.28 3.1 0
0.36 3.25 0
0.32 3.17 1
0.35 3.13 1
0.0 3.44 1
0.3 3.1 1
0.3 3.1 0
0.23 3.01 0
0.39 3.05 1
0.29 3.16 1
0.25 3.39 1
0.24 3.38 1
0.27 3.22 1
0.27 3.38 2
0.29 3.33 1
0.25 3.36 1
0.24 3.17 1
0.28 3.12 0
0.29 3.16 1
0.3 3.32 1
0.22 3.2 2
0.24 3.12 2
0.2 3.13 0
0.26 3.0 2
0.22 3.2 2
0.24 3.12 2
0.35 3.16 0
0.22 3.0 1
0.33 3.04 2
0.3 2.89 1
0.28 3.4 1
0.26 3.12 0
0.34 3.11 0
0.26 3.12 0
0.19 3.23 0
0.26 3.12 0
0.26 3.12 0
0.34 3.11 0
0.27 2.94 4
0.27 2.94 4
0.27 2.94 4
0.27 2.94 4
0.27 2.94 4
0.27 2.94 4
0.27 2.94 4
0.29 3.23 4
0.27 2.94 4
0.52 3.04 1
0.35 3.44 1
0.25 3.37 1
0.69 2.96 1
0.35 3.11 1
0.69 2.96 1
0.3 3.03 2
0.52 2.98 1
0.28 2.96 0
0.25 2.82 1
0.28 3.22 1
0.35 3.18 0
0.3 3.11 1
0.27 3.27 1
0.28 3.22 1
0.29 3.25 0
0.34 3.31 1
0.2 3.18 0
0.2 3.17 1
0.35 3.18 0
0.33 3.22 1
0.27 3.12 1
0.25 3.14 0
0.21 2.99 1
0.33 2.86 0
0.28 3.26 1
0.25 3.14 0
0.28 2.98 1
0.21 2.99 1
0.19 3.02 0
0.28 3.18 0
0.23 3.05 1
0.28 3.14 1
0.21 3.16 0
0.32 3.22 1
0.21 3.02 0
0.27 3.21 1
0.2 2.94 0
0.21 3.02 0
0.29 3.31 1
0.27 3.22 1
0.26 3.2 1
0.27 3.21 1
0.21 3.23 0
0.21 3.23 0
0.31 3.28 1
0.33 3.11 1
0.29 3.08 1
0.22 3.05 3
0.44 3.14 0
0.37 3.25 0
0.44 3.14 0
0.28 3.25 1
0.26 3.26 1
0.22 3.1 0
0.26 3.11 0
0.26 3.11 0
0.26 3.11 0
0.22 3.1 0
0.26 3.11 0
0.29 3.02 1
0.26 3.17 1
0.46 3.19 0
0.16 3.21 0
0.16 3.21 0
0.29 3.17 2
0.32 2.92 1
0.16 3.21 0
0.29 3.17 2
0.47 3.11 0
0.38 3.23 2
0.27 3.04 2
0.38 3.23 2
0.27 3.04 2
0.22 3.08 0
0.47 3.11 0
0.28 3.19 1
0.23 3.08 1
0.23 3.08 1
0.23 3.08 1
0.23 3.08 1
0.28 3.19 1
0.28 3.19 1
0.23 3.08 1
0.5 3.22 1
0.52 3.22 1
0.26 3.11 0
0.27 3.2 1
0.34 3.27 1
0.59 2.96 0
0.28 3.21 1
0.26 3.15 1
0.26 3.21 0
0.24 3.25 1
0.3 3.24 1
0.28 3.36 1
0.3 3.24 1
0.19 3.22 0
0.16 3.09 0
0.31 3.06 0
0.25 3.16 1
0.31 3.06 0
0.16 3.09 0
0.25 3.39 1
0.25 3.39 1
0.1 3.48 1
0.29 3.04 1
0.25 3.18 0
0.22 3.23 1
0.25 3.05 1
0.19 3.22 0
0.22 3.24 0
0.29 3.04 1
0.26 3.0 1
0.29 3.14 0
0.29 3.14 0
0.29 3.14 0
0.26 3.24 2
0.18 3.27 0
0.26 3.0 1
0.24 3.27 1
0.2 3.23 1
0.32 3.12 1
0.56 3.11 0
0.56 3.11 0
0.24 3.36 0
0.27 3.2 0
0.24 3.24 1
0.27 3.03 1
0.29 3.76 1
0.28 3.36 1
0.28 3.18 0
0.2 3.11 0
0.22 3.2 1
0.33 3.26 1
0.38 3.11 1
0.26 3.14 0
0.26 3.14 0
0.26 3.24 0
0.45 3.1 0
0.26 3.14 0
0.33 3.18 1
0.18 3.23 3
0.26 3.24 0
0.33 3.29 1
0.25 3.16 1
0.28 3.47 1
0.49 3.13 1
0.49 3.13 1
0.33 3.2 1
0.23 2.97 1
0.37 3.08 1
0.25 3.36 1
0.29 3.04 1
0.39 3.18 1
0.29 3.04 1
0.3 3.1 0
0.25 3.09 0
0.26 3.27 1
0.33 3.2 1
0.21 3.35 1
0.31 3.14 1
0.01 3.26 2
0.23 3.03 0
0.23 3.15 0
0.28 3.22 1
0.13 3.4 0
0.3 3.2 3
0.17 3.07 0
0.3 3.24 1
0.32 3.36 1
0.32 3.36 1
0.29 3.12 1
0.18 3.19 0
0.26 3.06 1
0.32 3.16 1
0.17 3.0 1
0.33 3.14 1
0.22 3.32 1
0.31 3.19 0
0.2 3.17 0
0.33 3.14 1
0.25 3.12 0
0.25 3.16 1
0.22 3.32 1
0.22 3.32 1
0.17 3.0 1
0.19 3.03 1
0.53 3.06 1
0.54 3.06 1
0.54 3.06 1
0.21 3.32 1
0.18 3.14 0
0.27 3.13 1
0.53 3.06 1
0.54 3.06 1
0.37 3.18 0
0.3 2.99 1
0.36 3.13 0
0.3 3.26 1
0.34 3.36 1
0.37 3.05 0
0.37 3.05 0
0.3 3.26 1
0.53 3.19 1
0.31 2.96 1
0.32 3.35 1
0.22 3.39 0
0.37 3.05 0
0.33 3.1 1
0.32 3.11 1
0.26 3.22 1
0.3 3.26 1
0.34 3.36 1
0.3 3.09 0
0.4 3.26 0
0.46 3.17 1
0.23 3.38 1
0.32 3.34 2
0.22 3.33 1
0.26 3.11 1
0.3 3.49 2
0.27 3.4 2
0.35 3.16 2
0.66 3.66 0
0.26 3.03 0
0.66 3.66 0
0.27 3.23 1
0.32 3.18 1
0.15 3.3 1
0.28 3.35 2
0.32 3.2 2
0.23 3.1 1
0.26 3.08 2
0.24 3.34 2
0.29 3.19 0
0.34 3.21 1
0.32 3.42 2
0.26 2.99 1
0.24 2.97 1
0.26 3.46 1
0.51 3.1 1
0.37 2.86 1
0.25 3.02 1
0.23 3.41 1
0.38 3.28 1
0.35 3.12 1
0.33 3.26 0
0.38 3.28 1
0.3 3.22 1
0.78 3.01 1
0.3 3.12 1
0.31 3.2 1
0.3 3.32 1
0.3 3.07 1
0.29 3.22 1
0.0 3.15 1
0.31 3.2 1
0.33 3.3 2
0.34 3.0 1
0.35 2.8 1
0.34 3.06 1
0.18 3.18 1
0.29 3.11 1
0.32 3.16 1
0.32 3.04 0
0.3 3.12 1
0.27 2.9 2
0.04 3.14 3
0.36 3.22 1
0.36 3.25 0
0.21 3.16 0
0.2 3.15 0
0.18 2.9 0
0.28 3.26 2
0.37 3.01 0
0.18 3.36 2
0.28 3.26 2
0.12 3.22 0
0.19 3.07 1
0.38 3.22 2
0.22 3.26 2
0.3 3.36 1
0.25 3.26 1
0.23 3.05 0
0.91 3.39 1
0.37 3.18 1
0.37 3.18 1
0.34 3.04 2
0.32 3.23 2
0.39 3.22 2
0.91 3.39 1
0.41 3.23 1
0.38 3.11 1
0.15 3.25 1
0.25 3.28 0
0.41 3.04 1
0.25 3.28 0
0.26 3.26 1
0.41 3.04 1
0.36 3.01 1
0.3 3.37 2
0.35 3.24 1
0.22 3.09 1
0.34 3.32 2
0.28 3.29 2
0.29 3.36 2
0.21 3.11 0
0.06 3.44 0
0.06 3.44 0
0.25 3.26 2
0.47 3.24 0
0.28 3.1 2
0.41 3.09 2
0.41 3.09 2
0.41 3.09 2
0.41 3.09 2
0.25 3.21 1
0.25 2.87 1
0.41 3.27 1
0.41 3.09 0
0.36 3.14 1
0.33 3.32 2
0.34 3.32 2
0.36 3.14 1
0.53 3.17 0
0.34 3.32 2
0.33 3.32 2
0.33 3.46 0
0.49 3.08 1
0.14 3.47 0
0.14 3.47 0
0.52 3.28 2
0.29 3.35 2
0.37 3.29 1
0.32 3.18 1
0.52 3.28 2
0.49 3.08 1
0.14 3.47 0
0.04 3.17 3
0.37 3.29 1
0.33 3.11 1
0.32 3.06 1
0.34 3.44 1
0.32 3.23 0
0.04 3.17 3
0.32 2.88 1
0.32 2.88 1
0.32 2.88 1
0.32 2.88 1
0.31 2.93 2
0.32 3.38 0
0.32 2.88 1
0.31 2.93 2
0.32 3.13 2
0.4 3.19 1
0.32 3.13 2
0.74 3.04 1
0.33 3.1 0
0.33 3.1 0
0.09 3.26 1
0.09 3.26 1
0.28 3.33 2
0.5 3.2 1
0.16 3.36 1
0.4 3.03 2
0.16 3.4 1
0.28 3.28 1
0.31 3.35 1
0.31 3.3 2
0.16 3.4 1
0.16 3.36 1
0.28 3.25 1
0.4 3.03 2
0.32 3.29 1
0.38 3.12 1
0.38 3.31 1
0.15 3.24 1
0.32 3.29 1
0.32 3.11 0
0.33 3.34 1
0.28 3.06 1
0.46 3.18 1
0.33 3.34 1
0.33 3.04 1
0.48 3.49 1
0.28 3.06 1
0.31 3.12 1
0.43 3.27 0
0.6 3.24 0
0.38 3.34 1
0.38 3.34 1
0.22 3.55 1
0.31 3.33 1
0.36 3.22 1
0.36 3.22 1
0.32 3.25 2
0.25 3.36 1
0.31 3.33 1
0.46 3.24 0
0.31 3.24 1
0.32 3.23 1
0.37 3.32 0
0.19 3.67 0
0.25 3.44 5
0.5 2.86 1
0.5 3.23 1
0.24 3.12 0
0.25 3.13 1
0.37 3.32 0
0.62 3.14 1
0.36 3.23 2
0.26 3.43 1
0.35 3.16 1
0.73 3.12 1
0.26 3.18 2
0.26 3.18 2
0.35 2.98 1
0.26 3.16 1
0.26 3.16 1
0.27 3.12 1
0.3 3.47 2
0.25 3.31 2
0.29 3.24 1
0.34 3.56 4
0.25 3.27 4
0.25 3.3 2
0.3 3.16 1
0.3 3.16 1
0.3 3.16 1
0.3 3.16 1
0.45 3.16 0
0.31 3.24 2
0.34 3.16 3
0.4 3.32 1
0.4 3.13 1
0.32 3.16 1
0.19 2.97 1
0.0 3.1 3
0.09 3.15 0
0.1 3.14 0
0.5 3.04 1
0.5 3.04 1
0.31 3.02 0
0.29 3.01 2
0.39 3.46 4
0.4 3.57 4
0.31 3.02 0
0.33 3.15 1
0.42 3.13 1
0.5 3.04 1
0.0 3.53 1
0.32 3.19 1
0.3 3.18 0
0.29 3.17 2
0.29 3.17 2
0.32 3.31 1
0.19 3.16 0
0.2 3.11 1
0.33 3.31 2
0.29 3.17 2
0.34 3.36 4
0.5 3.18 2
0.46 3.24 3
0.34 3.23 1
0.09 2.93 1
0.3 2.91 1
0.67 3.19 0
0.24 3.21 1
0.4 3.42 0
0.42 3.32 1
0.33 3.35 2
0.5 3.1 0
0.35 3.18 1
0.01 3.2 2
0.2 2.91 1
0.25 3.2 1
0.4 3.24 1
0.35 3.18 1
0.5 3.1 0
0.47 3.19 1
0.48 3.18 1
0.34 3.2 2
0.35 3.23 0
0.29 3.48 1
0.29 3.48 1
0.33 3.1 1
0.35 3.23 0
0.33 3.1 2
0.27 3.23 1
0.26 3.27 1
0.26 3.24 0
0.28 3.49 1
0.3 3.36 2
0.26 3.47 1
0.36 3.11 0
0.38 3.03 1
0.24 3.38 1
0.15 3.52 3
0.36 3.28 2
0.25 3.44 1
0.57 3.17 1
0.25 3.21 0
0.23 3.28 1
0.29 3.18 0
0.3 3.29 1
0.09 3.41 2
0.35 3.05 1
0.44 3.1 0
0.35 3.05 1
0.44 3.1 0
0.38 3.3 0
0.23 3.32 0
0.29 3.1 1
0.39 2.9 1
0.39 2.9 1
0.33 3.08 1
0.51 3.12 0
0.34 3.03 1
0.33 3.04 1
0.29 3.23 1
0.3 3.31 1
0.32 3.2 2
0.23 3.3 0
0.35 3.06 1
0.21 3.29 1
0.34 3.27 1
0.31 3.31 1
0.33 3.19 1
0.28 3.15 2
0.4 3.37 1
0.41 3.14 0
0.32 3.33 1
0.36 3.49 1
0.26 3.12 1
0.42 3.36 2
0.0 3.25 0
0.02 3.24 3
0.4 3.15 1
0.4 3.15 1
0.27 3.07 1
0.13 3.26 0
0.17 3.27 1
0.38 3.14 0
0.4 3.15 1
0.28 3.21 2
0.22 3.04 2
0.36 3.04 0
0.27 3.07 1
0.29 3.06 1
0.32 3.24 1
0.38 3.29 0
0.29 3.27 1
0.36 3.15 0
0.19 2.99 1
0.3 3.34 2
0.38 3.26 1
