0.31287 -0.58331 0
-0.67825 1.43533 0
-0.46725 -0.84732 1
-0.14882 -0.01928 2
0.73545 -0.45174 2
-0.67825 -1.55521 3
-0.46725 -0.45174 1
-1.32828 -0.84732 0
0.62967 -0.97631 2
-0.24649 -1.42424 1
-1.05308 -1.11902 0
-1.32828 0.14143 0
2.28554 0.44585 0
-0.79151 -0.01928 4
-0.92104 0.44585 1
-2.05048 -1.55521 0
-1.55078 -1.68062 1
0.52135 -0.31776 1
1.37297 -0.17779 1
-0.34799 -2.39883 2
-0.79151 0.7233 1
-1.1943 -1.11902 0
0.41667 -0.84732 2
1.60383 -1.27553 1
-0.14882 1.24033 0
-0.79151 -1.27553 0
-0.05188 -3.27393 1
0.52135 -0.01928 1
0.04257 -0.71727 1
-1.32828 0.88309 5
0.31287 -1.27553 1
-1.1943 0.14143 6
-0.79151 -0.01928 1
0.41667 0.29338 1
1.02119 0.88309 2
-0.24649 -2.63199 6
-0.24649 -0.17779 1
0.31287 1.06238 1
-1.55078 0.29338 1
-0.24649 -1.11902 1
0.04257 -0.01928 0
0.82562 1.06238 2
-0.14882 -1.27553 1
-0.92104 -0.31776 1
-1.05308 0.44585 0
-0.46725 1.24033 0
0.31287 -1.11902 6
-2.05048 0.29338 0
0.13606 -0.31776 1
0.82562 -1.97495 1
1.02119 -0.17779 1
1.13281 -0.58331 3
-0.14882 -1.42424 0
-1.43907 1.06238 0
0.04257 -0.58331 1
0.04257 -1.11902 6
0.04257 -1.68062 0
-0.58016 -1.97495 4
0.22393 -0.01928 0
-0.46725 -1.27553 0
1.37297 0.29338 0
-2.21844 1.24033 0
-0.58016 -1.82919 0
1.02119 -0.71727 0
-1.55078 1.06238 1
0.73545 -0.84732 0
-1.05308 -1.11902 2
-0.34799 1.06238 0
-0.92104 0.29338 0
-0.05188 -1.68062 1
-0.34799 0.14143 1
-0.46725 -0.31776 0
-1.55078 -0.01928 1
-0.67825 -0.31776 1
-1.1943 -2.8595 6
-0.14882 -1.55521 0
-0.34799 -1.55521 2
0.13606 -0.58331 6
-0.79151 -2.09015 1
-0.34799 -1.97495 0
0.04257 0.44585 1
-0.79151 -0.01928 0
-2.05048 -0.97631 0
1.02119 -1.11902 6
-0.34799 -0.31776 0
-0.46725 -1.55521 6
0.73545 -1.11902 0
-0.92104 -0.45174 0
0.31287 -1.42424 6
0.91093 0.29338 0
1.37297 0.7233 1
0.41667 0.7233 3
-1.55078 -0.45174 2
-0.14882 -0.97631 6
-0.67825 -0.97631 0
-0.46725 1.06238 1
0.13606 0.29338 2
-0.46725 -0.31776 0
-1.1943 -0.01928 2
-0.67825 0.7233 1
-1.05308 0.58331 1
-0.58016 -1.68062 2
-0.58016 1.43533 1
0.04257 -0.31776 2
-0.92104 -0.17779 0
-2.21844 -1.82919 6
1.02119 -1.82919 2
0.13606 -1.27553 0
-0.46725 0.14143 0
-0.79151 -1.42424 0
-0.14882 0.14143 0
0.31287 -0.84732 1
-1.1943 0.88309 6
0.04257 0.29338 2
-2.3436 1.43533 2
0.22393 -0.84732 0
0.62967 0.14143 2
1.60383 1.43533 0
1.8399 -2.39883 0
-0.34799 -0.97631 0
-1.05308 -0.97631 1
1.49158 -1.55521 3
0.22393 -0.17779 1
0.22393 -0.45174 0
-0.34799 0.29338 6
-0.46725 0.44585 1
-1.1943 -1.11902 0
-0.34799 -0.84732 0
0.04257 0.14143 5
-0.79151 -1.11902 1
0.91093 -1.42424 0
-1.55078 -1.27553 2
-0.24649 -0.58331 2
-0.05188 0.29338 0
3.27393 -0.31776 1
-1.69163 -0.58331 4
-0.14882 -1.68062 0
-1.1943 0.29338 2
-0.46725 0.14143 1
-0.05188 -0.58331 1
1.98437 1.43533 0
-0.79151 -1.11902 0
-0.46725 -1.27553 1
-1.69163 -0.58331 4
0.13606 -0.45174 1
-0.46725 -1.11902 2
0.22393 -0.17779 1
-0.58016 -0.71727 2
-0.05188 -2.63199 2
-0.79151 -0.71727 2
-0.24649 0.14143 0
0.52135 -1.82919 0
-0.46725 -0.71727 0
-0.67825 -1.68062 1
2.82196 0.7233 0
0.62967 -1.27553 0
1.23461 -0.31776 0
-1.05308 -1.82919 1
-0.24649 -0.31776 6
-0.46725 -0.58331 2
1.02119 0.44585 0
-0.67825 -0.84732 0
0.22393 -0.17779 6
1.8399 -0.31776 2
0.13606 -1.55521 6
-0.24649 -0.31776 1
1.49158 0.7233 0
0.04257 -0.97631 3
0.22393 -1.27553 0
-0.34799 -1.42424 0
1.37297 -0.31776 3
-0.34799 2.15324 1
0.52135 -0.45174 0
1.02119 1.24033 1
1.02119 -2.21069 1
0.62967 0.44585 0
-0.14882 -0.84732 6
1.49158 -1.27553 0
0.82562 -0.45174 0
0.41667 -0.97631 0
0.31287 -1.55521 0
-1.32828 -0.31776 0
0.31287 -0.31776 0
1.98437 0.29338 1
0.04257 -0.97631 1
0.31287 -0.01928 0
-0.67825 0.14143 1
-0.79151 -1.97495 2
0.41667 -2.09015 2
-0.34799 -0.45174 0
-1.43907 -0.84732 0
-0.34799 -1.11902 0
-0.79151 -0.17779 0
0.31287 -0.45174 0
-0.92104 -0.01928 6
0.62967 0.7233 0
-0.58016 -0.58331 2
-0.34799 -0.71727 0
-0.05188 0.58331 1
-0.46725 0.7233 2
-0.58016 -0.84732 1
-0.14882 -0.58331 0
-0.67825 -0.45174 1
-1.55078 -2.39883 0
-0.14882 1.24033 0
-0.14882 0.29338 0
-0.05188 0.58331 0
-0.67825 -0.58331 0
0.13606 -0.17779 2
-1.43907 1.06238 5
0.73545 -1.42424 6
-0.67825 -1.11902 0
0.13606 -0.84732 1
0.52135 -1.27553 0
-0.14882 0.44585 0
1.60383 -0.71727 0
0.22393 0.29338 0
1.23461 0.44585 3
0.31287 -0.84732 2
-0.34799 0.14143 1
0.82562 0.29338 0
-0.14882 -0.45174 6
-0.24649 0.7233 1
-1.1943 -0.31776 4
-0.46725 0.29338 0
-1.32828 0.88309 1
-0.46725 -0.71727 0
0.22393 -0.97631 0
-0.67825 -0.01928 1
-1.05308 0.14143 1
1.02119 -1.82919 0
0.13606 -0.45174 1
0.04257 -0.01928 0
-0.67825 -1.42424 1
0.41667 -0.01928 2
0.04257 -1.27553 0
1.49158 -0.17779 1
0.91093 -2.21069 0
0.52135 -0.71727 2
-1.86962 0.7233 0
0.62967 -0.01928 2
2.127 -0.84732 0
1.49158 -3.27393 0
-0.58016 0.7233 0
1.98437 -0.17779 0
-0.24649 -1.68062 0
1.37297 -1.27553 0
-0.92104 -1.11902 1
-2.42317 -0.31776 0
1.13281 -0.17779 0
-0.46725 -0.31776 0
0.62967 -0.71727 2
-1.43907 -0.58331 0
-0.79151 0.29338 1
1.37297 -0.71727 2
-1.1943 1.06238 0
-0.46725 -0.31776 2
0.04257 0.88309 2
0.52135 -0.45174 0
-1.05308 0.29338 1
-0.46725 2.15324 0
-0.67825 0.7233 3
-0.92104 -0.31776 6
-1.05308 -0.01928 0
-0.46725 -0.01928 0
-0.24649 -0.45174 3
-1.1943 -0.17779 1
-0.92104 -1.27553 1
-1.05308 0.58331 1
-0.92104 -0.84732 2
-2.3436 1.65653 1
0.73545 0.44585 1
-1.05308 -0.01928 1
0.22393 -1.11902 1
0.22393 0.14143 1
0.41667 0.14143 2
-0.92104 -0.58331 1
-1.05308 1.06238 0
-0.24649 -0.31776 0
-1.32828 0.29338 0
-0.05188 0.7233 1
0.04257 -2.21069 0
-0.05188 0.14143 0
-0.92104 0.14143 1
-1.1943 0.7233 6
-0.92104 -0.71727 0
0.22393 -0.17779 0
0.31287 -0.45174 6
0.62967 -0.71727 1
-2.05048 -0.71727 2
-0.92104 -0.84732 5
0.62967 0.44585 0
-0.05188 -0.58331 6
1.13281 -0.17779 6
-0.34799 -0.17779 0
1.37297 0.14143 0
0.82562 0.14143 5
0.13606 -1.42424 0
0.82562 -0.17779 0
-0.24649 -1.55521 6
0.52135 -0.71727 1
-0.14882 -0.01928 1
-0.34799 -1.27553 1
-1.05308 -1.27553 2
0.22393 -0.84732 0
-0.46725 -0.71727 0
-1.69163 -0.17779 0
-0.79151 -0.17779 1
-1.32828 -0.84732 6
1.13281 -1.97495 6
-0.34799 -0.45174 1
0.04257 0.29338 0
-0.58016 -0.71727 0
-0.79151 0.58331 0
-0.46725 1.06238 0
-0.79151 -0.97631 0
0.04257 -0.71727 3
0.31287 -1.27553 2
0.73545 -0.58331 0
0.52135 -0.97631 0
-0.79151 0.44585 0
0.91093 -1.68062 1
0.22393 1.43533 0
-0.79151 -0.17779 0
-0.58016 -1.97495 1
-1.86962 -0.01928 1
0.22393 -1.27553 0
-0.34799 -0.97631 2
-1.05308 -0.71727 4
-0.24649 -0.97631 1
-0.46725 -1.55521 5
2.82196 -0.84732 1
-1.32828 -0.97631 2
-0.14882 -1.42424 2
0.41667 0.58331 1
0.62967 -0.17779 0
-0.58016 1.06238 0
-1.86962 0.29338 1
-0.14882 -0.58331 0
-0.46725 0.88309 0
-1.69163 -0.31776 0
0.62967 -0.01928 4
0.22393 -0.01928 0
-1.86962 1.43533 4
0.04257 -0.17779 3
-0.14882 1.65653 1
-0.92104 -0.01928 3
-0.58016 -0.45174 1
0.52135 -0.58331 0
1.02119 0.88309 2
0.41667 -0.01928 0
-0.14882 0.44585 4
-0.46725 -0.17779 3
0.22393 -0.01928 3
0.62967 1.24033 1
-1.1943 -1.27553 1
2.46262 -0.97631 6
0.41667 0.88309 3
-0.58016 0.58331 0
0.52135 -0.01928 3
0.62967 1.06238 0
0.41667 -0.17779 3
1.23461 -1.27553 0
0.41667 0.14143 0
-0.14882 -0.58331 0
-1.05308 -0.17779 5
-1.1943 0.29338 0
-0.05188 -1.68062 1
1.23461 0.29338 6
0.22393 0.14143 0
1.02119 1.65653 0
0.91093 -1.11902 0
-0.34799 0.7233 1
-0.24649 0.88309 1
0.13606 0.29338 1
-0.92104 -0.71727 0
-0.46725 -1.68062 0
0.82562 0.58331 5
0.82562 0.7233 1
-0.46725 -0.31776 3
-0.34799 -1.11902 2
-0.79151 -0.17779 0
0.13606 -0.45174 0
-0.24649 -0.97631 4
-0.58016 -2.39883 0
-2.05048 -1.11902 2
-1.32828 -0.58331 5
0.13606 0.14143 6
-0.58016 -0.17779 0
-0.67825 0.29338 3
0.62967 0.14143 0
-0.46725 -0.58331 0
-0.79151 -2.21069 1
-1.43907 -0.17779 1
0.22393 -0.45174 1
-1.86962 -0.97631 1
0.13606 -0.84732 1
-0.79151 0.29338 1
-0.92104 1.43533 4
-0.14882 -1.97495 2
0.13606 -0.45174 0
-0.92104 -0.31776 0
-1.43907 -0.31776 0
0.91093 -0.17779 6
0.13606 1.88511 0
1.8399 1.65653 6
1.37297 -0.31776 1
-0.67825 0.58331 6
-1.55078 0.7233 4
1.02119 0.44585 0
-0.46725 0.29338 6
0.13606 -0.97631 1
0.04257 0.7233 0
-1.86962 -1.11902 1
-0.58016 -0.58331 1
-0.05188 0.29338 0
-0.79151 0.14143 0
0.31287 1.06238 1
0.62967 -0.17779 1
0.31287 -0.01928 2
0.31287 -1.42424 0
-0.79151 -0.01928 2
-1.05308 -0.71727 1
0.52135 1.65653 6
-0.34799 0.14143 1
0.22393 -0.31776 0
0.62967 -0.17779 1
-0.92104 -2.09015 0
0.22393 -1.42424 0
0.04257 -0.97631 0
-0.24649 -1.68062 0
0.22393 -1.11902 1
-0.14882 -1.55521 0
0.04257 -1.11902 2
-0.67825 1.06238 4
-1.43907 0.29338 1
2.82196 -0.84732 0
1.37297 0.29338 2
-0.46725 -0.58331 1
-0.67825 -2.09015 6
-0.92104 0.29338 0
0.41667 -0.71727 0
-0.46725 0.58331 0
1.02119 -0.58331 0
0.22393 0.44585 1
0.04257 -0.84732 1
1.13281 1.06238 0
-0.34799 0.44585 0
0.73545 -0.84732 0
-1.1943 -0.84732 0
-0.14882 0.14143 0
1.23461 -0.31776 0
-0.14882 0.88309 1
0.82562 0.7233 1
1.60383 0.29338 1
-0.46725 0.14143 0
0.62967 0.14143 1
0.91093 1.88511 2
1.23461 1.24033 1
1.49158 -2.63199 0
0.82562 1.43533 6
1.02119 -0.58331 1
0.31287 1.06238 0
1.37297 -0.01928 0
0.31287 1.06238 5
0.22393 1.24033 1
-0.05188 -0.71727 1
-1.1943 1.43533 0
2.82196 -1.42424 6
0.13606 0.29338 2
-0.92104 1.06238 0
0.31287 -0.17779 0
1.37297 -0.45174 3
-0.24649 0.14143 1
-1.1943 -0.45174 6
1.72012 0.58331 1
1.49158 -0.71727 1
0.41667 -0.31776 1
0.41667 1.43533 1
1.13281 -0.17779 6
1.02119 0.29338 1
-0.67825 0.29338 5
1.23461 1.43533 3
-0.58016 -0.58331 2
-0.46725 -1.55521 1
1.49158 1.06238 0
1.8399 1.24033 2
0.41667 0.14143 1
1.98437 0.29338 6
-1.05308 0.88309 0
0.62967 0.44585 0
-0.92104 0.44585 1
0.52135 0.88309 0
0.73545 0.88309 1
-1.1943 0.44585 2
-0.79151 0.58331 6
0.04257 2.90161 1
-0.05188 0.88309 2
1.37297 1.43533 0
0.04257 -0.84732 6
-0.58016 -1.42424 6
-1.55078 -0.31776 0
0.04257 -0.31776 4
-0.05188 -0.31776 4
0.41667 0.29338 6
-0.46725 0.88309 2
0.13606 -0.97631 6
1.49158 -1.11902 0
-1.05308 -0.31776 0
0.04257 -0.58331 0
0.41667 -0.17779 0
0.41667 0.58331 1
-0.14882 -0.17779 6
0.91093 -1.55521 1
-1.43907 0.44585 0
-0.14882 -0.71727 1
0.31287 0.29338 3
0.52135 0.14143 3
-0.14882 -1.27553 0
0.22393 -0.97631 0
0.62967 -0.84732 6
0.04257 -0.01928 0
-0.24649 -0.17779 0
0.13606 -1.82919 3
-0.67825 1.06238 0
-1.86962 -1.11902 1
0.91093 -0.31776 2
0.62967 -0.17779 1
0.73545 -0.01928 0
0.91093 0.58331 0
1.02119 -0.71727 0
-0.24649 -0.71727 2
-0.34799 -0.71727 2
-1.86962 -0.45174 1
0.91093 0.88309 0
1.37297 -0.97631 1
0.73545 -1.27553 5
1.13281 -0.01928 1
-1.32828 -0.17779 1
-1.05308 -0.17779 0
0.22393 -0.01928 2
0.73545 0.88309 1
0.82562 -0.97631 1
1.23461 -0.71727 0
1.60383 -0.45174 0
-0.92104 0.88309 3
-1.86962 -0.97631 0
1.23461 0.14143 2
-1.1943 0.14143 2
-0.14882 -1.42424 1
-0.79151 0.14143 2
1.72012 -0.17779 3
1.02119 -0.45174 1
0.62967 -0.45174 2
0.22393 -1.11902 1
-0.14882 0.29338 1
-1.69163 -0.17779 2
-0.46725 -0.58331 0
-0.79151 0.44585 1
1.02119 -0.71727 1
0.62967 0.44585 0
2.61139 -1.55521 1
0.82562 -0.58331 0
-0.46725 -0.01928 3
0.31287 0.14143 0
0.91093 -0.97631 0
1.8399 1.24033 1
1.02119 -0.17779 4
-0.34799 -0.17779 1
0.22393 -1.11902 1
-1.69163 -0.17779 1
1.23461 -1.68062 1
-0.92104 0.44585 0
2.127 -1.82919 1
-1.86962 -1.55521 0
0.82562 0.14143 2
1.02119 -0.71727 2
1.02119 0.29338 1
-0.14882 0.58331 0
-1.1943 -1.11902 1
-0.92104 0.44585 1
0.31287 1.65653 1
0.62967 -0.58331 0
-0.24649 -0.31776 3
0.73545 1.24033 3
0.31287 -0.31776 0
-0.46725 0.44585 0
-1.32828 0.29338 3
-0.58016 -0.58331 6
0.41667 -0.31776 1
-2.75696 0.14143 0
-0.05188 -0.01928 0
-0.34799 -0.58331 0
0.31287 -0.45174 1
-1.43907 0.7233 0
-0.34799 -0.31776 4
0.04257 -0.58331 0
0.52135 0.29338 2
0.73545 -0.58331 1
1.02119 0.7233 2
0.52135 -1.11902 1
1.98437 0.7233 1
-0.67825 -0.45174 0
0.41667 0.29338 0
-2.52197 1.88511 0
-0.46725 -1.11902 0
-0.05188 0.88309 3
-1.69163 1.24033 1
1.23461 -1.42424 2
-0.92104 0.88309 1
-0.67825 -0.58331 0
-1.1943 -0.17779 4
1.98437 -0.31776 1
-0.24649 -0.71727 6
0.13606 -0.45174 1
1.02119 -0.17779 3
-0.92104 -0.31776 6
-0.05188 0.88309 0
-0.67825 0.7233 0
0.52135 -0.45174 0
-0.92104 -0.17779 0
-0.14882 -0.31776 0
-0.34799 -0.45174 1
0.04257 -1.27553 1
-0.34799 -0.58331 1
-0.05188 -0.84732 1
-1.69163 -1.55521 0
1.23461 -1.27553 0
-0.46725 0.58331 0
0.52135 1.65653 1
0.41667 -0.31776 0
1.23461 -1.27553 0
-0.67825 0.44585 0
1.23461 -0.01928 1
-0.79151 -0.17779 0
-0.67825 -0.45174 2
-0.34799 -0.97631 2
-0.24649 -1.42424 0
-0.24649 0.88309 0
-0.14882 0.44585 0
-0.67825 0.88309 0
-1.05308 -0.31776 0
0.22393 -1.68062 0
0.04257 -0.31776 0
-0.46725 -0.31776 0
-1.43907 1.06238 1
1.13281 1.06238 1
-0.14882 -1.27553 0
-0.46725 2.44904 0
0.62967 0.44585 0
1.02119 1.24033 0
-0.67825 -0.01928 1
-0.34799 -0.71727 0
-0.46725 -0.45174 0
1.23461 0.29338 2
1.13281 1.43533 0
0.62967 0.44585 0
-0.79151 1.88511 0
-1.32828 -0.01928 1
-0.24649 -0.71727 1
0.04257 0.29338 0
1.23461 -0.31776 1
-0.34799 0.58331 0
1.13281 0.14143 1
-2.05048 0.14143 6
0.91093 1.24033 2
-1.69163 0.14143 0
-0.58016 0.44585 1
-0.34799 -0.45174 0
-0.46725 -0.01928 3
-0.24649 1.43533 3
1.23461 0.44585 0
0.82562 -0.58331 6
-0.05188 -0.71727 6
0.22393 -1.68062 6
0.52135 0.44585 1
2.28554 -0.31776 5
0.62967 -0.58331 0
0.22393 -0.17779 1
-1.32828 -1.27553 1
1.37297 0.44585 1
0.52135 -0.45174 6
0.91093 1.24033 2
-0.34799 0.7233 1
1.60383 1.43533 0
-0.92104 -0.97631 2
1.02119 -0.31776 3
0.82562 -0.45174 1
0.41667 -1.42424 1
-0.14882 -0.97631 2
0.22393 -0.31776 1
-1.1943 0.14143 1
-0.92104 -0.45174 0
-0.14882 -0.01928 1
-0.79151 0.44585 0
-1.69163 1.06238 2
-0.05188 0.88309 1
-0.14882 -0.71727 1
0.91093 0.44585 0
-1.05308 0.44585 4
-0.34799 0.58331 6
-1.43907 -0.17779 1
-0.79151 -0.58331 1
-1.43907 1.06238 6
-0.14882 -1.42424 2
-0.05188 0.29338 0
0.41667 -0.45174 0
-0.92104 -0.71727 6
0.91093 0.58331 0
-0.58016 -0.84732 6
0.52135 0.7233 2
0.52135 0.88309 1
0.73545 0.44585 0
0.62967 1.06238 0
-0.05188 -1.27553 6
-0.79151 -0.31776 0
-0.05188 -0.71727 0
-0.34799 -0.71727 0
1.23461 0.88309 1
1.60383 0.29338 2
-0.05188 -0.01928 4
-0.92104 0.29338 0
1.13281 0.7233 2
0.31287 0.7233 0
2.28554 0.7233 1
0.31287 -0.58331 0
-1.43907 0.7233 2
-0.58016 0.14143 1
0.73545 -0.97631 0
-0.79151 -0.31776 2
1.23461 0.7233 1
0.62967 0.29338 0
0.73545 1.43533 1
0.22393 2.44904 2
-0.46725 -2.8595 1
-1.05308 -0.01928 0
1.23461 1.43533 2
-0.05188 0.44585 1
-1.32828 0.58331 0
0.82562 0.29338 1
0.62967 -0.71727 0
-0.34799 -0.58331 4
-0.92104 -0.01928 0
0.73545 -1.11902 1
-0.05188 0.44585 2
0.41667 -1.42424 3
-1.69163 -0.97631 0
-0.14882 -0.01928 0
-2.3436 -1.82919 1
1.60383 1.06238 1
0.41667 -0.58331 0
-0.92104 1.43533 2
-1.43907 1.65653 0
0.62967 -0.58331 0
2.28554 -0.17779 1
0.41667 -0.01928 6
-2.75696 0.58331 1
0.04257 -0.84732 1
1.72012 -1.11902 1
-1.32828 1.43533 1
1.13281 0.58331 0
0.41667 1.06238 0
0.62967 2.15324 2
1.02119 0.29338 1
0.82562 0.14143 1
-0.34799 0.14143 2
1.02119 0.58331 1
0.62967 -1.27553 6
0.52135 -1.82919 5
1.23461 -0.45174 1
1.02119 -0.31776 4
-1.1943 0.58331 2
-1.69163 0.88309 2
0.13606 -0.84732 6
0.52135 0.7233 1
1.98437 2.15324 2
-2.21844 -0.31776 0
1.02119 -0.17779 2
1.02119 -0.84732 1
1.13281 0.29338 6
0.82562 0.88309 1
-0.24649 0.88309 1
1.37297 0.88309 2
-0.58016 0.14143 6
0.82562 0.14143 1
-1.69163 -0.58331 0
-2.05048 0.7233 6
-0.14882 0.88309 0
0.62967 0.58331 0
0.82562 0.29338 0
0.04257 -0.31776 0
-0.05188 1.24033 1
1.13281 -0.31776 6
0.41667 -0.31776 6
-0.58016 0.44585 0
0.13606 0.7233 1
1.23461 1.43533 0
-1.1943 -0.01928 2
0.52135 -0.17779 6
-0.46725 0.14143 0
0.13606 -0.97631 1
0.52135 -0.45174 0
1.98437 1.43533 1
-0.24649 -0.31776 3
-0.34799 0.7233 0
1.02119 1.06238 1
0.41667 -0.97631 6
-1.69163 -1.27553 0
-1.69163 1.06238 6
1.23461 0.88309 1
1.13281 -0.01928 2
0.52135 0.7233 6
-0.67825 -0.45174 0
2.46262 0.29338 0
0.13606 -0.01928 6
0.62967 0.88309 2
1.60383 -0.01928 0
-0.67825 0.7233 6
-0.34799 -0.17779 0
-0.05188 0.7233 1
-0.05188 0.7233 2
0.04257 -0.17779 0
0.62967 -2.8595 0
0.52135 0.14143 1
0.13606 1.24033 6
-0.92104 -0.01928 1
1.72012 1.06238 0
0.13606 1.88511 2
0.31287 -0.71727 1
0.91093 0.14143 2
0.13606 1.43533 1
0.04257 -0.01928 1
0.82562 -0.01928 0
0.52135 -0.45174 1
-1.69163 -0.01928 2
-0.34799 0.14143 6
-1.69163 0.58331 2
0.73545 2.15324 1
0.22393 0.58331 0
-0.58016 0.88309 2
-0.67825 0.29338 6
0.52135 0.14143 1
0.31287 1.06238 0
0.91093 -1.42424 1
0.52135 -1.55521 3
0.62967 0.29338 6
0.52135 1.06238 1
-1.69163 1.24033 2
0.41667 0.44585 0
-0.79151 1.43533 5
0.73545 -1.42424 3
0.04257 1.43533 0
-0.34799 -0.01928 0
0.52135 0.58331 0
-1.05308 1.88511 3
0.52135 -0.17779 0
1.37297 -0.45174 2
-1.05308 1.06238 0
1.02119 1.06238 6
0.62967 1.06238 1
0.04257 -0.17779 1
-1.86962 2.15324 5
1.60383 -0.17779 1
-0.14882 -0.58331 0
0.41667 0.58331 0
-0.05188 1.43533 1
-1.32828 0.7233 0
1.60383 0.88309 6
0.91093 1.06238 1
0.22393 0.14143 0
-0.67825 -0.01928 0
1.49158 0.14143 2
0.22393 -0.58331 0
0.73545 1.43533 0
1.23461 0.7233 6
-0.92104 0.7233 0
-0.58016 0.88309 0
1.23461 -0.31776 1
0.62967 0.88309 0
1.60383 0.29338 2
-1.1943 1.24033 3
0.04257 0.7233 1
1.49158 0.29338 0
1.02119 0.14143 2
0.41667 0.14143 2
-0.46725 0.7233 1
-1.05308 1.65653 0
0.41667 1.24033 0
0.13606 1.06238 2
-1.55078 0.88309 0
0.13606 -1.82919 6
1.02119 0.29338 2
3.27393 -0.84732 1
-1.43907 -0.01928 0
-1.86962 0.14143 2
-0.79151 -0.17779 0
1.8399 -0.45174 1
1.8399 -0.97631 1
-2.52197 -1.55521 0
0.04257 0.44585 0
0.22393 0.29338 1
-0.05188 -0.01928 2
1.02119 1.06238 1
1.37297 -0.17779 3
0.41667 0.14143 0
-1.32828 -0.71727 2
-0.24649 -0.31776 0
0.13606 -0.01928 0
1.37297 1.06238 1
2.127 -1.97495 2
0.73545 -0.71727 2
0.31287 -1.68062 6
-1.1943 1.24033 0
2.28554 -0.58331 0
0.22393 -0.01928 1
0.41667 -0.17779 2
1.72012 -0.17779 6
0.22393 2.15324 1
-0.24649 -0.71727 0
-1.1943 1.06238 1
0.13606 -0.01928 6
-1.1943 -0.71727 6
1.23461 -2.39883 6
1.02119 0.29338 6
-0.79151 0.58331 0
0.22393 0.88309 0
-0.58016 1.65653 2
-0.24649 0.7233 2
-0.67825 -0.58331 6
0.73545 1.24033 2
1.13281 -0.01928 6
-0.24649 1.06238 0
-1.32828 1.24033 0
2.28554 0.29338 2
0.41667 1.06238 6
-0.05188 0.58331 1
0.31287 -0.01928 0
0.41667 1.06238 1
0.91093 1.06238 0
-0.46725 2.44904 2
1.60383 0.58331 6
1.02119 0.44585 6
-0.34799 -0.58331 2
-0.67825 -1.11902 2
2.127 0.14143 1
0.41667 -2.39883 3
1.60383 -0.01928 0
0.62967 0.44585 1
-1.1943 1.88511 6
0.41667 0.29338 0
1.02119 -0.01928 0
1.37297 -0.31776 5
1.8399 -0.01928 2
-1.1943 -0.58331 0
-1.43907 0.14143 1
-0.24649 -0.01928 0
0.04257 1.43533 0
-0.05188 0.7233 0
0.31287 1.06238 0
-0.34799 1.88511 0
0.62967 -0.01928 0
-0.92104 -0.45174 0
-1.1943 0.7233 0
-0.92104 -0.01928 0
-0.58016 0.58331 2
-0.24649 1.88511 0
-1.55078 1.06238 1
-1.86962 0.58331 1
0.22393 -0.17779 0
0.41667 0.58331 1
1.49158 -1.11902 1
-1.86962 1.24033 1
1.23461 1.06238 0
-2.21844 0.58331 4
-0.58016 0.7233 5
-0.58016 -1.27553 0
1.23461 -0.45174 1
0.62967 0.7233 2
0.41667 0.14143 2
1.02119 -1.11902 1
0.62967 1.88511 0
-0.14882 1.24033 1
-0.14882 1.24033 0
0.73545 -0.71727 0
1.72012 0.44585 2
1.02119 0.44585 2
-0.79151 0.14143 0
1.72012 1.65653 1
0.31287 0.29338 0
-0.79151 0.58331 6
-1.1943 1.43533 0
0.52135 0.7233 0
-0.79151 -0.31776 0
-0.79151 -0.45174 0
1.13281 0.88309 1
-1.05308 -0.31776 6
-0.67825 -0.17779 2
1.23461 -0.31776 0
-0.05188 -1.27553 0
-0.34799 0.14143 2
2.127 -0.31776 6
1.8399 -1.11902 0
0.82562 -1.82919 0
1.8399 0.88309 6
-0.05188 1.65653 2
0.62967 -0.58331 1
1.23461 0.44585 0
-0.67825 -0.01928 1
-0.58016 1.88511 1
1.8399 0.44585 1
0.62967 0.14143 0
-0.79151 0.88309 0
-1.1943 2.44904 4
-2.21844 1.88511 1
0.31287 -0.84732 1
-0.34799 -0.97631 0
0.22393 0.29338 5
0.91093 -1.42424 6
0.13606 1.06238 1
2.127 -1.11902 0
1.37297 1.65653 0
-0.67825 1.06238 1
0.31287 0.44585 2
-1.1943 -0.71727 0
0.13606 0.44585 3
0.62967 -0.45174 0
-0.34799 0.58331 0
0.52135 -0.84732 0
-0.67825 0.58331 6
0.22393 -0.17779 6
0.22393 0.14143 1
1.23461 0.44585 1
0.52135 1.88511 1
0.52135 0.88309 1
-2.05048 0.58331 2
1.23461 -0.01928 1
0.22393 0.7233 0
0.73545 0.58331 1
0.62967 -1.97495 1
0.22393 -2.09015 1
1.02119 0.14143 0
0.91093 -1.42424 1
0.73545 1.43533 1
1.37297 1.88511 0
1.23461 0.44585 0
-1.43907 0.44585 1
-1.1943 -0.01928 0
1.02119 1.43533 0
-1.55078 0.7233 0
-0.67825 -0.97631 0
1.23461 -1.55521 1
0.41667 0.44585 0
-0.79151 1.65653 1
0.22393 0.7233 2
0.31287 -1.11902 2
0.73545 -1.27553 0
-0.58016 0.7233 0
-0.58016 1.65653 0
-0.24649 -1.42424 3
1.23461 1.65653 0
-1.69163 0.88309 0
-0.67825 1.65653 0
-3.15735 1.24033 2
1.23461 0.58331 0
-0.58016 -2.39883 6
-1.69163 -0.01928 1
-0.92104 1.06238 1
-0.05188 -0.45174 1
0.41667 0.29338 0
-0.46725 1.06238 0
1.60383 -0.17779 3
-0.67825 -0.01928 0
0.31287 -0.45174 1
-0.92104 0.7233 6
0.41667 -0.97631 2
1.8399 1.88511 6
-1.55078 -0.31776 2
0.52135 -1.42424 2
0.31287 -0.17779 1
-1.1943 0.29338 0
-0.24649 -0.31776 0
0.62967 -0.84732 1
-0.05188 0.44585 0
-0.24649 0.88309 1
-0.14882 0.58331 1
-0.05188 2.15324 6
0.52135 -0.01928 1
-0.46725 0.29338 1
-1.05308 0.14143 1
0.62967 -0.17779 0
-0.46725 -1.11902 2
-1.69163 -0.58331 6
-1.43907 -0.84732 1
-0.46725 0.14143 0
1.13281 -0.84732 0
-0.58016 1.65653 0
-0.92104 0.7233 6
0.04257 -0.01928 2
-1.32828 0.29338 0
-0.58016 -0.17779 1
0.31287 -0.58331 0
-0.79151 -0.17779 1
-1.05308 1.88511 0
-1.1943 0.7233 1
-0.14882 -0.45174 2
1.98437 0.44585 0
1.13281 1.06238 0
-0.92104 1.43533 1
2.46262 -1.82919 0
0.22393 -0.31776 0
0.41667 0.58331 1
-0.92104 -0.71727 0
-3.46436 -0.01928 0
0.52135 0.44585 6
0.91093 1.24033 0
1.60383 -0.17779 1
-1.69163 2.90161 1
1.02119 -0.01928 2
-1.05308 0.44585 0
-0.34799 -1.27553 3
-0.05188 1.65653 6
0.73545 -1.11902 1
-1.05308 -2.39883 1
1.37297 -0.45174 2
0.52135 -0.58331 6
1.37297 0.7233 2
1.02119 -0.71727 0
-1.55078 0.88309 0
0.41667 -0.17779 1
2.28554 0.7233 2
0.62967 0.14143 1
-1.32828 1.65653 6
0.41667 -1.11902 0
1.37297 -0.31776 6
-0.05188 -0.84732 0
0.31287 -0.01928 0
0.52135 0.44585 1
-0.92104 0.14143 1
1.60383 0.7233 2
0.41667 0.14143 2
1.98437 1.24033 1
0.22393 -0.71727 4
1.60383 -0.71727 0
0.22393 0.29338 0
-2.75696 -1.11902 0
1.8399 0.14143 6
0.13606 0.14143 0
-0.58016 -0.31776 4
1.23461 0.58331 2
1.72012 -0.58331 4
0.31287 -0.71727 6
0.52135 -0.17779 2
0.41667 0.29338 1
-0.92104 1.65653 1
0.22393 -0.31776 6
0.62967 1.88511 2
-0.46725 -0.31776 6
0.62967 0.14143 1
0.82562 -1.42424 0
0.04257 1.65653 0
-0.14882 0.29338 0
-0.34799 -0.01928 2
0.82562 0.44585 0
-0.34799 0.88309 1
0.52135 1.06238 0
0.82562 1.43533 1
0.41667 -0.17779 0
-1.1943 1.43533 1
0.13606 -0.01928 6
-0.24649 -0.97631 0
0.41667 1.43533 2
0.04257 0.88309 2
0.31287 -0.01928 1
-1.43907 -0.84732 6
0.82562 -0.01928 0
-0.46725 0.14143 0
2.127 1.88511 2
-0.79151 -0.58331 5
-0.14882 0.29338 3
1.72012 -0.58331 0
0.41667 -0.58331 1
-0.46725 0.88309 0
-0.14882 -0.17779 2
0.82562 0.58331 0
-1.05308 0.29338 1
1.23461 0.88309 0
-0.34799 0.44585 1
-1.1943 0.44585 2
-2.21844 0.7233 0
0.62967 0.44585 6
1.60383 0.44585 1
-2.75696 1.06238 0
0.31287 0.7233 0
0.91093 -0.01928 0
0.52135 -0.58331 2
-0.92104 -0.17779 5
-0.34799 -0.71727 0
2.127 -1.27553 6
0.13606 0.44585 1
0.31287 1.88511 0
-0.67825 0.29338 1
0.41667 -0.31776 0
0.82562 0.44585 6
-1.05308 -0.01928 0
-0.46725 1.43533 2
0.13606 0.7233 1
-1.55078 0.58331 6
-1.05308 -0.45174 0
-1.43907 0.58331 0
-0.24649 0.29338 0
0.91093 0.58331 2
-0.24649 0.58331 0
0.73545 -1.42424 1
1.23461 0.88309 1
-0.14882 1.43533 0
0.41667 -0.31776 0
0.31287 -0.17779 0
-1.32828 0.7233 2
1.02119 0.29338 2
1.02119 0.14143 1
-0.24649 0.29338 0
-0.46725 -2.21069 0
0.91093 -0.01928 0
0.62967 0.58331 1
0.52135 1.24033 0
1.13281 0.14143 3
-1.05308 1.24033 6
0.13606 1.06238 1
1.02119 1.06238 1
1.60383 0.44585 0
0.73545 0.58331 0
0.04257 -0.01928 2
0.13606 0.58331 0
-1.69163 1.24033 0
0.04257 0.88309 2
0.31287 0.88309 0
-0.05188 0.44585 1
0.41667 0.29338 3
1.02119 -0.45174 1
-1.32828 -1.27553 6
-0.92104 -1.42424 2
0.52135 -0.97631 1
-1.32828 -0.01928 2
-1.32828 -2.21069 6
0.13606 -0.84732 1
-0.58016 -0.31776 0
-0.46725 1.43533 0
-0.92104 0.44585 1
0.73545 1.24033 1
0.31287 -1.97495 0
-0.34799 -1.97495 1
0.04257 -0.31776 6
1.37297 0.29338 1
-1.05308 -0.01928 0
1.49158 -0.71727 1
-0.92104 -0.58331 6
-0.34799 -0.45174 6
-0.67825 -0.31776 0
1.49158 1.06238 2
0.31287 -0.97631 1
0.04257 -0.71727 1
-0.34799 -1.11902 1
-0.79151 -1.11902 0
1.8399 -0.31776 0
0.13606 -0.45174 1
0.41667 -1.11902 0
-0.05188 -0.45174 0
-1.32828 -1.11902 6
-0.14882 0.14143 1
1.72012 -1.82919 2
1.72012 0.88309 2
-1.05308 0.44585 0
-1.69163 -1.68062 6
-0.46725 0.58331 0
-0.05188 2.15324 0
-1.1943 0.7233 2
0.62967 -1.11902 0
0.82562 -0.84732 5
-1.32828 0.29338 2
-1.43907 0.14143 2
0.82562 0.44585 2
1.98437 -0.01928 1
-1.86962 2.90161 0
0.73545 -0.71727 6
-0.58016 2.15324 1
-0.05188 -0.01928 2
-0.46725 0.88309 0
1.13281 -0.01928 0
-0.24649 0.29338 0
1.8399 0.44585 0
0.73545 1.24033 1
1.8399 0.7233 0
0.04257 1.24033 2
-0.34799 -0.17779 1
-0.34799 0.58331 2
-2.05048 0.58331 1
0.91093 1.65653 6
-0.58016 1.43533 6
0.22393 0.14143 6
-0.67825 1.43533 0
-0.05188 -0.97631 0
-0.46725 1.65653 0
2.61139 1.06238 1
-0.34799 1.88511 2
-0.92104 -0.17779 1
-0.34799 0.14143 0
-1.43907 0.7233 0
0.52135 -0.97631 0
-0.24649 0.29338 1
-1.05308 0.88309 1
-1.32828 -2.39883 1
-0.92104 0.58331 1
-1.86962 0.7233 3
-0.92104 0.7233 0
0.04257 -1.68062 0
0.41667 -0.45174 0
-0.67825 -0.31776 1
0.82562 -0.17779 0
-0.46725 2.15324 2
0.22393 2.44904 0
1.02119 -0.17779 4
0.41667 1.06238 2
0.62967 0.29338 2
-0.92104 1.43533 2
-1.32828 0.14143 2
-0.67825 1.06238 0
1.8399 1.24033 0
1.49158 -0.01928 0
1.23461 0.88309 3
1.8399 -1.82919 2
0.41667 0.44585 0
-2.52197 0.7233 0
1.23461 0.44585 2
0.04257 -0.71727 1
0.13606 -0.45174 1
0.13606 0.29338 1
1.72012 -0.31776 0
-0.58016 2.15324 0
0.73545 -0.97631 1
-0.34799 1.24033 6
0.22393 -1.82919 0
1.37297 -1.11902 0
0.82562 1.65653 0
0.82562 0.44585 1
0.73545 0.88309 0
1.13281 -0.31776 2
-1.05308 0.29338 0
-2.05048 0.14143 6
0.41667 -0.97631 0
1.72012 -1.11902 3
-0.58016 1.24033 6
1.02119 1.43533 0
-0.14882 0.58331 2
-1.69163 0.58331 1
0.41667 -0.31776 2
-1.43907 0.88309 2
-0.46725 0.44585 2
0.52135 1.65653 0
-1.05308 1.65653 6
0.82562 0.58331 1
0.31287 0.14143 0
0.82562 -0.84732 0
-0.05188 0.29338 1
0.13606 -0.01928 1
0.22393 0.44585 6
1.49158 1.06238 0
0.41667 1.06238 0
2.46262 0.14143 2
-0.58016 -1.55521 1
1.23461 0.58331 2
1.13281 -0.31776 0
-0.58016 -0.01928 1
-1.05308 0.29338 6
1.49158 0.88309 0
0.62967 -0.45174 0
1.49158 0.7233 6
-0.58016 1.65653 0
-1.1943 -0.97631 0
-1.05308 1.06238 1
-1.32828 0.88309 0
-0.67825 0.44585 0
-1.55078 1.43533 0
-0.24649 -0.31776 0
-0.05188 1.06238 1
0.52135 1.65653 5
0.62967 0.44585 0
-0.14882 0.88309 0
0.82562 -0.58331 0
-0.46725 1.88511 0
-0.34799 -0.71727 5
1.37297 -0.17779 6
0.73545 0.14143 6
0.41667 -0.01928 0
1.72012 -1.27553 0
-0.58016 0.88309 0
-0.79151 -0.01928 6
0.82562 -0.58331 0
1.02119 -0.97631 0
0.62967 0.14143 0
0.91093 0.88309 1
0.41667 -1.11902 0
-2.42317 -1.82919 0
1.60383 0.58331 1
0.22393 -1.55521 1
-0.79151 1.24033 0
1.37297 -0.58331 1
-2.21844 -0.71727 0
-0.58016 0.58331 6
0.41667 1.43533 0
1.02119 1.24033 0
1.02119 -0.31776 0
-0.34799 1.43533 0
1.8399 -0.17779 6
-1.1943 -0.84732 0
0.91093 -0.71727 5
-0.14882 -1.27553 0
-0.34799 1.43533 1
0.82562 0.58331 2
-0.14882 0.7233 1
-0.05188 -0.01928 4
-0.79151 1.65653 2
0.62967 -0.31776 0
-0.24649 1.24033 1
0.31287 -0.17779 0
0.04257 -0.17779 1
-0.92104 0.58331 2
0.73545 -0.71727 6
-0.24649 1.43533 1
1.23461 -0.58331 1
-1.05308 -0.71727 1
0.31287 -0.58331 0
0.41667 -1.11902 3
-0.79151 0.14143 1
-0.79151 0.29338 0
1.23461 0.29338 6
-1.86962 0.7233 0
-0.67825 -0.01928 1
-0.14882 -0.84732 1
-1.1943 0.14143 1
1.02119 -0.71727 4
-0.46725 0.7233 1
-0.67825 -1.11902 1
-1.43907 0.29338 0
-0.67825 0.29338 2
0.04257 -1.11902 2
-1.1943 0.58331 0
-0.58016 -0.84732 5
-1.05308 0.88309 0
-1.05308 -0.01928 0
0.41667 2.15324 6
0.31287 -1.55521 2
-0.46725 -0.17779 0
0.73545 1.43533 0
-2.05048 0.14143 0
0.52135 -0.45174 2
-1.32828 -0.17779 2
-0.92104 -0.01928 0
-2.05048 0.14143 0
0.13606 0.88309 0
0.13606 -0.45174 0
-1.1943 0.88309 1
-2.75696 -0.58331 2
0.73545 -0.31776 6
-0.58016 0.7233 0
-1.86962 0.88309 2
-0.14882 -1.27553 2
0.31287 -0.01928 0
-1.86962 -0.58331 5
-0.79151 0.29338 0
-0.14882 -0.17779 1
-0.24649 0.88309 1
1.02119 -0.84732 2
2.46262 -0.58331 0
-0.34799 -0.17779 0
0.41667 -0.01928 1
-0.92104 1.65653 1
-0.05188 -2.09015 0
1.37297 0.7233 6
1.60383 0.14143 2
-0.92104 0.14143 0
-0.24649 0.7233 0
0.52135 -0.45174 6
-1.05308 -0.84732 0
-1.1943 1.24033 1
-0.05188 -1.27553 0
0.73545 -0.17779 1
-0.46725 -0.17779 1
1.37297 -0.58331 0
-0.05188 -1.42424 0
1.49158 -0.71727 1
-0.14882 0.58331 2
2.127 -0.45174 0
0.91093 -0.45174 0
-0.79151 -0.01928 2
-1.1943 0.29338 0
0.62967 -0.45174 0
-1.05308 0.44585 0
-0.34799 -0.01928 0
0.62967 0.58331 2
0.41667 0.88309 1
-0.46725 1.43533 1
-0.46725 -0.31776 1
1.72012 0.29338 0
0.04257 1.06238 1
2.82196 1.06238 2
1.02119 0.88309 1
0.73545 0.7233 0
0.91093 -0.17779 5
0.73545 1.65653 0
2.28554 0.29338 1
-0.14882 -0.84732 6
1.23461 0.29338 6
1.02119 -0.01928 1
-0.79151 1.65653 0
0.62967 1.43533 0
0.04257 1.88511 1
-0.24649 -1.27553 5
1.37297 -0.17779 0
1.37297 1.06238 0
-0.05188 1.24033 6
0.82562 1.88511 2
1.60383 1.24033 3
0.82562 0.29338 1
0.52135 1.24033 0
0.91093 1.06238 1
-1.86962 0.58331 1
-1.55078 1.65653 0
-1.1943 1.06238 6
-0.14882 1.24033 0
1.02119 0.58331 0
-0.92104 -0.45174 0
0.04257 -0.97631 1
0.31287 -0.84732 0
-0.46725 0.29338 0
0.13606 -1.11902 0
0.04257 -0.58331 2
1.13281 0.88309 1
0.62967 1.88511 1
-1.55078 -0.97631 1
0.82562 0.29338 1
-0.14882 -0.71727 2
0.82562 0.88309 2
1.02119 0.88309 6
-0.24649 0.29338 6
1.49158 0.88309 6
-1.1943 -1.68062 0
-0.67825 0.58331 0
-0.46725 -1.11902 1
0.41667 -1.82919 6
-0.14882 -1.27553 1
-0.58016 -1.27553 1
-0.05188 -0.84732 1
-1.55078 -0.01928 0
0.31287 -0.97631 1
-1.32828 -0.58331 0
-1.86962 0.44585 2
-0.92104 -0.84732 0
0.73545 -0.71727 2
0.62967 -0.31776 4
0.22393 -1.27553 4
0.73545 -0.84732 2
-0.05188 -2.8595 1
-0.46725 -1.42424 1
0.82562 0.29338 0
2.46262 -0.31776 2
-1.55078 1.24033 0
-0.05188 -1.11902 0
-1.05308 -0.45174 0
-0.79151 -0.01928 1
-0.58016 -0.84732 6
0.31287 -0.31776 1
1.02119 0.7233 6
-0.05188 -1.11902 6
-0.24649 -1.82919 2
-0.24649 -0.58331 0
-1.05308 -1.11902 6
0.41667 1.43533 2
-0.46725 -0.45174 1
0.62967 -2.39883 0
-0.24649 -1.27553 2
0.31287 -0.01928 1
0.73545 0.14143 0
0.13606 0.14143 1
0.04257 0.88309 0
-0.34799 -1.68062 0
-1.32828 -0.58331 1
-2.05048 -0.01928 2
0.82562 -0.84732 0
-2.05048 -0.97631 0
-0.79151 -0.45174 0
0.04257 0.29338 0
-0.24649 -0.45174 0
-0.58016 0.88309 0
-0.05188 0.14143 0
-0.67825 -0.97631 0
-0.79151 -1.82919 0
-1.1943 -1.42424 2
-0.67825 -1.11902 0
0.13606 0.14143 2
0.31287 1.06238 1
-0.05188 1.88511 2
-0.34799 -0.01928 0
-0.24649 -2.21069 5
-1.55078 0.44585 0
-0.79151 -0.01928 0
-0.24649 2.44904 6
-0.14882 -1.68062 2
0.22393 -0.97631 0
-0.34799 -1.42424 6
0.13606 -0.97631 0
-2.52197 0.29338 2
-1.1943 1.24033 0
0.62967 -1.55521 1
0.52135 0.7233 0
0.31287 -1.11902 0
0.31287 1.06238 0
0.13606 -0.45174 0
1.37297 -0.97631 1
-1.55078 0.58331 0
0.52135 -1.27553 0
0.13606 -0.17779 0
-0.79151 -0.01928 0
-0.79151 -1.27553 1
-1.43907 -1.42424 0
-1.86962 -1.27553 2
0.62967 -0.01928 6
0.13606 -0.84732 3
-0.14882 0.88309 1
-2.21844 -0.17779 0
1.60383 -0.45174 1
-0.34799 -0.84732 0
0.04257 -1.27553 2
-1.43907 -1.68062 0
0.04257 -1.68062 2
1.8399 0.14143 0
0.22393 -0.71727 0
-0.05188 -0.97631 1
0.31287 -0.58331 1
1.02119 -0.17779 0
-1.69163 -1.42424 2
0.04257 -0.01928 6
-0.67825 -0.71727 6
0.04257 -0.31776 0
0.04257 0.14143 1
0.82562 -0.58331 0
-0.67825 -0.17779 2
-0.14882 -0.84732 6
0.04257 1.24033 0
-1.69163 -0.84732 2
0.22393 0.29338 0
-0.79151 -0.31776 0
0.31287 -0.71727 0
-0.79151 -1.82919 0
1.72012 -0.71727 2
-1.69163 -0.31776 6
-0.14882 2.44904 2
-2.21844 0.29338 1
1.60383 2.15324 6
-0.67825 -0.31776 3
-0.67825 -0.01928 0
-1.05308 -0.31776 2
0.04257 0.44585 0
-0.58016 -0.71727 0
0.04257 1.65653 2
0.13606 -1.55521 6
0.62967 -0.84732 6
-1.1943 -0.71727 2
0.62967 -1.82919 1
0.62967 1.24033 0
-0.58016 -0.58331 6
-1.05308 0.88309 6
-0.46725 -1.42424 0
-0.79151 -2.09015 0
2.28554 -0.97631 6
1.37297 -0.01928 0
-0.24649 -1.68062 0
0.13606 -0.01928 6
-0.05188 -0.71727 0
-0.24649 -0.84732 0
-0.46725 -1.11902 0
0.13606 -0.01928 2
0.52135 0.44585 0
1.37297 0.88309 2
-1.05308 -0.45174 1
1.49158 -1.11902 1
0.13606 1.65653 1
1.02119 -0.84732 1
1.98437 0.14143 6
-1.43907 -0.01928 0
0.73545 -0.31776 0
-0.46725 -0.97631 0
-0.92104 -0.01928 1
-0.46725 -0.17779 1
0.13606 -0.45174 6
-1.1943 0.7233 1
0.62967 0.7233 2
-1.69163 0.7233 1
1.37297 2.15324 2
1.98437 2.15324 1
-0.58016 -1.97495 0
-0.34799 -0.58331 1
0.41667 -0.01928 0
0.62967 -1.11902 2
-0.92104 -1.42424 2
-0.46725 -0.58331 0
-0.46725 -0.84732 0
-1.05308 -0.84732 1
-0.79151 0.7233 2
0.04257 0.58331 0
-0.79151 -0.84732 0
-2.3436 -0.01928 2
-0.05188 -1.68062 0
1.23461 0.58331 4
-0.14882 -0.58331 0
0.41667 1.06238 0
-1.1943 -0.45174 0
0.04257 -0.01928 0
0.41667 -1.11902 5
-0.46725 -2.63199 0
-0.05188 0.7233 1
-2.05048 -1.42424 1
-1.32828 -0.58331 0
-1.1943 -2.21069 6
0.13606 0.58331 0
-1.69163 -1.82919 2
-0.79151 -0.45174 1
-2.21844 -0.01928 2
0.62967 -0.71727 1
-0.34799 0.29338 0
0.41667 -0.84732 2
-0.92104 -1.55521 0
-1.05308 -0.58331 0
-2.42317 -2.21069 0
-1.43907 0.29338 0
-1.32828 -0.17779 0
-0.14882 -0.71727 0
0.22393 -0.45174 2
-0.92104 -0.58331 1
1.49158 0.88309 0
-1.55078 1.06238 0
-0.58016 -0.58331 0
-0.46725 -1.42424 6
-1.86962 -0.97631 2
-0.24649 -0.58331 5
0.13606 0.44585 1
1.37297 2.90161 0
2.61139 -0.45174 0
-0.24649 -0.84732 0
1.98437 1.43533 0
-0.67825 -0.71727 0
-0.14882 -0.01928 1
-1.05308 0.44585 2
1.02119 2.44904 0
0.73545 1.43533 0
1.02119 -2.39883 1
-0.92104 0.14143 6
-0.24649 -0.01928 0
-0.58016 0.14143 0
-0.24649 -0.17779 0
0.52135 -0.01928 2
-0.79151 1.88511 2
0.91093 0.14143 0
0.52135 1.43533 2
0.82562 1.24033 0
0.31287 0.14143 6
0.91093 1.24033 0
-0.79151 -1.11902 0
-0.46725 -0.01928 0
-0.24649 -0.17779 3
-0.34799 1.06238 2
0.91093 -0.45174 1
0.82562 0.44585 5
-0.92104 0.44585 2
0.82562 1.43533 0
1.02119 -1.68062 4
-0.05188 -0.01928 0
-0.24649 0.29338 3
1.37297 -2.09015 0
-1.43907 -1.55521 0
-0.34799 0.7233 0
1.23461 -0.84732 0
1.02119 -0.45174 0
-0.14882 -0.45174 0
-0.67825 1.88511 1
0.52135 0.14143 2
-0.34799 -0.17779 1
0.04257 2.44904 0
0.13606 0.44585 6
-0.24649 0.7233 2
0.62967 1.88511 1
-0.46725 0.58331 2
0.82562 2.90161 5
0.04257 1.06238 1
0.73545 -2.09015 3
0.31287 1.88511 1
1.49158 -0.01928 6
-0.58016 -1.97495 0
2.28554 -0.01928 3
0.52135 2.90161 1
-0.79151 1.43533 2
-0.14882 1.06238 1
0.41667 1.43533 2
0.82562 0.88309 0
0.04257 -0.84732 2
-0.14882 1.24033 0
0.41667 -0.58331 2
1.23461 1.06238 2
-0.58016 1.06238 1
-1.55078 1.06238 1
1.37297 0.44585 2
-0.67825 0.14143 2
0.91093 2.44904 3
0.13606 -0.97631 1
-1.86962 0.14143 0
-0.05188 0.29338 2
0.13606 0.58331 0
-2.75696 1.24033 1
1.60383 1.43533 3
1.37297 0.44585 6
-0.79151 1.88511 6
1.23461 1.06238 2
-0.46725 -0.58331 1
0.04257 0.14143 0
0.22393 0.88309 2
-1.05308 0.14143 2
-0.34799 0.44585 0
0.82562 -0.31776 3
0.13606 0.29338 1
0.22393 0.44585 1
-2.75696 0.88309 0
-0.34799 0.29338 1
-0.67825 -0.45174 1
0.62967 -0.01928 6
1.98437 0.88309 3
0.31287 0.44585 6
-0.05188 -0.01928 1
-1.55078 1.88511 2
0.41667 0.44585 3
0.13606 1.43533 0
1.13281 1.24033 2
-0.24649 -0.01928 0
-0.58016 2.15324 1
-0.05188 0.58331 0
-1.32828 0.88309 0
1.60383 1.24033 1
0.62967 0.44585 6
-1.05308 -0.97631 3
2.127 1.88511 6
0.31287 -0.31776 0
0.41667 -0.17779 1
-0.14882 -0.45174 0
-0.46725 -0.45174 6
-0.14882 -0.31776 0
-1.55078 2.15324 6
-0.14882 0.58331 0
-1.1943 0.58331 2
0.31287 -0.31776 6
1.72012 1.65653 1
-0.24649 0.44585 2
-0.34799 0.7233 1
-1.69163 1.06238 0
-0.34799 1.24033 0
0.73545 0.44585 1
0.62967 2.90161 0
-2.05048 2.15324 0
0.04257 2.44904 0
0.13606 1.43533 1
1.13281 0.29338 1
-0.58016 0.29338 3
-0.14882 1.43533 6
-1.05308 1.88511 1
1.02119 1.43533 1
-0.79151 2.44904 0
0.73545 0.58331 0
2.127 2.44904 0
-0.05188 0.58331 0
-0.14882 1.43533 1
1.49158 -0.58331 1
-0.05188 0.88309 2
-0.79151 0.29338 2
-1.1943 1.88511 0
-0.24649 0.58331 0
1.13281 -1.27553 2
0.91093 0.29338 0
-0.46725 1.65653 2
