83 197 0
84 199 0
106 196 1
82 207 0
70 183 2
106 183 2
73 204 2
66 202 0
62 208 0
98 204 1
70 202 0
66 202 1
74 195 2
85 197 0
79 199 2
103 194 3
51 185 0
77 199 2
100 195 1
100 193 3
75 192 2
53 183 0
64 206 2
70 199 2
105 201 1
80 199 0
54 183 1
98 199 1
85 193 2
63 185 1
85 196 0
77 205 1
66 202 3
107 202 3
85 205 3
90 200 0
72 185 2
86 194 0
98 197 1
68 189 2
104 193 3
51 183 0
87 194 0
76 197 1
106 202 1
82 194 0
70 194 0
66 182 2
81 193 0
79 208 1
63 185 1
71 195 1
101 197 3
62 209 2
104 184 2
66 208 0
96 199 1
84 192 0
103 201 3
68 187 0
98 204 3
63 187 3
70 183 0
66 188 2
86 197 2
75 188 3
68 184 2
101 195 3
78 201 0
84 195 2
98 193 3
108 198 3
91 200 3
53 184 3
89 199 0
103 198 3
83 194 1
62 185 1
94 191 2
68 182 2
71 190 2
92 189 2
68 196 0
80 193 3
76 197 2
106 182 2
84 200 0
60 190 0
84 201 2
57 184 3
107 199 1
84 195 3
100 198 1
87 195 0
66 188 2
108 197 3
80 189 1
68 192 2
105 202 3
65 182 2
66 185 2
85 204 0
68 196 0
60 194 0
83 191 2
103 199 1
105 205 3
77 193 3
68 185 2
79 195 2
77 200 0
83 196 0
75 187 3
50 187 3
85 196 0
88 198 0
100 195 3
109 201 1
64 184 2
79 202 2
54 185 1
78 192 0
82 206 0
57 195 1
71 196 0
80 193 0
70 189 2
66 191 2
88 200 0
95 194 2
104 197 1
77 203 1
101 206 1
68 186 0
100 195 3
83 194 0
75 192 0
64 201 0
63 188 1
80 199 0
80 209 1
63 182 2
107 206 3
68 183 2
80 204 3
107 200 3
85 196 0
76 200 2
72 209 1
64 204 0
96 206 1
84 197 2
72 210 3
106 202 1
79 197 0
103 183 2
78 203 3
70 190 0
74 196 1
75 198 3
53 183 3
101 206 3
81 205 1
72 195 1
104 195 3
91 198 3
78 211 1
104 199 1
68 184 2
70 185 0
103 200 3
103 183 2
81 202 0
98 189 2
84 195 0
78 197 2
90 198 3
72 198 2
73 205 2
70 187 0
106 200 1
60 185 3
66 207 2
53 190 1
106 199 1
75 197 2
81 204 2
76 196 3
105 195 3
78 198 3
94 203 3
81 199 0
76 194 1
98 184 2
86 196 1
66 185 2
104 196 1
72 187 2
71 186 2
72 185 2
85 195 0
74 204 1
103 198 3
100 194 3
58 206 0
81 198 0
79 198 3
64 182 2
70 188 2
100 192 3
89 209 3
69 195 0
71 197 2
89 189 2
72 192 3
86 191 3
77 187 1
103 196 3
68 191 2
57 202 0
101 196 3
85 195 0
81 198 2
72 186 2
66 189 1
79 203 0
98 197 1
66 201 0
106 199 1
64 185 1
47 184 0
40 183 1
68 183 2
104 198 1
64 201 0
78 192 0
74 200 2
65 184 2
101 197 3
74 189 2
77 205 3
73 201 3
59 182 2
108 199 1
75 191 0
75 185 0
73 204 2
83 199 1
103 196 3
53 189 1
66 183 0
103 196 3
80 193 0
68 203 2
85 196 0
110 202 1
77 201 1
69 203 3
104 197 1
101 196 3
54 184 1
88 198 1
60 199 0
70 207 0
100 208 1
71 187 2
65 183 2
81 207 1
60 207 0
62 185 0
68 184 2
88 202 1
88 207 0
80 207 0
106 184 2
70 201 2
73 191 2
66 187 3
109 202 1
73 206 2
93 198 3
73 189 2
73 184 2
110 206 1
77 191 0
85 201 1
70 195 2
84 196 0
103 194 3
57 184 1
66 194 0
81 192 0
76 193 2
63 201 0
102 183 2
75 204 2
86 195 2
66 187 1
98 205 1
77 201 2
98 197 1
78 197 3
72 204 2
68 209 0
70 186 2
73 196 2
107 203 1
103 198 3
100 202 3
107 206 3
90 199 1
83 197 0
70 195 2
104 201 3
63 184 2
62 184 0
66 194 0
105 211 1
51 183 0
92 186 2
100 199 1
109 183 2
65 182 2
96 199 1
88 204 1
63 182 2
96 209 3
82 193 3
88 206 0
80 197 1
78 207 0
96 200 3
109 200 3
65 182 2
102 187 2
103 200 1
76 193 0
88 190 2
91 205 0
73 194 2
72 196 2
75 190 3
54 183 1
101 198 3
101 196 3
106 185 2
110 205 1
77 208 3
84 206 0
69 209 3
101 200 3
58 183 1
78 200 0
69 188 2
90 201 1
88 197 3
76 201 2
109 202 1
82 196 3
96 205 3
109 201 1
105 205 1
81 198 1
85 197 0
77 189 3
105 200 1
85 196 0
59 185 1
68 187 2
81 193 3
77 198 2
72 203 2
87 202 0
77 203 2
53 183 0
95 186 2
108 201 1
60 192 1
54 184 1
98 199 3
60 186 3
100 182 2
71 187 2
109 199 3
71 197 3
87 194 0
89 199 1
85 197 0
85 196 0
107 198 3
65 183 2
70 202 0
90 203 0
75 194 2
83 195 1
76 192 3
106 181 2
75 195 2
70 203 2
64 201 0
108 205 1
80 197 3
105 194 3
77 208 0
101 202 3
73 200 2
64 188 3
75 191 1
71 196 2
86 199 1
77 201 1
51 184 3
71 184 2
78 202 3
82 193 0
108 201 3
70 199 2
74 205 2
70 187 2
72 206 1
58 182 0
101 196 3
66 207 1
70 184 2
93 200 3
69 203 3
98 197 3
89 202 3
104 202 1
70 202 0
108 201 1
91 191 2
83 191 1
70 185 2
105 197 1
68 203 0
64 185 0
71 186 3
86 198 3
109 208 1
98 201 1
73 191 0
60 198 0
88 201 3
101 184 2
74 191 0
101 202 1
104 193 3
91 192 2
82 201 0
75 199 2
74 204 3
74 206 3
71 200 2
101 204 1
68 184 2
70 185 0
73 199 0
105 195 3
90 208 1
62 208 0
107 201 3
81 198 3
66 183 3
80 199 2
71 186 2
70 186 2
104 194 3
108 200 1
62 210 0
66 194 0
109 202 3
93 184 2
105 196 3
73 187 3
104 196 1
101 198 3
78 194 0
89 198 2
64 182 2
100 194 1
91 196 3
79 198 3
76 196 0
78 193 0
71 186 2
103 195 3
81 199 1
86 189 3
108 201 3
109 201 1
76 206 1
66 183 2
98 196 3
105 182 2
72 198 2
98 201 3
82 197 0
53 183 0
98 198 3
100 197 3
96 195 3
66 187 3
72 189 1
94 197 3
100 199 1
112 206 1
78 198 3
92 200 0
105 195 3
70 182 2
77 198 3
107 201 3
71 208 1
74 193 0
58 184 3
75 211 3
108 204 1
75 187 1
76 209 0
89 196 1
73 188 0
69 204 1
81 196 0
107 203 3
76 195 1
95 197 1
103 201 3
73 206 2
61 182 2
90 199 1
103 186 2
105 207 1
63 188 0
57 182 0
88 202 0
101 199 1
66 208 0
103 196 3
96 184 2
74 201 2
58 206 0
86 204 1
74 197 1
70 189 2
84 195 0
66 183 0
70 203 2
75 200 2
103 198 1
58 186 0
72 189 3
89 195 1
66 182 2
98 204 1
86 199 3
102 185 2
66 190 1
66 182 2
101 197 1
96 194 3
88 192 3
93 199 1
75 198 3
70 205 2
85 210 1
103 197 1
83 191 1
69 182 2
66 200 0
108 203 1
69 198 1
87 201 0
80 193 0
105 196 3
103 201 1
103 199 1
100 198 3
82 208 3
66 190 3
66 182 2
68 196 0
104 199 1
101 196 1
89 193 2
64 203 0
108 198 3
74 191 3
78 194 3
105 196 3
65 183 2
69 191 3
72 188 2
77 201 1
59 183 0
83 194 3
83 193 3
66 198 0
82 196 2
63 204 1
77 203 2
78 208 0
109 198 3
85 203 1
79 199 3
105 200 1
70 205 0
62 204 0
72 198 3
60 182 2
105 196 3
85 192 0
42 183 3
75 202 2
50 185 1
69 210 3
69 206 3
49 184 0
68 187 0
96 193 3
103 197 1
81 195 0
100 202 1
108 205 1
75 195 1
101 198 1
70 193 2
71 193 2
84 199 2
63 204 0
63 191 1
107 200 3
70 183 2
101 203 3
53 184 3
62 186 0
69 209 1
65 183 2
76 200 2
105 197 3
98 199 3
76 190 2
104 200 1
83 198 2
88 199 0
77 192 3
79 205 2
75 188 1
105 197 1
77 193 1
104 196 1
66 186 1
78 211 3
92 204 3
88 210 1
44 183 0
76 193 2
85 193 0
77 209 0
94 201 1
60 209 0
100 203 1
66 185 1
83 193 1
72 209 0
85 195 0
96 204 3
104 203 1
91 200 0
66 183 2
96 198 3
83 206 3
88 191 2
66 203 3
80 195 1
109 198 3
73 188 2
80 194 2
70 183 2
76 195 2
76 193 0
70 203 2
73 193 0
109 183 2
74 202 2
66 182 2
69 200 3
107 184 2
52 184 1
105 205 1
85 210 1
71 191 2
100 205 1
75 192 0
92 205 1
66 184 0
82 192 1
75 202 2
71 190 2
83 192 3
98 198 3
103 198 1
83 201 3
78 210 0
104 194 3
102 198 1
70 199 0
58 203 0
82 192 0
96 200 3
98 187 2
102 196 1
100 200 1
108 203 1
70 206 2
109 199 3
88 205 1
74 200 2
110 198 3
101 198 1
76 198 3
108 201 1
85 195 0
100 202 3
85 199 0
76 192 0
105 204 1
68 206 2
72 194 3
96 196 3
107 201 3
103 184 2
73 199 0
102 184 2
55 183 0
77 191 3
104 197 1
93 188 2
98 189 2
85 202 0
104 199 1
74 200 2
78 197 3
101 197 1
88 202 0
69 184 2
66 197 0
68 184 2
85 204 0
90 196 1
78 200 1
51 184 0
36 200 4
72 205 1
64 201 0
58 194 0
95 196 1
72 191 1
68 183 2
84 191 0
92 203 3
100 208 1
69 191 0
98 196 3
106 197 1
70 184 2
78 199 1
70 201 2
101 194 3
83 200 1
68 185 2
105 202 3
93 195 3
70 188 2
72 195 0
75 199 2
101 197 1
98 184 2
103 200 1
64 184 0
96 198 1
64 210 0
98 194 3
96 198 1
52 190 0
66 182 2
103 197 1
70 190 0
100 197 1
85 192 1
66 181 2
68 201 0
104 196 3
88 197 2
76 195 2
53 183 0
63 201 3
108 205 1
100 194 3
76 200 2
80 197 0
60 188 3
80 199 3
84 201 2
101 204 3
68 185 2
82 193 1
105 196 1
68 191 2
55 183 1
103 194 3
69 190 3
72 202 2
77 191 0
66 183 2
68 185 2
85 195 0
108 203 1
96 197 3
98 197 1
71 186 1
96 195 3
82 207 0
105 198 3
96 196 3
84 190 3
92 206 3
100 198 3
66 191 0
82 191 0
70 208 2
70 205 2
109 199 1
83 191 1
51 182 1
105 183 2
66 196 0
77 199 1
76 200 0
72 203 0
66 207 3
87 195 1
84 197 0
101 201 1
78 195 1
66 190 0
