-13.1873 6.0673 0
-17.2348 2.4489 0
-16.1955 3.9771 0
-14.9223 3.8454 0
-15.7635 3.6960 0
-14.9938 5.5000 0
-16.3174 4.1695 0
-15.1853 3.8060 0
-15.8036 2.7467 0
-16.2751 2.6027 0
-14.4707 5.4092 0
-16.0871 4.3242 0
-14.1700 5.8799 0
-14.3226 5.0219 0
-14.1978 5.1457 0
-15.3375 5.3336 0
-15.8796 3.2764 0
-14.0375 5.0483 0
-13.2173 5.0842 0
-15.5616 2.3863 0
-15.4892 4.2177 0
-15.1965 4.2198 0
-16.2723 3.6408 0
-13.6319 3.0342 0
-15.6042 4.6550 0
-15.4554 4.1620 0
-14.2921 4.3982 0
-13.7923 5.3261 0
-14.0142 3.5856 0
-16.2000 3.1793 0
-14.3710 3.6909 0
-13.4389 3.3861 0
-15.6116 4.7498 0
-14.0033 2.8184 0
-15.8460 2.6017 0
-15.1311 3.3810 0
-15.6816 4.0572 0
-15.6250 2.0795 0
-14.9034 4.3468 0
-15.5264 4.5280 0
-15.3572 4.4475 0
-16.5750 1.3865 0
-15.8447 3.8579 0
-15.3159 4.6807 0
-14.2101 4.4071 0
-14.1012 4.9729 0
-14.0311 2.8109 0
-16.9479 2.9477 0
-15.8906 3.7377 0
-16.6935 3.9011 0
-13.8292 3.8045 0
-13.6540 3.1947 0
-14.1688 4.8305 0
-14.6608 5.0553 0
-14.4599 3.7220 0
-14.4122 3.4753 0
-16.0562 3.3817 0
-13.6638 3.9451 0
-15.8984 5.5757 0
-16.5398 2.1150 0
-14.0055 4.6753 0
-15.5633 2.9349 0
-13.6998 3.7526 0
-13.4499 4.3949 0
-14.4653 2.6855 0
-14.7091 4.2426 0
-15.1192 3.4313 0
-14.5849 4.4257 0
-15.0570 5.0797 0
-15.8752 2.5181 0
-14.0476 3.5854 0
-15.3551 5.0054 0
-14.3688 5.1547 0
-16.3473 4.5437 0
-16.2930 3.8777 0
-13.5770 4.1761 0
-15.2398 4.7366 0
-15.4025 3.8866 0
-13.0100 4.8970 0
-15.6952 3.7793 0
-15.9534 2.3788 0
-15.6938 4.9699 0
-15.9080 2.2825 0
-15.4605 3.3223 0
-16.4075 3.1800 0
-14.8717 3.1219 0
-15.4357 4.4301 0
-16.8491 2.4249 0
-15.5485 2.9488 0
-14.0987 5.4933 0
-15.4891 3.6423 0
-14.7904 4.2401 0
-15.7578 4.1803 0
-13.5792 4.6326 0
-15.7700 3.7350 0
-15.2554 2.4933 0
-15.4091 4.5632 0
-14.9333 4.4937 0
-14.2450 5.8901 0
-15.1086 4.9132 0
-16.0071 3.5958 0
-16.1294 2.1743 0
-15.1046 4.3251 0
-15.2532 4.1424 0
-12.9422 5.2261 0
-15.7233 4.5858 0
-14.6490 3.9440 0
-14.2864 3.0397 0
-14.3336 3.6249 0
-15.1474 4.0587 0
-15.6086 3.6177 0
-14.5444 4.2777 0
-16.4512 2.8091 0
-14.7764 4.1380 0
-16.3891 3.2729 0
-16.8806 3.7309 0
-14.4325 4.7445 0
-15.3807 3.6861 0
-15.5696 3.8615 0
-15.1400 4.0640 0
-15.1274 3.3825 0
-14.2971 4.0408 0
-17.0490 3.6530 0
-14.9810 4.0326 0
-15.0962 3.3989 0
-15.9352 3.9106 0
-14.6887 5.2843 0
-13.1550 4.6513 0
-14.5958 5.1572 0
-14.0766 4.9739 0
-17.1788 3.5433 0
-16.0961 2.5479 0
-15.4243 3.9414 0
-13.0225 4.0700 0
-16.5564 5.0194 0
-15.7654 4.7564 0
-15.4779 2.9718 0
-14.8118 2.8430 0
-14.7656 4.4333 0
-14.6987 4.4264 0
-16.6881 2.9463 0
-16.4033 2.6831 0
-15.2161 5.0083 0
-13.2102 4.0141 0
-14.6977 2.6791 0
-14.5498 5.1679 0
-14.1257 4.2596 0
-14.7076 3.8989 0
-14.9353 2.9490 0
-15.7718 3.9049 0
-13.4102 2.3342 0
-15.4988 3.3983 0
-16.1007 4.0995 0
-16.5294 3.4269 0
-14.0101 5.9337 0
-13.3279 5.4633 0
-14.9168 3.5459 0
-14.6812 3.8227 0
-15.2321 2.9586 0
-13.2304 5.5240 0
2.8036 -8.7899 1
4.9764 -7.7227 1
5.4778 -7.3860 1
5.0297 -6.4400 1
5.3921 -8.7487 1
7.4269 -7.3539 1
4.7439 -8.5209 1
4.4196 -9.8106 1
5.6406 -7.6220 1
7.3590 -7.2237 1
5.9987 -7.3770 1
5.9975 -7.0127 1
4.9798 -9.2263 1
4.7776 -8.6702 1
5.9877 -6.2386 1
5.0748 -8.9998 1
5.8514 -7.4512 1
5.3475 -8.5545 1
5.4891 -8.9987 1
4.0575 -7.4877 1
4.5060 -9.7346 1
4.6215 -7.8504 1
4.2726 -9.2910 1
4.8753 -8.5415 1
3.9842 -6.8684 1
4.2704 -8.5948 1
5.9704 -9.3458 1
5.6818 -8.3517 1
2.9436 -9.8126 1
6.3096 -9.0132 1
4.2045 -9.2691 1
4.1601 -7.9622 1
6.5273 -7.7387 1
5.6807 -6.9547 1
4.6890 -8.6942 1
3.9910 -5.9939 1
4.1980 -7.7002 1
4.9243 -7.7528 1
5.4108 -9.7873 1
3.6344 -8.8046 1
3.7582 -7.4669 1
6.0839 -7.3924 1
4.1189 -8.3793 1
5.8968 -7.5966 1
5.9600 -6.8814 1
6.1264 -6.9939 1
4.5750 -7.3383 1
4.0723 -8.3376 1
4.7401 -7.6867 1
5.8260 -7.3345 1
4.0128 -6.7398 1
4.4456 -7.8408 1
4.9615 -7.1140 1
5.1296 -7.1125 1
4.6025 -6.9272 1
5.2972 -7.6008 1
5.4849 -8.3487 1
7.0848 -6.2467 1
4.4071 -9.0674 1
3.7033 -8.3682 1
7.4176 -6.4484 1
6.2112 -8.2642 1
4.9319 -6.7928 1
5.2118 -7.8894 1
4.7020 -6.9801 1
6.7761 -8.3761 1
4.8096 -8.2486 1
4.2412 -5.5077 1
4.9853 -6.8880 1
6.2905 -7.8149 1
4.1131 -9.9009 1
6.0554 -5.8462 1
6.2931 -7.5001 1
3.8020 -8.9894 1
4.4391 -5.6013 1
3.3921 -10.1057 1
3.9001 -6.0441 1
5.0458 -9.5605 1
5.3255 -8.6203 1
4.9788 -9.2988 1
4.7975 -7.2814 1
6.2859 -6.5750 1
6.8388 -5.9352 1
4.3416 -7.9925 1
4.4879 -7.7020 1
6.8044 -7.8473 1
4.9548 -8.8804 1
4.8658 -8.3830 1
4.7526 -6.7002 1
4.6205 -6.9099 1
3.8774 -8.6189 1
4.2064 -8.8827 1
7.1702 -7.8708 1
2.5699 -9.1878 1
5.6604 -8.5532 1
4.0945 -9.6192 1
4.3883 -9.4437 1
5.3114 -8.5831 1
3.9117 -8.1508 1
6.4789 -7.8143 1
6.2568 -7.4081 1
5.7302 -6.5832 1
4.6081 -7.9989 1
6.9129 -8.1170 1
6.3439 -7.7649 1
4.8772 -8.8627 1
5.4104 -8.8806 1
4.9806 -9.3216 1
4.1620 -9.7557 1
5.1397 -8.1938 1
4.6306 -8.2046 1
5.5243 -7.6550 1
4.9607 -6.9282 1
6.3621 -7.4348 1
4.8454 -8.3901 1
4.8029 -5.0692 1
4.3953 -7.4779 1
5.5265 -7.5809 1
5.9977 -8.1643 1
3.6416 -7.3140 1
3.5824 -7.4292 1
3.9383 -8.7231 1
5.4646 -6.6438 1
4.5641 -8.3669 1
4.9338 -7.4694 1
5.1758 -7.8566 1
4.2418 -7.7413 1
5.3108 -7.6191 1
4.8289 -8.7730 1
5.0976 -9.9031 1
7.1746 -6.4464 1
5.0381 -5.8471 1
6.0745 -8.6606 1
5.4718 -6.5357 1
5.2724 -9.0025 1
4.6394 -7.5806 1
4.2879 -7.9521 1
7.1553 -8.4455 1
2.9294 -7.4375 1
5.1132 -9.1332 1
4.6538 -8.5474 1
5.8672 -6.9825 1
5.3854 -7.3675 1
5.2918 -9.1934 1
4.6824 -7.3638 1
5.3192 -7.7662 1
5.4159 -6.7302 1
5.8059 -8.9334 1
6.1432 -7.0450 1
4.7689 -9.0180 1
3.7812 -10.1856 1
7.1075 -7.7543 1
4.8235 -8.9400 1
4.7902 -8.8440 1
4.5132 -7.5585 1
3.9164 -8.0240 1
5.0642 -9.5906 1
6.0654 -7.8917 1
3.2363 -8.7014 1
4.6493 -8.2204 1
-14.0184 0.4020 2
-12.0737 0.7751 2
-13.8772 0.8189 2
-13.8781 -1.5307 2
-14.2271 0.4599 2
-14.1976 -1.4045 2
-13.3525 -0.5256 2
-14.5980 -0.3672 2
-11.5607 2.7404 2
-12.6890 0.8164 2
-13.5498 -0.7633 2
-13.0786 -1.4910 2
-12.5946 -0.5257 2
-11.8753 0.6990 2
-14.2517 -0.0352 2
-11.2417 1.1216 2
-13.3658 -0.6341 2
-12.5988 -0.1057 2
-13.2529 0.4573 2
-15.3079 -0.9575 2
-12.9059 0.4759 2
-14.6658 -0.8510 2
-12.8668 1.1985 2
-12.7276 0.9177 2
-13.9514 -1.1057 2
-12.1072 0.9448 2
-12.3488 -0.0488 2
-12.4327 0.1999 2
-13.3607 0.3622 2
-13.4655 0.3974 2
-13.5559 -1.6435 2
-12.3773 -1.5020 2
-14.1948 0.2586 2
-13.9608 -0.1974 2
-12.9615 -0.4785 2
-13.0847 -0.6614 2
-11.9717 0.7593 2
-13.3972 -1.7776 2
-13.7461 0.2494 2
-13.8882 -0.4970 2
-13.5696 -0.8261 2
-11.0453 0.0395 2
-13.5362 -0.0029 2
-10.9054 1.9602 2
-12.7499 -0.3009 2
-12.8538 0.2018 2
-12.1891 -0.8584 2
-14.3930 -1.1813 2
-12.6255 0.5957 2
-12.4263 0.5551 2
-13.6623 0.1005 2
-12.1812 -0.1947 2
-13.4831 -0.2006 2
-11.7967 -0.2642 2
-13.2939 -0.9698 2
-12.3889 1.0359 2
-12.4585 0.0552 2
-13.1715 0.4714 2
-11.2146 2.9059 2
-11.8427 -0.4968 2
-14.2359 1.7111 2
-14.2278 -0.9069 2
-11.9417 1.0212 2
-12.3532 -0.4581 2
-12.4771 -0.3526 2
-13.0421 -0.1984 2
-12.0868 -1.1891 2
-12.3145 0.7758 2
-12.6959 0.5410 2
-13.9203 -0.6633 2
-13.2457 1.3270 2
-12.6234 0.2191 2
-12.6950 -0.5759 2
-11.3308 1.7980 2
-15.1165 -1.6806 2
-12.5787 1.2716 2
-13.9888 0.6281 2
-11.7697 -1.0646 2
-12.2517 -1.7496 2
-13.3747 -0.1565 2
-11.9402 0.9031 2
-11.7777 2.0296 2
-13.7144 0.6085 2
-13.3396 -0.2248 2
-13.7886 0.2114 2
-11.6354 -1.4842 2
-12.8198 0.9702 2
-13.6267 -1.0812 2
-11.4819 0.6614 2
-12.5963 -1.0308 2
-11.9159 1.5234 2
-12.0614 0.3658 2
-11.2013 0.4849 2
-11.9068 -1.3633 2
-13.1252 0.5076 2
-11.4015 -0.5070 2
-13.3527 0.0131 2
-13.0693 -0.6154 2
-13.2956 0.2417 2
-12.1007 -0.6370 2
-13.6104 -1.4648 2
-11.6867 -0.1532 2
-12.0730 1.2305 2
-13.3065 0.0840 2
-12.1504 2.0966 2
-13.3855 -1.0529 2
-13.5498 -0.3724 2
-12.5490 1.1204 2
-12.3450 0.9487 2
-12.1256 0.7761 2
-11.6652 -0.4670 2
-12.7672 0.6009 2
-14.1639 -1.5832 2
-13.7320 -1.7711 2
-13.5637 -1.5914 2
-12.0236 -0.1048 2
-12.2782 0.1045 2
-11.6656 -0.8230 2
-12.7281 -0.0647 2
-13.6903 -1.2352 2
-12.1716 0.0393 2
-11.8965 -0.5108 2
-12.5325 0.0164 2
-13.8399 -0.7080 2
-11.8407 1.1659 2
-13.4698 -0.1610 2
-14.5542 -0.1466 2
-14.1735 -0.3468 2
-13.4601 -0.3852 2
-13.9452 -2.3255 2
-12.7512 -0.4178 2
-12.3918 1.0609 2
-12.5744 -0.5986 2
-11.2665 1.7993 2
-13.3785 0.0595 2
-13.8159 0.4964 2
-12.6604 1.0453 2
-13.1843 -3.0305 2
-13.9907 0.3240 2
-12.7677 -1.0685 2
-13.7859 -0.2839 2
-12.8780 -1.7528 2
-12.3682 -0.0509 2
-13.0663 -0.7658 2
-13.6538 -1.2006 2
-12.8102 -0.0082 2
-11.7709 0.4705 2
-11.2871 1.1117 2
-12.3044 1.4230 2
-11.6462 0.3948 2
-13.1171 -0.4496 2
-11.8485 -1.4506 2
-12.4378 1.4585 2
-14.3400 0.2644 2
-11.7382 -0.1688 2
-12.8220 1.3172 2
-11.5854 0.8060 2
-12.9258 0.5335 2
-14.5536 -0.6800 2
-12.5437 -0.3343 2
2.0838 -9.5493 3
2.2326 -10.2317 3
1.3561 -9.2520 3
1.5941 -10.0168 3
2.0182 -9.6894 3
2.1091 -7.8133 3
3.7747 -9.2308 3
1.3400 -9.3501 3
1.0715 -9.5125 3
1.8181 -9.8447 3
1.3347 -8.7663 3
1.9709 -7.5065 3
3.3592 -8.9206 3
3.0238 -9.4654 3
2.3063 -9.4450 3
2.9982 -8.1648 3
1.9297 -8.7110 3
1.6869 -9.3764 3
1.6228 -9.1201 3
2.2568 -9.2003 3
1.9115 -8.9410 3
2.4226 -8.9677 3
1.4699 -9.3310 3
0.8312 -10.1161 3
1.6436 -10.2508 3
2.0946 -8.1700 3
-0.1933 -9.7483 3
2.2216 -9.0007 3
2.7419 -9.1585 3
1.0630 -8.8123 3
2.0483 -10.4733 3
2.7117 -9.7381 3
2.2347 -8.8824 3
2.3665 -8.9684 3
2.8400 -8.6926 3
0.8492 -9.2915 3
1.2775 -9.8460 3
1.1811 -10.6177 3
3.2612 -8.6110 3
1.1169 -8.3463 3
2.1949 -9.4336 3
1.8172 -10.8372 3
3.0794 -8.9930 3
2.8874 -9.8859 3
2.1996 -7.6438 3
2.3874 -9.3278 3
2.5651 -7.5807 3
5.1402 -5.0530 3
1.5328 -9.0946 3
1.6545 -7.7783 3
3.2099 -8.1160 3
3.9675 -8.5710 3
3.2791 -8.0650 3
3.6227 -8.8240 3
4.0191 -8.4879 3
2.0591 -8.7034 3
2.7061 -9.9543 3
0.9245 -10.6002 3
2.9309 -7.5415 3
2.6534 -7.6365 3
2.0246 -9.8681 3
1.3167 -10.7701 3
2.2173 -8.3029 3
2.0573 -9.8175 3
2.2106 -10.3428 3
1.7016 -10.2506 3
1.6228 -8.9432 3
1.8436 -6.5190 3
1.5907 -9.7354 3
0.4051 -9.5175 3
0.7048 -9.3959 3
2.0828 -8.5801 3
2.6925 -8.8419 3
0.2478 -9.1638 3
1.2909 -8.4810 3
2.8773 -8.6778 3
1.0449 -8.5907 3
3.9775 -9.5023 3
2.1116 -9.1030 3
2.1550 -7.5977 3
2.3031 -8.2245 3
1.7387 -9.9469 3
1.7882 -10.0880 3
0.9568 -10.0361 3
2.2899 -8.8757 3
1.3039 -9.8621 3
1.2979 -10.9422 3
0.5884 -9.0536 3
2.5864 -10.0366 3
3.8629 -7.8798 3
3.6036 -9.8391 3
2.7992 -8.2797 3
0.5756 -7.7113 3
0.6318 -10.7419 3
3.4228 -8.5303 3
1.8038 -9.9645 3
2.6091 -9.3292 3
0.9102 -8.3107 3
2.7038 -7.4175 3
1.7169 -9.2166 3
2.2130 -8.6779 3
1.6963 -7.9472 3
2.4121 -8.3258 3
2.1152 -9.2901 3
2.4111 -8.5082 3
2.4356 -7.8815 3
2.0569 -10.6922 3
1.4736 -7.0491 3
1.6232 -8.6500 3
0.3262 -10.0907 3
2.3938 -9.8188 3
0.2596 -11.4066 3
2.8911 -7.5890 3
3.0390 -9.0374 3
2.7908 -7.4290 3
1.6712 -10.5873 3
2.9671 -6.5007 3
3.3799 -7.8442 3
2.6234 -9.7859 3
-0.5089 -10.9844 3
2.2614 -10.0269 3
3.7982 -7.6601 3
2.4266 -9.6412 3
1.0785 -9.2248 3
3.3636 -8.5172 3
3.2657 -8.2380 3
1.6043 -9.5307 3
2.8517 -8.5524 3
1.5196 -8.9186 3
1.3088 -9.7839 3
2.1312 -8.9456 3
3.9680 -8.4528 3
1.8464 -9.5304 3
2.2591 -8.2315 3
1.2415 -8.8649 3
3.1479 -10.3145 3
2.5086 -9.2498 3
1.6565 -8.3677 3
2.4930 -9.1963 3
2.0135 -9.7454 3
1.6438 -7.6535 3
3.3766 -9.1605 3
3.0537 -6.8390 3
2.2118 -8.7864 3
1.6373 -8.0756 3
1.0242 -9.5678 3
2.4191 -7.9109 3
1.8556 -8.3892 3
0.8657 -10.3876 3
3.1185 -8.6430 3
1.6223 -9.7755 3
1.1120 -10.7938 3
1.9018 -8.9084 3
1.5985 -9.7968 3
2.2722 -8.8278 3
0.5729 -11.2921 3
1.3514 -9.3325 3
0.8200 -8.8238 3
1.2226 -9.7482 3
2.9201 -9.5788 3
4.0165 -3.2256 4
2.8989 -4.4760 4
1.9585 -2.7020 4
2.2132 -2.2083 4
1.7227 -2.2853 4
2.4951 -1.8320 4
3.8521 -1.3500 4
3.2995 -0.2409 4
2.8286 -3.3020 4
3.3519 -0.3264 4
1.7140 -2.2852 4
1.7897 -1.7893 4
3.1957 -1.1273 4
2.8679 -2.5240 4
4.6830 -0.3844 4
1.9201 -2.3794 4
4.2222 -0.6890 4
4.3483 -1.6650 4
1.9388 -3.1505 4
5.0402 -1.3185 4
4.2298 -0.9096 4
3.8317 -1.2037 4
3.3004 -1.6090 4
2.0850 -2.2543 4
3.2309 -2.0738 4
2.7461 -2.1959 4
4.3843 -1.8919 4
1.5637 -3.7609 4
2.8256 -2.7771 4
2.2912 -3.5637 4
2.2287 -2.5137 4
5.4997 -0.3716 4
1.4646 -2.1798 4
1.8224 -1.3247 4
3.2639 -1.2979 4
2.0543 -3.1960 4
2.5345 -3.6692 4
2.8428 -1.3722 4
2.4612 -1.8052 4
3.2584 -2.5570 4
4.0017 -1.8993 4
2.9418 -2.7388 4
4.3969 -1.0120 4
1.6119 -3.9791 4
2.2065 -1.4298 4
4.5050 -0.5028 4
2.1961 -1.5189 4
2.9551 -2.5055 4
4.1358 -1.8078 4
4.2969 -2.2807 4
3.7857 -2.8821 4
3.2144 -2.4296 4
2.3038 -1.7042 4
3.7738 -1.0742 4
1.9623 -1.7118 4
2.5248 -2.6815 4
2.6886 -2.8294 4
1.7396 -2.3519 4
3.4562 -0.6080 4
1.9483 -3.6884 4
2.1593 -2.2713 4
2.6336 -2.1988 4
2.2282 -3.4944 4
3.8275 -1.3509 4
3.3529 -1.4310 4
2.1584 -1.6901 4
2.5851 -2.2465 4
2.2560 -2.8878 4
4.6186 -0.6377 4
4.4604 -0.9294 4
2.2354 -2.0638 4
3.0127 -3.0244 4
3.3412 -2.1339 4
2.8615 -1.7494 4
4.6611 -0.5956 4
2.9337 -3.0887 4
1.8673 -2.3470 4
2.8896 -2.4441 4
5.4076 -2.4101 4
3.2396 -2.2139 4
4.1035 -1.6683 4
2.3098 -2.0298 4
3.6314 -0.9689 4
1.5276 -2.7348 4
3.1345 -1.4214 4
3.7168 -2.6628 4
3.5383 -1.8837 4
1.9134 -3.9142 4
3.3584 -1.9048 4
1.9465 -1.9936 4
-0.1979 -3.5763 4
4.3000 -2.2931 4
3.0101 -1.7994 4
2.4015 -1.1831 4
4.2863 -1.0475 4
3.0329 -3.0740 4
3.2346 -1.1532 4
3.3345 -1.8300 4
2.3809 -2.7954 4
2.6302 -0.3358 4
4.9077 -1.1832 4
3.9763 -2.9668 4
4.0498 -1.7145 4
3.8448 -1.3290 4
3.1612 -2.1660 4
4.0103 -0.9684 4
2.4434 -1.6913 4
2.4473 -1.7027 4
2.7799 -3.0667 4
3.1636 -1.3079 4
3.6516 -2.1428 4
3.0677 -2.7328 4
4.7016 -1.0740 4
3.7243 -2.4453 4
2.5187 -2.2353 4
3.5693 -2.5369 4
3.1455 -1.9671 4
2.7864 -1.7747 4
2.7458 -2.7132 4
2.8090 -2.5400 4
1.8961 -2.2668 4
3.6984 -2.5322 4
4.6311 -2.0155 4
3.9078 -2.2041 4
2.7827 -3.0447 4
2.4490 -2.2695 4
2.6716 -3.6723 4
4.6197 -1.0626 4
3.8238 -1.1272 4
2.0122 -3.4711 4
4.1369 -1.7218 4
4.3829 0.8000 4
4.0380 -1.1867 4
4.0405 -2.2736 4
2.6028 -1.4891 4
4.0235 -1.0637 4
2.8500 -1.5290 4
4.3747 -2.4845 4
0.7620 -3.8330 4
3.9092 -2.1484 4
1.6131 -2.7673 4
2.2452 -2.5509 4
3.2406 -0.0839 4
3.4206 -2.7232 4
2.6336 -3.3789 4
4.8044 -2.0645 4
3.0655 -1.3844 4
2.3847 -1.2293 4
4.1437 -1.5886 4
3.3209 -1.9611 4
1.6829 -4.2870 4
1.2970 -4.5040 4
3.5219 -0.2189 4
3.7745 -2.9784 4
4.3490 -1.3726 4
2.2291 -2.1479 4
3.2854 -0.9298 4
5.3093 -0.4703 4
4.1588 -1.0124 4
2.6297 0.1379 4
