-13.1768 9.4080 0
-13.8527 11.0946 0
-12.6301 10.5732 0
-11.6476 10.9771 0
-14.1071 11.0034 0
-11.9921 11.7660 0
-14.0868 8.7795 0
-14.1439 9.3550 0
-13.5898 11.3839 0
-12.8074 9.6036 0
-14.0347 9.6628 0
-13.3546 13.4608 0
-12.9230 12.1946 0
-13.9928 10.4538 0
-13.2402 10.8506 0
-13.2405 11.8297 0
-13.3544 9.3122 0
-13.5631 9.3288 0
-13.6305 10.2512 0
-12.7751 10.6591 0
-12.9859 12.5487 0
-13.5714 10.4210 0
-12.1578 11.6206 0
-13.7150 10.6828 0
-12.7761 9.8944 0
-12.9764 9.8329 0
-12.3097 10.0078 0
-13.7841 10.6156 0
-13.3847 14.0121 0
-13.4055 12.3776 0
-13.4978 10.8294 0
-13.3603 13.7091 0
-11.8519 11.0165 0
-13.5823 11.0840 0
-14.5701 9.6281 0
-12.2405 11.7937 0
-12.6583 11.5668 0
-13.8736 9.3832 0
-13.2580 12.0654 0
-13.8781 10.4786 0
-13.8485 10.7038 0
-13.2731 10.8557 0
-9.9552 12.0471 0
-12.9741 11.0895 0
-10.8337 12.2931 0
-11.5263 10.3282 0
-11.5071 10.7338 0
-12.8154 10.0176 0
-13.6684 11.2778 0
-12.6154 12.1723 0
-13.4388 10.9367 0
-13.6518 10.2054 0
-14.4291 10.5832 0
-11.6607 12.2316 0
-12.8791 11.9031 0
-11.6140 12.1574 0
-13.9970 11.7609 0
-14.4816 9.6345 0
-12.6605 10.2928 0
-14.1244 11.1071 0
-12.9507 11.2036 0
-13.0578 11.9906 0
-15.8678 10.5148 0
-12.1347 11.1850 0
-15.0229 9.8543 0
-13.3198 11.2921 0
-12.8136 12.3546 0
-14.6280 11.8098 0
-12.9679 10.6099 0
-12.9380 11.5370 0
-12.0407 10.2180 0
-13.1138 10.9180 0
-12.9064 10.8690 0
-10.7629 12.9157 0
-14.1965 10.4025 0
-11.9363 11.6324 0
-12.2455 10.3465 0
-13.0580 10.4439 0
-12.1648 11.9119 0
-12.8325 10.3034 0
-13.5469 10.7858 0
-13.7511 12.9595 0
-15.5835 10.2412 0
-12.7102 13.0465 0
-12.6940 11.3211 0
-12.2042 12.8333 0
-13.7601 10.1893 0
-13.0978 11.1052 0
-13.3843 10.6799 0
-11.8436 11.5688 0
-14.5271 9.6916 0
-13.5949 10.3135 0
-12.6976 9.0669 0
-11.8894 11.0299 0
-12.4044 11.5318 0
-14.4036 8.6067 0
-13.2398 10.8532 0
-11.9553 10.5062 0
-11.6085 12.2041 0
-12.4551 11.9539 0
-11.9399 10.1280 0
-11.7338 10.4373 0
-13.1075 11.1236 0
-11.0413 11.8241 0
-12.1918 11.0606 0
-11.1677 12.3603 0
-14.0516 11.1543 0
-14.8288 9.5913 0
-15.6333 8.4730 0
-12.8848 11.9286 0
-11.9719 10.3669 0
-13.1535 9.6722 0
-14.3592 9.1474 0
-13.4849 9.6390 0
-11.9806 11.9374 0
-13.2159 11.2068 0
-11.4985 12.4320 0
-14.2787 10.2827 0
-12.2044 11.1002 0
-15.6734 10.8739 0
-12.3199 8.8092 0
-14.7128 11.9708 0
-11.0397 12.3184 0
-12.6614 11.5978 0
-12.5992 8.4962 0
-15.1755 10.7660 0
-10.0049 12.4561 0
-12.3077 11.0624 0
-13.3357 11.2437 0
-13.3950 10.0280 0
-14.2810 8.5098 0
-13.8243 10.4049 0
-12.5476 9.9755 0
-12.9249 10.4721 0
-11.6724 11.0385 0
-14.1654 10.5133 0
-13.2984 9.4211 0
-14.5635 11.8221 0
-12.8352 11.3755 0
-15.7362 10.2301 0
-13.1368 10.6273 0
-12.7698 11.7199 0
-12.6667 12.6008 0
-13.6947 11.3661 0
-13.5476 11.6065 0
-11.7054 10.7342 0
-13.6597 11.2411 0
-12.5146 11.2714 0
-11.5205 13.6120 0
-13.8439 9.4499 0
-11.1500 12.6305 0
-13.6138 11.1990 0
-13.2357 9.9210 0
-12.0393 10.5199 0
-13.5830 11.7132 0
-13.6077 11.0307 0
-13.3550 11.0854 0
-12.2612 12.9011 0
-12.8120 11.4699 0
-13.4165 11.1175 0
10.0221 7.1481 1
8.7248 6.2807 1
9.9477 8.1165 1
9.6157 7.1651 1
10.7769 7.9030 1
11.0257 7.9466 1
8.8237 7.1444 1
9.6604 7.7399 1
10.5452 8.2576 1
8.9833 6.2466 1
9.2151 8.7768 1
9.2586 6.8458 1
8.2743 6.6774 1
9.6167 8.2133 1
8.3919 7.5018 1
9.0344 7.6409 1
7.4143 5.6432 1
8.1446 5.9578 1
9.9797 7.2930 1
8.1476 7.6599 1
9.9829 7.7612 1
7.8495 5.2393 1
6.9848 5.6117 1
9.9898 7.2024 1
9.2012 6.9134 1
8.9707 7.1418 1
8.7466 5.7817 1
7.6212 6.4250 1
8.8201 6.1866 1
11.0770 6.5188 1
10.0962 6.9025 1
6.0558 3.8649 1
10.9304 8.3372 1
8.7086 6.0782 1
8.1690 6.5882 1
9.2544 6.6718 1
9.7061 6.8039 1
8.9605 6.9340 1
10.4981 7.6701 1
7.5924 7.4673 1
8.2616 8.1196 1
9.1248 6.2211 1
10.3676 8.3356 1
9.8168 7.4130 1
8.2004 5.6802 1
7.7674 7.3905 1
8.3417 5.3610 1
9.4023 7.5282 1
7.6857 6.8093 1
8.2731 5.9167 1
9.4530 6.5847 1
8.4985 8.1826 1
9.7945 7.0825 1
8.1155 7.3750 1
10.5716 7.3194 1
9.3792 7.7904 1
8.0246 6.7129 1
7.4947 6.8046 1
9.0735 6.9506 1
7.8411 6.9886 1
8.8328 6.8903 1
9.1319 7.1463 1
8.4568 6.0896 1
9.6730 8.2540 1
9.3513 8.4256 1
9.6409 8.0217 1
8.3461 4.8378 1
8.6336 7.7631 1
7.9036 6.8864 1
9.2616 6.9494 1
9.5893 7.6118 1
8.8819 5.2065 1
7.5703 6.0156 1
8.8584 6.8174 1
8.8124 7.7996 1
8.4582 7.7929 1
9.0449 7.0908 1
9.4932 7.2874 1
10.4961 6.3554 1
8.5746 6.3029 1
9.0864 8.2355 1
8.6186 7.4806 1
9.4046 8.1189 1
9.3945 6.6153 1
10.5455 7.9134 1
8.5782 6.5298 1
9.3482 8.2433 1
9.8163 8.3823 1
9.5840 7.5726 1
9.7691 9.7737 1
9.4952 6.6269 1
9.0492 7.8717 1
9.8238 8.2116 1
9.7208 6.3862 1
9.6090 7.8051 1
8.0073 6.6312 1
6.9919 6.2456 1
9.5029 5.6398 1
9.1174 4.6389 1
7.5663 5.4109 1
9.0210 6.5575 1
8.5184 7.0939 1
8.4913 6.2910 1
9.9621 7.1925 1
9.3477 7.8728 1
6.6277 5.3614 1
9.4065 8.3010 1
9.0104 7.5873 1
7.7010 7.6907 1
8.3698 6.6576 1
8.4429 6.3790 1
9.7532 7.1901 1
8.4918 6.4814 1
8.3750 5.8088 1
9.6101 6.3562 1
10.1403 9.6392 1
9.2151 7.0289 1
8.5055 6.6030 1
7.4691 7.0194 1
8.0681 4.9883 1
8.9067 8.4158 1
10.4659 8.1732 1
7.4804 5.8023 1
8.2717 6.9931 1
7.6197 7.4094 1
9.0581 8.4927 1
10.1976 7.3233 1
8.5156 7.6675 1
10.4703 7.4622 1
9.2862 7.0099 1
9.2113 7.8558 1
9.3990 8.1390 1
9.8395 8.0167 1
9.8523 6.4053 1
9.9223 7.4434 1
9.9455 7.8274 1
7.6505 6.8616 1
9.9541 5.9575 1
8.9510 7.7606 1
7.9089 7.1722 1
9.8675 7.1683 1
8.2937 7.5909 1
7.5183 7.2783 1
9.3657 6.2953 1
9.0248 7.1640 1
9.6465 6.6921 1
9.4429 6.6640 1
7.1838 6.2853 1
8.6727 5.8359 1
8.5421 6.9798 1
9.5743 8.8248 1
8.6151 8.2190 1
10.7207 5.8096 1
9.2829 6.8535 1
6.8666 7.6151 1
9.3675 7.5062 1
8.9193 6.4782 1
9.4718 6.0788 1
8.7661 6.6823 1
7.3399 5.7242 1
9.2618 13.9507 2
7.9802 13.1301 2
8.2271 13.0458 2
8.2012 13.7525 2
8.1739 11.7935 2
6.0810 13.3943 2
7.2716 11.8882 2
9.7086 12.9503 2
8.4566 15.1117 2
9.8017 16.1109 2
7.5943 13.8091 2
9.5080 14.1410 2
7.0499 14.0111 2
8.9365 11.8045 2
6.9891 13.3870 2
8.0199 13.3771 2
6.2676 12.7456 2
8.3581 13.3853 2
7.1256 12.8021 2
9.1828 14.5337 2
7.6266 11.1944 2
7.6343 14.9155 2
7.2736 12.1063 2
7.2077 11.5640 2
5.8865 10.8612 2
7.2810 11.1052 2
7.4680 13.1758 2
7.3352 12.6594 2
9.4682 13.8969 2
7.3806 11.7711 2
7.9332 12.7026 2
8.1415 11.2670 2
7.9772 13.3318 2
8.1453 12.6442 2
9.5759 14.4251 2
9.4780 14.6524 2
9.4192 13.0828 2
8.3687 13.5182 2
9.2627 14.2811 2
8.7257 12.7469 2
9.0468 14.3993 2
8.0188 12.9221 2
7.8319 11.8585 2
7.4150 12.5741 2
8.7795 15.0064 2
7.6966 13.6157 2
7.8314 12.4334 2
7.0993 11.9371 2
6.9776 12.2700 2
6.4646 12.8387 2
8.0782 13.2709 2
6.8187 13.3125 2
7.1323 12.9105 2
9.6340 13.4087 2
7.7991 12.8631 2
8.0683 14.8401 2
6.4888 11.4894 2
6.9502 11.1869 2
7.9018 13.4559 2
8.0260 12.8731 2
7.7619 10.9498 2
6.6254 11.4579 2
8.7508 13.7293 2
6.5838 11.1618 2
9.1521 13.0862 2
8.5843 14.7707 2
6.5368 14.2092 2
7.5294 12.1920 2
7.9642 13.6076 2
7.5763 12.6961 2
9.0732 12.2602 2
7.1256 13.3351 2
6.7961 9.9250 2
6.9468 11.8196 2
8.7980 12.3481 2
8.2032 13.1032 2
8.7954 11.9488 2
7.6204 13.8661 2
8.5674 14.4522 2
8.2246 12.6231 2
7.6977 12.7510 2
8.0970 12.4352 2
8.5900 12.1813 2
7.6396 12.7643 2
7.4047 12.9824 2
8.0215 12.6063 2
8.2619 13.9881 2
5.9689 10.9542 2
8.4217 14.1369 2
7.8041 14.9302 2
8.3915 12.9387 2
6.9480 12.3737 2
7.1708 12.6462 2
9.5136 14.2472 2
9.3379 13.7545 2
8.3539 14.1281 2
7.9782 12.8947 2
7.5564 11.6657 2
9.1706 14.2567 2
8.1312 13.4874 2
10.4458 14.1954 2
6.2928 11.5613 2
7.3763 13.0454 2
8.3127 14.5670 2
9.2277 14.1525 2
7.2885 13.7779 2
8.8636 11.1822 2
8.6911 12.3595 2
8.3911 13.1182 2
7.8446 11.3348 2
7.9343 12.8987 2
7.9080 15.2977 2
7.9324 12.6178 2
8.8448 12.6211 2
6.4725 12.3891 2
6.1966 13.3293 2
8.8544 13.0465 2
8.0099 14.1148 2
6.8725 12.8571 2
8.4740 14.9863 2
8.7169 12.4748 2
6.4152 14.8216 2
7.1225 12.3813 2
7.5210 12.8202 2
7.4548 13.3943 2
8.2570 13.9300 2
7.5583 12.4147 2
7.7006 14.3275 2
8.3426 12.4798 2
7.6670 13.4749 2
8.4849 14.0511 2
7.0029 13.7213 2
8.4490 13.2889 2
7.4469 12.6136 2
8.0017 12.7692 2
5.6991 12.6804 2
8.0253 13.7335 2
7.0190 14.8982 2
8.5084 14.9557 2
7.8421 12.8287 2
7.5139 14.2493 2
8.5038 14.6789 2
7.8595 13.1353 2
7.7928 12.6590 2
7.1891 13.3329 2
8.3231 12.1795 2
7.0943 11.3233 2
7.7856 12.1084 2
7.1069 11.8763 2
7.6074 13.0597 2
8.1750 13.5469 2
8.2376 11.7014 2
8.9035 13.3687 2
7.5987 12.9481 2
9.3328 13.6793 2
6.7368 12.1925 2
6.6290 11.0728 2
7.8560 13.7604 2
8.6845 14.1545 2
7.8904 11.9488 2
7.4102 -6.3188 3
8.9607 -7.3750 3
9.1680 -7.6183 3
9.7639 -6.4378 3
6.9296 -8.4312 3
7.7573 -8.8047 3
8.4972 -6.0287 3
8.7245 -7.0245 3
9.6198 -5.1110 3
9.4624 -7.5755 3
7.4272 -7.1429 3
6.4286 -6.0982 3
7.4736 -7.5699 3
7.6963 -7.4530 3
7.5656 -6.8110 3
7.8361 -5.8073 3
6.8248 -6.6210 3
9.5306 -6.8107 3
7.9347 -6.1388 3
8.1434 -6.1886 3
9.6644 -5.7333 3
7.1653 -6.2910 3
6.5473 -7.7988 3
5.9759 -6.6031 3
10.2686 -5.2316 3
7.0627 -8.0098 3
8.3382 -7.5991 3
7.6305 -7.3575 3
8.2762 -6.6394 3
6.4060 -8.2993 3
7.1226 -7.4149 3
7.7132 -6.7133 3
9.4703 -5.4105 3
9.5609 -7.9678 3
7.8688 -6.8327 3
6.3190 -6.9393 3
8.0600 -5.6237 3
8.8166 -5.5805 3
8.3136 -6.8891 3
6.9579 -6.6871 3
8.4472 -7.1558 3
8.7999 -8.7510 3
8.9543 -7.4307 3
8.3576 -7.0160 3
8.3069 -6.2928 3
9.2525 -7.3830 3
8.6246 -7.4918 3
9.2606 -6.1386 3
7.5363 -7.0989 3
8.0320 -7.3697 3
7.8366 -8.0560 3
9.7889 -5.7072 3
8.7936 -4.8743 3
4.8048 -8.7072 3
7.4331 -6.6841 3
7.7934 -6.6678 3
9.8819 -5.5623 3
8.9992 -6.3742 3
8.7061 -7.8661 3
8.0255 -7.2179 3
7.5957 -6.9949 3
8.6291 -7.1891 3
7.0109 -8.0342 3
8.6471 -6.3641 3
6.8176 -7.1756 3
6.4171 -8.4576 3
8.0194 -6.2227 3
6.5822 -7.9574 3
9.6696 -6.2772 3
8.2094 -5.8732 3
7.9280 -6.8010 3
8.8814 -6.4871 3
7.8940 -6.7152 3
8.1747 -6.9097 3
6.6738 -6.4707 3
8.8169 -7.8753 3
7.0462 -6.3558 3
6.1915 -6.9377 3
7.7578 -6.7444 3
8.3708 -7.2390 3
9.4637 -7.4228 3
8.0272 -6.3340 3
8.7429 -7.5307 3
8.4998 -7.3603 3
8.4650 -6.9628 3
6.1329 -7.5292 3
8.1269 -5.8568 3
8.3634 -7.4183 3
7.7600 -7.0281 3
10.3239 -7.2319 3
7.8393 -6.8666 3
8.9083 -7.9057 3
8.4268 -6.9322 3
6.6691 -7.1739 3
9.7391 -6.3514 3
8.5330 -6.2583 3
9.2308 -5.7696 3
9.2516 -6.1734 3
8.3689 -7.9705 3
9.2035 -6.5706 3
5.6921 -8.9335 3
8.5740 -6.7593 3
7.2524 -7.8356 3
8.1732 -6.8336 3
7.6592 -7.3013 3
6.9186 -6.8725 3
8.6430 -7.4245 3
9.9751 -7.7097 3
9.2033 -6.3513 3
7.9162 -5.7525 3
7.2333 -8.2972 3
6.2783 -8.6606 3
9.6310 -5.9597 3
7.7860 -6.4967 3
7.1575 -5.9356 3
7.6478 -8.5419 3
8.5795 -5.1624 3
8.4946 -7.9536 3
8.1334 -6.9961 3
8.5352 -6.7306 3
8.1763 -6.0332 3
9.4979 -7.2286 3
8.6511 -6.6795 3
8.1801 -5.3418 3
7.9017 -6.8479 3
10.4156 -5.7879 3
7.5310 -8.6000 3
8.8482 -5.9851 3
7.2316 -7.8461 3
8.7816 -6.0198 3
7.6947 -6.0217 3
6.8562 -6.4076 3
7.4623 -5.7100 3
7.5396 -8.2659 3
6.8061 -7.1489 3
8.0671 -5.3306 3
7.3717 -7.2722 3
8.3587 -8.5350 3
8.2713 -5.7123 3
7.3700 -8.9309 3
8.0449 -5.7844 3
7.3202 -9.3113 3
7.4779 -7.8969 3
7.3834 -7.4934 3
7.7300 -8.6384 3
7.2329 -7.3692 3
8.7658 -4.7923 3
8.9204 -6.5439 3
8.5241 -5.6663 3
7.3105 -7.1167 3
7.6295 -7.5570 3
7.6534 -5.9824 3
8.9178 -7.1280 3
8.0825 -6.0983 3
7.4059 -8.3141 3
7.2358 -6.1187 3
7.6117 -5.3473 3
7.7466 -6.9564 3
7.5703 -7.5032 3
8.6334 -6.7350 3
-3.7021 4.5617 4
-4.8408 5.0238 4
-3.2911 6.7118 4
-2.1089 7.7203 4
-4.9482 4.2320 4
-5.0311 4.7811 4
-5.3697 5.4785 4
-3.8660 5.7738 4
-4.0244 7.0987 4
-3.8312 6.6245 4
-4.0191 5.4509 4
-3.8492 5.1016 4
-6.0404 3.8657 4
-3.0951 4.5921 4
-4.0973 7.4955 4
-5.0702 4.1983 4
-3.0390 7.3027 4
-2.9995 5.1840 4
-3.9032 5.6346 4
-3.8536 5.7543 4
-4.4647 7.6913 4
-5.8115 5.3756 4
-4.3992 5.3206 4
-3.8608 5.9704 4
-1.6822 5.6348 4
-4.8218 5.2660 4
-2.0041 7.4742 4
-3.8226 5.7671 4
-3.1213 6.3293 4
-6.4801 5.5687 4
-6.6577 6.2268 4
-2.7625 5.9171 4
-5.1166 5.2098 4
-4.4482 5.7219 4
-4.5176 4.9135 4
-4.7878 7.4595 4
-2.9434 7.1045 4
-5.0510 5.1180 4
-4.7105 5.4949 4
-4.3686 6.2822 4
-4.5653 5.5917 4
-4.3686 6.8379 4
-3.8051 5.9532 4
-4.6176 6.3270 4
-3.8877 5.4502 4
-3.9716 6.1643 4
-2.6169 5.8239 4
-6.0905 3.5448 4
-2.3124 6.5667 4
-4.4043 4.9400 4
-3.2654 5.6091 4
-4.2334 5.9011 4
-3.2106 6.2253 4
-5.0081 4.4608 4
-3.6212 6.2254 4
-6.3234 3.3627 4
-2.6999 7.2985 4
-2.4726 5.5570 4
-4.4511 7.5906 4
-3.3761 6.2915 4
-5.9702 4.6407 4
-3.5558 6.8396 4
-1.8014 6.9795 4
-4.8215 4.6714 4
-5.1897 6.1874 4
-3.9911 5.3009 4
-4.8423 4.6578 4
-4.2111 6.0865 4
-4.4039 6.4980 4
-4.6792 6.4771 4
-5.2304 5.8839 4
0.2271 6.7094 4
-4.0548 6.7068 4
-3.6339 5.7387 4
-4.8448 4.8449 4
-4.0663 7.8103 4
-3.5110 6.7060 4
-3.6701 5.3778 4
-5.2609 4.6599 4
-4.0682 5.9488 4
-4.8140 5.7507 4
-3.6509 6.0243 4
-4.8518 5.4371 4
-3.2468 6.4410 4
-4.2124 6.2326 4
-5.7107 5.1626 4
-4.3918 6.5866 4
-3.5126 6.8093 4
-4.2967 5.8382 4
-5.1581 5.1992 4
-1.8742 8.2687 4
-3.8966 5.1159 4
-3.2125 5.0677 4
-5.6403 4.7014 4
-3.4256 6.1600 4
-4.5941 5.9580 4
-3.5846 5.6961 4
-5.2905 6.7676 4
-3.9381 5.7626 4
-3.8850 3.9713 4
-2.8587 5.6656 4
-3.8647 6.0878 4
-5.7159 6.2965 4
-3.0982 4.9465 4
-3.1701 5.3204 4
-2.7338 7.1555 4
-4.4790 4.2175 4
-5.0206 5.8933 4
-4.0876 6.4274 4
-5.0759 5.9629 4
-3.5955 7.5301 4
-3.9065 4.3284 4
-2.4831 8.1916 4
-4.2296 4.0393 4
-4.7778 4.8990 4
-3.9352 6.8927 4
-4.5809 4.6977 4
-3.4514 4.7400 4
-3.2498 5.5912 4
-3.1285 6.5417 4
-2.4873 7.2812 4
-1.6374 7.0837 4
-4.5959 6.0040 4
-0.9777 6.7559 4
-3.6764 6.5434 4
-2.5993 7.1463 4
-3.3146 5.3376 4
-4.9810 4.5651 4
-3.4510 4.2731 4
-5.1835 3.7670 4
-2.6650 5.8146 4
-4.9272 4.8791 4
-4.2425 6.3141 4
-4.4657 5.9731 4
-3.5586 7.3400 4
-4.1548 5.8670 4
-3.5385 7.2886 4
-3.6978 6.1197 4
-4.7063 6.7783 4
-2.8836 6.6877 4
-3.5339 5.4471 4
-3.1096 5.4088 4
-3.6720 7.3527 4
-3.3265 6.1828 4
-4.0979 5.1807 4
-4.3633 7.5789 4
-4.4893 5.7590 4
-5.9373 6.8781 4
-3.7279 7.1015 4
-4.6996 6.0564 4
-2.9775 4.7596 4
-5.2314 4.7668 4
-4.9437 6.3249 4
-3.1141 7.8278 4
-4.2770 6.2078 4
-5.0423 7.1375 4
-4.9266 5.2126 4
-4.2241 5.6584 4
-4.0925 3.4881 4
-2.8876 5.9737 4
