5.2371 -14.4591 0
5.6747 -13.5270 0
7.6994 -12.8892 0
4.7516 -14.6469 0
5.7094 -14.9488 0
5.4529 -13.5371 0
5.1268 -14.4993 0
6.3196 -15.0449 0
6.5173 -12.3910 0
5.3836 -14.8294 0
6.8966 -13.8946 0
6.9681 -13.1873 0
6.7630 -13.6355 0
4.4193 -13.6737 0
6.5500 -12.7548 0
4.3305 -15.3484 0
4.4760 -15.0196 0
6.4510 -14.7599 0
6.9764 -15.0438 0
7.0931 -12.9340 0
5.2627 -14.9205 0
5.5322 -15.4023 0
6.1465 -13.9701 0
5.4463 -15.3229 0
6.3943 -14.0936 0
5.8069 -14.1509 0
7.2177 -13.2628 0
5.3995 -13.5850 0
6.6144 -13.6577 0
4.1894 -14.3013 0
5.8530 -13.9429 0
5.3131 -14.0753 0
6.1617 -12.1395 0
4.9918 -15.9783 0
6.8701 -11.5788 0
5.8774 -12.5405 0
8.0274 -11.8703 0
4.2745 -13.8731 0
6.1866 -13.7449 0
6.4938 -13.0326 0
5.1445 -14.9439 0
6.3731 -13.7234 0
6.0363 -14.8375 0
7.0814 -12.5218 0
5.1803 -12.8118 0
5.8114 -14.3547 0
7.2790 -13.6596 0
7.7632 -13.2598 0
4.7549 -14.2625 0
6.3483 -13.1990 0
5.8187 -16.1982 0
5.8923 -12.7481 0
5.4837 -15.3781 0
8.0237 -13.6118 0
4.2187 -15.0034 0
5.5300 -14.8018 0
6.2319 -15.1283 0
5.9636 -13.9648 0
4.4178 -13.6929 0
7.0424 -13.1160 0
7.1372 -13.3416 0
5.8156 -15.6183 0
5.8775 -14.3625 0
6.1556 -12.8973 0
6.8678 -13.0325 0
5.1591 -14.8984 0
5.5865 -14.7369 0
5.0175 -12.3355 0
7.1713 -11.5707 0
7.1326 -13.7866 0
6.6976 -15.5763 0
5.7746 -15.6454 0
6.1511 -13.0899 0
6.4340 -13.2378 0
6.7117 -13.0146 0
5.2892 -13.3136 0
4.5731 -14.5198 0
7.1113 -13.7781 0
6.8449 -14.0647 0
6.3351 -13.2402 0
6.2709 -13.5920 0
4.3486 -15.3660 0
7.5164 -12.6811 0
6.6722 -14.6536 0
5.4222 -15.4273 0
6.7544 -12.6686 0
7.7779 -13.3450 0
7.3193 -13.1232 0
4.7959 -13.2961 0
6.7431 -14.0276 0
6.4192 -14.2673 0
4.8251 -14.2344 0
5.5486 -12.8543 0
4.9737 -13.7645 0
7.3639 -14.4666 0
5.8978 -14.5010 0
6.4129 -13.2613 0
4.4441 -14.3453 0
5.2014 -14.8474 0
5.1388 -14.7394 0
4.6811 -13.7410 0
7.7387 -13.1538 0
5.5327 -15.4788 0
6.7305 -13.2516 0
7.3711 -13.8194 0
5.9368 -15.0076 0
5.6314 -15.2373 0
4.3127 -17.2027 0
6.4482 -12.6012 0
5.5224 -13.5157 0
6.9059 -14.2008 0
5.5423 -14.8418 0
5.9545 -13.7424 0
7.7281 -14.3789 0
5.1846 -14.7911 0
5.9262 -15.0866 0
6.0358 -13.3100 0
5.9682 -13.8715 0
5.2236 -13.8320 0
8.1267 -12.5391 0
5.0313 -15.6668 0
5.5859 -14.3713 0
7.4303 -13.0600 0
5.8041 -11.9978 0
7.5245 -14.6371 0
4.8895 -14.2725 0
4.8835 -13.9672 0
6.2885 -13.2126 0
7.0736 -14.6427 0
5.2474 -13.3531 0
6.1894 -12.7801 0
4.5251 -15.3287 0
6.9091 -13.6607 0
4.8538 -13.5203 0
6.4253 -13.3180 0
6.7953 -13.9522 0
7.9740 -12.7181 0
6.7311 -13.5848 0
5.6615 -12.5918 0
7.8938 -13.8443 0
4.4633 -15.3003 0
7.1704 -12.7074 0
6.7349 -16.4468 0
6.9863 -15.9583 0
7.4005 -14.0859 0
4.9914 -15.5034 0
5.6069 -14.5404 0
5.3500 -14.7025 0
5.2083 -13.8048 0
6.0486 -12.9871 0
5.4759 -14.4970 0
6.3456 -15.0167 0
8.4089 -13.6407 0
5.6428 -14.1994 0
5.5150 -14.4835 0
5.9815 -14.3430 0
5.0584 -15.6658 0
6.7525 -15.2055 0
4.4159 -15.2631 0
6.7114 -14.3025 0
-5.8904 3.2407 1
-3.2598 4.3476 1
-6.5831 1.6658 1
-4.5819 1.9137 1
-4.1277 3.0088 1
-6.6710 1.1229 1
-4.2171 3.0153 1
-5.2531 2.2371 1
-6.2712 2.7990 1
-4.7617 0.9128 1
-3.7277 2.7392 1
-4.7892 1.2030 1
-4.2799 4.2278 1
-5.9971 2.9416 1
-5.6394 2.9305 1
-6.5194 1.4186 1
-4.8943 3.4346 1
-3.5990 4.2734 1
-4.8952 3.5636 1
-6.3983 3.5985 1
-6.6837 2.1858 1
-5.8571 3.2175 1
-6.2032 1.1765 1
-4.2374 2.7567 1
-4.4265 3.3783 1
-6.3054 2.8585 1
-5.0288 3.5783 1
-6.2208 1.6478 1
-5.7203 3.1585 1
-5.4823 3.7740 1
-5.4338 1.5144 1
-4.5226 2.7041 1
-5.3821 2.6352 1
-4.4003 3.7138 1
-4.2957 1.7624 1
-4.3495 2.4520 1
-3.5989 4.3535 1
-4.0018 3.1882 1
-4.6800 4.3437 1
-3.8883 4.6502 1
-4.3818 3.7777 1
-5.5916 3.2445 1
-5.4569 1.7656 1
-7.0595 2.3464 1
-5.0317 3.4362 1
-4.1576 4.8468 1
-5.2859 5.2134 1
-6.1207 1.1653 1
-5.0965 3.3100 1
-5.3573 2.6310 1
-4.7189 2.3419 1
-4.1205 4.2725 1
-3.1178 3.6629 1
-5.1516 3.8138 1
-4.9018 3.0138 1
-5.7797 3.1089 1
-4.3347 3.1308 1
-5.9435 2.4872 1
-5.3365 2.7490 1
-5.4233 3.1783 1
-5.5855 2.4933 1
-4.9599 4.7489 1
-6.4151 3.5548 1
-5.1858 3.5981 1
-4.3755 3.6287 1
-4.7309 2.0153 1
-4.4156 3.9329 1
-4.6768 3.0376 1
-5.3875 2.6951 1
-5.7511 0.9007 1
-4.6547 1.2434 1
-5.4377 3.0524 1
-5.1709 0.5102 1
-5.7767 1.4743 1
-6.1934 3.2811 1
-5.7769 3.4524 1
-4.2054 4.8351 1
-7.5612 1.8337 1
-5.6370 2.8452 1
-5.1896 1.8316 1
-5.5943 3.6842 1
-5.4434 3.0092 1
-4.5545 2.1173 1
-5.1705 2.9114 1
-5.8504 3.3128 1
-2.6439 3.5428 1
-4.6861 2.8978 1
-4.8005 4.5219 1
-7.7876 2.4704 1
-3.3919 4.0188 1
-6.4933 3.1475 1
-5.5896 2.3215 1
-4.7689 3.2654 1
-5.2469 3.2925 1
-5.1376 2.7005 1
-5.8069 3.8894 1
-3.5956 4.5819 1
-4.0702 3.3137 1
-4.6909 3.2019 1
-5.6088 2.9496 1
-8.2744 2.9213 1
-2.9786 3.3935 1
-5.9371 3.7008 1
-5.2361 2.8535 1
-6.4988 3.1112 1
-4.9980 2.6745 1
-4.9086 1.8127 1
-6.3104 3.7269 1
-6.4485 2.4765 1
-3.7630 3.2222 1
-4.1410 2.8071 1
-6.0482 4.3345 1
-4.5524 3.4627 1
-5.3332 1.7964 1
-5.4954 2.5398 1
-5.0508 3.8867 1
-4.8078 3.8366 1
-4.9606 3.0912 1
-5.1096 5.0975 1
-4.8542 2.0287 1
-4.1488 3.0804 1
-4.4774 3.6099 1
-5.6292 3.5807 1
-4.6819 3.8200 1
-3.6559 2.8413 1
-5.4699 3.5253 1
-7.1533 0.4340 1
-5.5700 3.1525 1
-4.3133 3.7476 1
-4.0437 3.3572 1
-6.0464 3.8817 1
-4.6423 2.7527 1
-4.6663 3.0171 1
-4.5345 3.9379 1
-4.9309 2.4861 1
-5.3306 2.2437 1
-3.9713 4.7979 1
-4.7318 2.4655 1
-6.4517 2.6967 1
-4.6370 3.8155 1
-5.3051 3.6208 1
-5.9552 3.5494 1
-4.3470 3.6618 1
-3.9000 4.2489 1
-5.7487 3.2885 1
-6.5855 3.6220 1
-4.5767 3.8452 1
-6.4932 3.7700 1
-6.3846 3.4738 1
-5.2728 3.6021 1
-4.5136 3.1410 1
-2.7856 4.1821 1
-3.5951 3.3909 1
-5.4227 0.8504 1
-5.0953 2.6885 1
-5.0307 4.1398 1
-5.5193 3.1616 1
-4.7856 3.1197 1
-5.3550 2.3571 1
-3.7955 4.7310 1
6.6580 1.5862 2
7.9845 3.0719 2
6.6682 0.6924 2
4.6406 -0.3168 2
7.4574 1.4903 2
7.6039 2.6631 2
6.1191 1.4823 2
4.5837 0.6737 2
7.6155 1.9268 2
7.6818 2.6015 2
5.8863 0.9756 2
6.3714 0.9026 2
5.3879 1.5921 2
5.1472 0.5709 2
5.4349 -0.2700 2
7.1598 1.7896 2
7.4994 2.1229 2
6.5455 1.9076 2
5.9066 1.5066 2
7.2005 1.8961 2
6.5021 1.1339 2
5.0672 0.2865 2
6.6401 1.4794 2
6.4482 1.4848 2
6.3883 1.2759 2
5.1657 -0.4758 2
6.4479 0.5930 2
6.7558 -1.1932 2
4.8361 1.6636 2
6.4912 1.4994 2
4.9553 1.2831 2
5.7108 1.4351 2
5.8849 0.5452 2
5.2125 1.0473 2
5.1812 1.1970 2
6.3409 0.9581 2
6.1824 -0.0346 2
5.8783 2.6466 2
6.6317 2.1292 2
5.9485 0.9408 2
3.9497 1.4120 2
7.2023 1.5594 2
3.6473 -1.7638 2
5.1928 0.7530 2
6.6846 2.0830 2
7.0328 2.9937 2
5.7258 -1.4720 2
7.9574 -0.2066 2
6.7276 1.0284 2
6.1812 -0.4513 2
6.4455 1.4919 2
8.5153 2.5384 2
4.0013 0.2958 2
7.0149 2.2440 2
6.0125 3.1716 2
5.8260 1.5255 2
6.4335 0.8904 2
6.0945 0.6959 2
5.8895 2.2952 2
5.6046 0.4196 2
5.2482 2.0024 2
7.7974 2.9297 2
5.6128 2.5594 2
9.2742 1.6076 2
6.3134 0.7763 2
5.6821 -1.9961 2
7.3531 0.9450 2
7.8212 1.3461 2
4.9940 0.5843 2
6.9659 0.2001 2
5.5833 1.8086 2
6.4192 0.3663 2
6.2488 1.6968 2
6.1889 -0.1268 2
6.3827 0.7528 2
5.7091 1.4528 2
6.4434 1.6442 2
7.0502 1.6825 2
7.5958 2.2624 2
5.7393 1.0358 2
6.0669 -0.1879 2
4.5405 1.5052 2
6.8728 1.0910 2
6.4737 1.8205 2
5.4228 -0.3264 2
7.6702 4.1454 2
6.1127 1.1909 2
3.6308 -1.2867 2
7.9476 0.6622 2
4.5403 -0.2178 2
5.9736 2.1193 2
5.4644 0.8668 2
4.6512 -0.3049 2
4.6198 0.8964 2
5.6945 -0.9242 2
4.9741 1.4115 2
7.1346 1.6970 2
6.1071 0.9350 2
5.8755 2.0825 2
5.9958 0.7186 2
6.1226 -1.1392 2
5.4980 1.0998 2
5.7387 1.9132 2
6.0957 1.7598 2
4.4643 -0.0202 2
6.3402 2.2130 2
4.6864 0.3553 2
4.0266 1.3545 2
5.1545 -1.3120 2
5.5960 1.4584 2
7.2074 0.8354 2
7.5933 1.5825 2
6.2305 -1.1187 2
7.0527 0.8099 2
6.9405 2.2622 2
4.2627 -0.3922 2
7.9018 1.9196 2
6.0700 0.6727 2
4.8722 0.5197 2
6.9014 -0.3071 2
5.9013 1.0128 2
6.4655 1.6420 2
4.9168 -0.5003 2
6.2134 2.5030 2
5.0004 0.9916 2
6.0902 0.6536 2
5.3848 0.6509 2
5.6314 1.5212 2
5.3090 0.4210 2
5.4205 0.3881 2
4.3663 2.2237 2
4.8085 1.4636 2
5.2776 0.1389 2
6.3217 2.1119 2
5.8382 0.9685 2
6.2192 1.4219 2
6.6555 0.7067 2
4.0164 0.2321 2
4.7692 0.9814 2
6.0967 0.9513 2
5.1237 1.6009 2
6.6177 1.0028 2
7.3235 0.3233 2
6.2238 0.3256 2
6.5794 1.2340 2
5.0763 0.7622 2
8.9490 2.3708 2
6.4259 3.0810 2
7.5826 1.9385 2
4.5313 1.4529 2
6.7572 2.1925 2
6.1994 1.2600 2
8.1582 1.8230 2
6.1805 0.0379 2
6.0734 0.2993 2
5.1363 2.5347 2
5.6173 -0.5780 2
5.7350 1.5212 2
4.4656 -0.4776 2
7.5269 2.2388 2
8.0302 8.7722 3
8.0569 10.1761 3
9.8339 11.7128 3
8.4847 9.9983 3
10.2961 10.1261 3
8.9624 9.7855 3
8.8666 8.7396 3
9.1345 8.9749 3
8.8940 11.5447 3
9.3899 10.6820 3
8.8855 9.0348 3
11.2983 11.8588 3
9.7007 11.4730 3
8.0067 11.5288 3
8.4556 10.0645 3
8.3579 8.7072 3
11.1317 9.9131 3
9.5832 10.9785 3
10.8608 11.3997 3
8.8265 9.4240 3
11.1833 12.6806 3
10.6712 9.8131 3
8.1758 10.0822 3
9.3413 9.3237 3
7.2477 8.8370 3
8.1598 10.9541 3
8.6272 9.2796 3
9.7622 11.0359 3
9.5307 10.8515 3
8.0516 8.7039 3
11.3045 10.2500 3
7.2742 9.4854 3
8.0115 10.3037 3
9.2627 10.1838 3
9.1856 9.0152 3
7.6262 9.9589 3
8.6020 9.0829 3
8.7042 9.7674 3
7.8818 8.9409 3
9.9876 9.9541 3
8.7188 9.3404 3
8.2704 10.4095 3
8.1890 10.4332 3
9.6975 10.6866 3
9.0503 9.3912 3
8.5900 11.0550 3
8.9419 8.5735 3
10.6938 11.4375 3
8.3033 8.7769 3
9.4085 10.9576 3
8.2314 9.7704 3
11.7370 10.3334 3
7.7137 9.4649 3
9.5093 9.6208 3
7.5394 10.5194 3
10.1309 10.7623 3
8.8883 8.3425 3
6.5315 9.2226 3
7.9087 9.3368 3
8.4969 8.4966 3
9.1660 9.2933 3
10.0006 10.5447 3
8.8912 8.4165 3
8.4223 9.7326 3
10.1515 11.1630 3
8.1726 10.4016 3
8.7358 9.4090 3
9.9480 10.8172 3
8.7107 8.8676 3
8.0640 8.7211 3
8.4718 9.8596 3
9.9492 11.0299 3
8.1612 8.6627 3
8.7091 10.7919 3
8.2926 9.0519 3
10.5879 10.4842 3
8.4407 9.6405 3
10.6378 10.2856 3
9.0548 9.5444 3
9.6824 10.2265 3
8.7696 10.2890 3
6.9092 9.7025 3
7.3250 9.1096 3
9.6769 10.3193 3
8.4895 9.3194 3
8.5069 9.9776 3
8.3769 9.6351 3
7.4512 9.5920 3
7.4806 9.1089 3
8.5558 8.4524 3
9.2682 9.8151 3
9.4173 9.9420 3
7.3498 9.0668 3
8.7242 8.7936 3
9.8712 10.5937 3
10.1349 9.0355 3
9.2573 9.8272 3
8.3430 10.2627 3
9.5213 10.3608 3
8.1947 9.3179 3
10.3948 9.7970 3
8.2730 8.0356 3
8.8079 10.7481 3
9.5650 9.3811 3
9.1632 9.4441 3
8.5142 10.0978 3
9.3111 9.9870 3
6.6016 8.2611 3
10.6906 9.8727 3
9.2541 10.3328 3
9.1930 10.7433 3
9.2315 9.9791 3
9.8430 10.3782 3
9.2311 10.8112 3
8.2100 9.0035 3
8.2113 10.2324 3
9.0893 9.7814 3
9.2333 11.5729 3
9.7198 10.3316 3
7.7088 10.4324 3
9.0105 11.2107 3
10.2529 11.0303 3
7.7020 9.6827 3
9.2410 9.7783 3
7.8842 10.0961 3
9.2286 11.5888 3
7.9886 9.3876 3
7.8840 9.6234 3
11.0424 11.4954 3
8.1258 10.1975 3
7.5203 10.2066 3
10.9811 12.1815 3
7.0998 9.0811 3
10.1197 11.5851 3
9.8196 9.0473 3
8.9363 9.7666 3
9.4378 10.6476 3
10.7763 10.8290 3
7.7286 9.7064 3
8.6060 10.2657 3
7.1584 8.5223 3
8.9199 9.6923 3
8.4899 10.3743 3
10.8058 11.2226 3
9.3493 10.1173 3
8.2965 9.5478 3
9.3343 10.6413 3
8.8064 8.9442 3
9.9688 12.8318 3
9.1994 12.3717 3
8.0076 8.4709 3
9.4872 9.5684 3
7.3774 8.2152 3
8.4797 9.9866 3
9.7956 11.5722 3
9.1519 9.4604 3
9.3260 10.6038 3
9.4977 9.5882 3
7.5729 9.7982 3
7.5690 8.6052 3
-14.0222 -8.2396 4
-14.4022 -9.1862 4
-12.3697 -5.5783 4
-13.9211 -6.0414 4
-11.9778 -6.1819 4
-12.9243 -6.5251 4
-13.2325 -7.7510 4
-14.5379 -6.3426 4
-13.7262 -7.0710 4
-12.4936 -8.4958 4
-12.3522 -6.3554 4
-13.2541 -6.4633 4
-10.7898 -5.2509 4
-12.3307 -8.2885 4
-12.1064 -6.3630 4
-13.5977 -6.9182 4
-11.3249 -8.1879 4
-14.3344 -7.0812 4
-12.5038 -7.7173 4
-12.7354 -6.6124 4
-13.4526 -6.4642 4
-13.1717 -7.7177 4
-13.1181 -6.7452 4
-11.9389 -5.8224 4
-12.3709 -8.8478 4
-11.7576 -5.5025 4
-13.4057 -8.1238 4
-12.5751 -6.9466 4
-13.5539 -7.9323 4
-12.7367 -7.5388 4
-13.4408 -7.1247 4
-12.8938 -5.7430 4
-12.4319 -5.7523 4
-13.1020 -5.9899 4
-11.9404 -4.1531 4
-12.2969 -5.7804 4
-10.7817 -6.5843 4
-14.3277 -7.7910 4
-13.0544 -7.1193 4
-14.9182 -6.4818 4
-13.3915 -7.5215 4
-14.4644 -6.7187 4
-12.2060 -6.2338 4
-14.0852 -8.0265 4
-12.8059 -7.1618 4
-12.4417 -6.3063 4
-13.4909 -6.8109 4
-11.7900 -5.5301 4
-14.4366 -8.4948 4
-10.8371 -7.6669 4
-13.1491 -6.3902 4
-13.5920 -6.2186 4
-13.7561 -5.5356 4
-13.8912 -7.1027 4
-13.5360 -5.3268 4
-13.1735 -6.5470 4
-15.5708 -8.5752 4
-13.8528 -8.0486 4
-11.4689 -6.7659 4
-14.6558 -8.2933 4
-12.5337 -7.2214 4
-11.4349 -7.3566 4
-11.9031 -6.4427 4
-13.5161 -6.8142 4
-14.7536 -6.4629 4
-12.5591 -5.9458 4
-13.5568 -5.7826 4
-16.0409 -9.6418 4
-11.3151 -5.5245 4
-13.2636 -7.8979 4
-13.4938 -6.8936 4
-15.9310 -7.8904 4
-12.3468 -6.5781 4
-13.9562 -7.4320 4
-12.1361 -5.4378 4
-13.8289 -5.5709 4
-11.8224 -5.9299 4
-12.1272 -6.0057 4
-11.2926 -8.0123 4
-14.4640 -7.2319 4
-13.5654 -6.8045 4
-14.1655 -6.6491 4
-14.4190 -6.1662 4
-13.8902 -9.4393 4
-12.7922 -6.5818 4
-13.8139 -6.3206 4
-13.3417 -6.7097 4
-14.1642 -7.8038 4
-13.0348 -6.9071 4
-13.7392 -8.0207 4
-14.1159 -6.5375 4
-13.3758 -7.8162 4
-12.1862 -7.0736 4
-13.5599 -8.4951 4
-13.7693 -6.9363 4
-12.1521 -6.5171 4
-12.3445 -6.2710 4
-14.3773 -7.3126 4
-14.5746 -8.7055 4
-12.6231 -5.9275 4
-14.8241 -9.0379 4
-13.1005 -8.5490 4
-14.7935 -7.2286 4
-11.6139 -6.9382 4
-12.3496 -6.1021 4
-12.5097 -5.1734 4
-13.5369 -5.9475 4
-12.5572 -6.7985 4
-11.2263 -6.4352 4
-13.3939 -7.6626 4
-13.2451 -7.7695 4
-12.5093 -7.9681 4
-11.7897 -8.0200 4
-14.0366 -7.9482 4
-13.6009 -7.1174 4
-12.6566 -7.7322 4
-13.1809 -6.7635 4
-13.1351 -4.5678 4
-13.2593 -4.5845 4
-11.5360 -7.3408 4
-13.0819 -6.6208 4
-13.1413 -7.6788 4
-12.5139 -6.5439 4
-14.0829 -7.3985 4
-12.3788 -6.1726 4
-12.4799 -6.2933 4
-13.8896 -8.2831 4
-11.2878 -5.9215 4
-14.1162 -7.1988 4
-13.0066 -6.2735 4
-12.2067 -6.8672 4
-12.2657 -8.7737 4
-12.4912 -7.3561 4
-13.0963 -7.3192 4
-13.3530 -7.1401 4
-13.0283 -6.8001 4
-13.2835 -6.1389 4
-12.9651 -6.1050 4
-11.4929 -6.4621 4
-12.6868 -7.3969 4
-13.7790 -6.5047 4
-13.5760 -5.2578 4
-12.3802 -7.8508 4
-12.7899 -6.1790 4
-13.1801 -7.8857 4
-13.1554 -5.2643 4
-11.7510 -6.2631 4
-13.3108 -7.0682 4
-12.0449 -7.8648 4
-13.5399 -5.6422 4
-14.6319 -9.1005 4
-13.2979 -6.7987 4
-11.6156 -6.5700 4
-14.4062 -7.5070 4
-11.6192 -7.2586 4
-11.6871 -6.7361 4
-11.4659 -5.1662 4
-12.9468 -7.4534 4
-12.3957 -6.6016 4
-11.4675 -6.8116 4
