2.5111 -13.9265 0
4.3428 -14.6968 0
-0.8592 -16.2496 0
3.9150 -14.0656 0
1.8236 -14.3525 0
1.9523 -15.5659 0
1.1850 -15.3872 0
0.9184 -16.7029 0
1.8205 -14.4403 0
2.8374 -14.1751 0
3.1784 -14.5039 0
1.5661 -14.8862 0
0.0803 -15.3233 0
2.7036 -13.1177 0
1.9019 -14.5601 0
2.0254 -17.6040 0
3.8550 -13.9412 0
1.5239 -15.3659 0
1.1882 -15.0692 0
2.2467 -16.9855 0
1.3891 -15.1286 0
0.4243 -16.6948 0
0.9365 -14.5697 0
0.8814 -14.8811 0
3.7072 -14.5136 0
3.2629 -14.0134 0
1.4365 -14.6248 0
1.7159 -14.1460 0
2.9101 -14.0515 0
1.6403 -17.2930 0
3.0984 -14.1277 0
3.1130 -15.4599 0
0.9853 -16.6356 0
2.0998 -15.4860 0
2.2476 -16.0827 0
0.4919 -15.7975 0
0.4370 -15.5925 0
2.5926 -15.2637 0
0.8035 -16.5325 0
1.8995 -15.1858 0
2.0114 -14.0353 0
2.6046 -15.3569 0
1.5939 -14.7311 0
3.0266 -13.9841 0
2.7644 -14.2676 0
1.9568 -15.1067 0
0.6972 -15.1036 0
2.7808 -14.0651 0
2.1323 -15.2723 0
0.8199 -15.5161 0
2.1875 -16.1327 0
2.2420 -15.1678 0
2.0817 -14.4896 0
1.9507 -14.6676 0
1.8945 -15.2251 0
2.6656 -15.9709 0
1.2274 -16.1856 0
2.0097 -15.1894 0
0.9232 -15.5977 0
1.3024 -17.0555 0
0.2697 -17.8839 0
2.7848 -14.5095 0
1.3650 -16.0746 0
2.5188 -14.8410 0
4.9605 -14.1990 0
1.9920 -14.5795 0
0.6189 -16.6253 0
2.3097 -14.7942 0
4.9738 -14.1390 0
1.4777 -15.0686 0
2.4773 -16.0137 0
0.0710 -15.8339 0
2.8752 -14.5753 0
1.7984 -14.9762 0
1.1273 -14.7021 0
0.8482 -17.1625 0
1.9105 -15.7102 0
4.5382 -12.8858 0
2.6733 -16.3187 0
2.1584 -14.3971 0
1.9886 -15.6343 0
2.2213 -15.4335 0
3.6128 -13.2343 0
0.5483 -15.4217 0
2.6077 -14.4954 0
0.4758 -15.8458 0
1.3390 -14.1363 0
2.4604 -15.1496 0
-0.3065 -15.4410 0
2.3771 -13.4935 0
0.2442 -14.5273 0
0.4369 -15.2219 0
2.7608 -14.8862 0
2.2261 -15.9726 0
2.0281 -15.5435 0
3.5690 -13.5526 0
3.1840 -15.0392 0
3.1820 -13.5964 0
1.3226 -16.2496 0
1.7688 -16.4579 0
3.2590 -14.8455 0
2.2985 -15.0864 0
2.6267 -15.6919 0
0.8814 -17.1998 0
2.1649 -14.5837 0
2.3735 -14.3467 0
2.3908 -13.1947 0
1.1933 -15.3030 0
1.9178 -15.5496 0
0.3437 -16.0783 0
2.3139 -14.3104 0
1.0085 -15.3004 0
1.5809 -15.6494 0
2.5958 -14.4738 0
0.7369 -14.3413 0
1.5293 -16.4458 0
0.6535 -14.1937 0
1.9843 -14.6097 0
3.3952 -14.0102 0
4.1094 -14.0745 0
0.9198 -17.1908 0
2.6790 -15.3191 0
2.0272 -15.3809 0
2.6930 -13.8231 0
1.2237 -14.7496 0
1.1916 -16.5223 0
2.3861 -14.9281 0
1.7223 -14.0545 0
2.9483 -16.3878 0
2.4765 -14.1276 0
0.9099 -15.1933 0
2.3083 -15.1247 0
2.4638 -14.5504 0
2.1521 -16.1783 0
0.4090 -16.9162 0
1.7546 -14.4708 0
2.6815 -13.7729 0
1.6011 -15.9637 0
4.0105 -15.6134 0
3.5398 -13.8154 0
2.0103 -15.1793 0
2.9678 -15.4554 0
1.9094 -16.4457 0
1.5288 -15.2347 0
1.7884 -15.5002 0
1.8506 -16.5106 0
0.8670 -15.7519 0
3.5633 -14.7656 0
1.1342 -14.6964 0
1.2022 -15.0429 0
3.0276 -15.1590 0
1.2904 -16.3401 0
1.5754 -15.7446 0
1.0886 -14.4634 0
3.8296 -14.5864 0
1.7949 -16.9615 0
0.3242 -15.7544 0
1.2513 -15.6077 0
2.0961 -15.0863 0
1.9795 -14.4274 0
5.7885 2.6943 1
4.2571 2.1882 1
6.2509 2.3443 1
6.0012 1.8031 1
7.5936 4.2764 1
7.4717 2.6609 1
5.5289 2.5984 1
6.4366 2.8829 1
6.5399 4.3911 1
7.9417 3.1446 1
6.6346 3.5933 1
6.1309 3.4003 1
6.2706 5.6891 1
3.0770 2.9814 1
5.1540 3.5389 1
4.8708 3.0778 1
7.4308 3.1230 1
4.4616 3.3400 1
7.1799 4.3021 1
6.8937 2.2939 1
5.6300 3.5011 1
7.2077 4.1707 1
6.5581 3.2068 1
5.2601 3.6700 1
5.7730 3.2636 1
5.3274 2.4206 1
5.2091 4.8132 1
7.0707 3.7897 1
8.7380 4.4511 1
6.3854 2.6536 1
4.7446 3.5771 1
4.4960 1.2653 1
5.2071 1.1884 1
6.8776 5.0182 1
5.2472 3.9557 1
5.6315 3.3445 1
5.7068 3.6036 1
5.4164 2.2271 1
6.6810 3.1175 1
5.9662 3.9130 1
6.1251 3.5200 1
6.8109 3.3425 1
5.3180 1.8487 1
6.7404 2.4269 1
3.8878 2.4597 1
6.6393 2.7845 1
3.3608 2.8601 1
5.2425 3.4886 1
5.7032 1.3278 1
6.2083 3.0908 1
8.0286 3.7619 1
6.1343 3.5619 1
4.5274 3.7308 1
6.1699 2.9638 1
7.5985 2.5978 1
8.0514 3.4506 1
6.1738 3.1497 1
5.7046 2.6080 1
4.9441 3.0349 1
6.5008 1.5744 1
6.7421 4.2510 1
6.4225 1.8436 1
4.9352 2.2072 1
7.5329 2.8329 1
5.6025 3.1253 1
5.3669 2.2275 1
6.3067 2.7555 1
4.5923 0.5182 1
6.5926 2.5969 1
6.1753 2.8896 1
5.6181 2.5514 1
6.9389 4.4689 1
4.5548 4.0449 1
5.8120 3.5550 1
5.0486 1.8340 1
6.1152 3.0232 1
4.4202 0.8273 1
6.3169 2.0278 1
4.9064 2.6221 1
6.9725 3.5154 1
5.6776 3.6064 1
5.6776 2.1131 1
5.3885 2.9347 1
7.7900 3.5478 1
6.0045 3.0825 1
7.5099 2.3852 1
6.7957 5.0278 1
6.3853 3.7896 1
6.1064 1.4265 1
5.6055 3.5425 1
6.1940 3.4512 1
7.1043 2.8007 1
5.0582 2.7283 1
5.4869 3.5220 1
5.2371 2.0736 1
5.1137 3.2261 1
6.0352 2.2293 1
5.3609 4.4728 1
5.7044 1.9490 1
5.2591 4.2041 1
6.3590 4.2375 1
5.3430 2.7810 1
7.2877 2.0152 1
6.9847 2.7738 1
7.1644 3.9271 1
5.7022 3.4299 1
7.0359 2.3580 1
7.5561 2.8397 1
6.0720 2.7720 1
5.4508 3.2569 1
5.8644 2.9382 1
6.0670 3.6166 1
6.7510 2.7565 1
5.8171 4.6534 1
5.6241 2.7542 1
7.6854 4.0118 1
4.7076 3.6275 1
5.2540 2.1156 1
4.0391 1.8449 1
5.2382 3.9956 1
6.5708 4.0568 1
7.3532 3.4546 1
5.8746 4.4988 1
4.5724 1.8764 1
5.1548 4.4297 1
5.2981 3.3822 1
5.9068 3.3656 1
6.0006 3.3978 1
8.2965 3.7596 1
6.1113 3.3891 1
6.8404 2.9427 1
6.8997 4.1001 1
4.9169 2.2841 1
6.9199 2.6859 1
6.2065 4.0884 1
5.9302 2.6878 1
8.8339 4.8637 1
7.7249 4.4208 1
6.3402 2.7710 1
6.8963 2.4163 1
7.6594 3.6724 1
4.8662 3.2210 1
8.5162 3.5856 1
5.7603 3.5105 1
5.5060 4.0446 1
6.0639 3.5287 1
6.4269 3.8041 1
7.0061 5.0668 1
6.3604 4.6234 1
4.9323 2.6041 1
4.3789 3.6692 1
5.5821 3.6987 1
4.0018 3.5858 1
6.8641 3.4980 1
7.2631 3.1915 1
6.0767 4.1999 1
5.9963 3.7015 1
5.8692 5.0205 1
5.7182 1.8934 1
7.3119 3.7919 1
-4.5749 -1.9898 2
-0.4099 -0.0042 2
-3.2843 -1.9591 2
-2.4364 -3.2238 2
-2.6857 -0.5744 2
-2.2779 0.1834 2
-2.6252 -0.8004 2
-1.2511 0.1928 2
-3.5215 -0.7010 2
-4.2067 -1.1478 2
-2.4707 -3.4641 2
-4.3694 -0.5881 2
-1.2649 0.1378 2
-2.8175 -0.8535 2
-4.7530 -1.3600 2
-2.1383 -0.1974 2
-2.8208 -1.3576 2
-2.8427 0.5145 2
-2.8508 -1.2923 2
-1.8018 -1.4196 2
-3.7648 -0.6610 2
-2.2771 -0.9889 2
-3.5690 -0.2809 2
-2.4468 -1.1165 2
-3.3014 -0.0606 2
-1.5864 -1.3984 2
-3.1622 0.6231 2
-4.6915 -1.2542 2
-3.6596 -2.0771 2
-3.9775 -0.6929 2
-2.5176 0.8917 2
-1.2494 0.1254 2
-1.7742 -1.4493 2
-4.6523 -1.5086 2
-2.4098 -2.3834 2
-3.6000 -1.6532 2
-4.3533 -1.1597 2
-2.3470 -0.6252 2
-4.7259 -0.3598 2
-2.1830 0.0863 2
-5.7452 -2.9794 2
-0.9839 -0.6340 2
-2.5285 1.7284 2
-4.6288 -2.0238 2
-4.3895 -2.4551 2
-2.0147 -1.2396 2
-2.7461 -2.9288 2
-2.6177 -0.1775 2
-2.2739 -0.1021 2
-2.2027 -1.3943 2
-3.5885 -0.7357 2
-4.4094 -1.0835 2
-4.7184 -2.3739 2
-2.5513 0.1520 2
-3.0334 -1.4296 2
-2.3531 -1.1810 2
-2.4642 0.0513 2
-3.0546 -3.2571 2
-2.0357 -0.3513 2
-4.1238 -3.4177 2
-3.5392 -1.3787 2
-4.9899 0.5207 2
-2.6550 -0.9665 2
-1.3619 -0.2802 2
-4.1650 -0.9485 2
-2.9746 -0.5383 2
-2.4818 -1.0988 2
-6.6423 -1.1936 2
-1.5859 -0.3076 2
-2.7703 -0.2015 2
-4.8698 -1.7730 2
-3.1380 -1.0835 2
-3.2969 -1.7911 2
-1.6621 -0.1249 2
-1.9527 -0.2498 2
-4.3118 -3.4005 2
-2.9142 -1.6458 2
-2.2563 -0.2191 2
-2.1762 -0.8486 2
-2.3964 -0.4539 2
-2.6410 -0.9219 2
-4.7423 -0.7783 2
-3.8165 -3.0391 2
-2.2885 0.6655 2
-3.4862 -0.3335 2
-1.8076 -1.7843 2
-1.9783 -1.1374 2
-1.7417 -0.5175 2
-3.9500 -1.0889 2
-3.5481 -1.7218 2
-3.7463 -2.2256 2
-4.7213 -0.1136 2
-2.6092 -0.5520 2
-2.3350 -0.2143 2
-2.1623 -0.7155 2
-2.1710 0.4658 2
-2.9951 -0.9331 2
-3.5334 -0.6324 2
-3.0843 -1.3454 2
-2.1115 0.3780 2
-2.9651 -1.7445 2
-3.3026 -1.0356 2
-2.4022 -0.6361 2
-2.5420 -0.9887 2
-1.9087 -1.6787 2
-3.5894 -0.7113 2
-4.6755 -3.1317 2
-2.3032 0.3164 2
-3.5568 -2.0384 2
-3.4218 -0.6389 2
-2.8323 -2.2606 2
-2.8404 -1.9710 2
-1.6511 -0.4936 2
-3.4825 -0.8624 2
-2.3758 -1.0442 2
-3.5327 -0.1939 2
-5.1792 -3.0287 2
-3.6896 -1.0721 2
-2.9028 -1.4891 2
-2.6055 0.6937 2
-4.7175 -1.4408 2
-2.4468 -1.2573 2
-4.3331 -2.4057 2
-3.1391 -2.5619 2
-2.6563 -2.4447 2
-4.1107 -1.7095 2
-4.2208 -1.4450 2
-3.2553 -0.3555 2
-1.5882 -0.0556 2
-3.7656 -2.9229 2
-3.3340 0.2335 2
-4.2026 -0.4337 2
-3.1056 -0.2495 2
-2.4664 0.3006 2
-3.1056 -0.7797 2
-3.0655 -2.2797 2
-2.8688 -1.3491 2
-1.9259 0.0885 2
-3.1088 -1.5907 2
-1.6969 -0.8433 2
-4.8272 -1.1209 2
-3.1302 -0.9849 2
-2.0295 0.1155 2
-1.8197 0.6899 2
-2.6558 -0.9730 2
-0.9678 0.1746 2
-4.0251 -0.4091 2
-3.0539 0.0381 2
-3.1148 -1.3250 2
-2.5412 0.0321 2
-2.8717 -0.8817 2
-2.6566 -1.0622 2
-3.3415 -3.1536 2
-2.0147 0.1611 2
-3.8397 -0.5449 2
-4.8210 -2.1442 2
-3.1186 -3.2146 2
-1.8016 0.0329 2
-4.6227 -0.7406 2
-4.0146 -1.5831 2
11.1888 8.0006 3
11.6736 6.9995 3
12.6773 9.5088 3
13.6213 9.3194 3
13.0904 9.6009 3
10.9799 7.5556 3
9.8349 8.9595 3
10.7726 7.6111 3
10.6195 8.0029 3
11.9841 6.8496 3
12.0774 5.1421 3
10.8900 7.0748 3
10.3756 6.1021 3
12.3840 8.0574 3
12.5875 8.2260 3
12.0499 8.5496 3
13.2378 9.3470 3
11.1867 5.5903 3
11.7537 7.3473 3
12.3057 9.2585 3
12.6918 8.2980 3
13.5535 9.5384 3
12.9321 9.4103 3
13.8880 9.4051 3
11.9684 7.5904 3
10.8750 6.6948 3
12.2827 7.8091 3
13.6177 7.0479 3
11.4152 8.6599 3
12.4399 8.8324 3
12.2525 9.6700 3
11.1276 7.8554 3
12.4569 7.8899 3
11.2325 8.8248 3
12.1569 8.3365 3
13.1776 8.8465 3
11.1339 7.0741 3
13.2602 8.3490 3
12.9841 9.4954 3
11.8267 8.4488 3
11.8302 9.7965 3
13.1222 8.3755 3
11.9077 7.9473 3
11.6562 6.5582 3
11.8757 9.2422 3
11.8367 6.7444 3
11.3876 7.3018 3
12.5506 8.8309 3
12.9053 9.1135 3
11.8202 8.8325 3
12.0043 7.1589 3
12.3255 8.3944 3
12.8147 8.9153 3
12.2410 8.1927 3
11.7374 9.5137 3
13.5043 10.1484 3
11.2089 6.6076 3
10.4110 8.3138 3
11.1605 8.8033 3
12.9123 8.6672 3
13.2043 8.0807 3
13.1115 7.5053 3
12.3138 7.4292 3
11.4818 7.6866 3
12.3415 8.0283 3
11.4006 7.4536 3
12.5880 9.6388 3
11.5325 7.5409 3
9.9154 7.6033 3
10.8126 8.0646 3
12.1230 6.8085 3
11.6975 8.6658 3
14.2053 8.4366 3
13.2149 8.1705 3
12.2611 9.5865 3
12.4922 7.5793 3
11.0495 6.5873 3
11.3634 7.4783 3
10.1767 6.3353 3
13.6318 8.0861 3
11.6197 7.5541 3
11.5587 8.3257 3
11.2705 7.5254 3
11.6465 8.4932 3
11.6633 7.5874 3
13.1159 7.8160 3
12.0282 8.0111 3
10.8365 6.4261 3
12.1661 7.0183 3
11.9954 7.8541 3
12.8161 7.3702 3
11.9339 8.0821 3
10.2767 7.4237 3
12.9643 8.3969 3
13.5426 10.0157 3
13.2919 8.9786 3
12.0322 7.8612 3
13.5219 9.5001 3
10.9993 8.5491 3
11.2097 8.4084 3
10.5951 7.8392 3
12.9021 8.0461 3
11.8640 8.8253 3
11.8227 8.0752 3
10.7014 8.4821 3
12.5209 8.4754 3
12.7134 9.9603 3
11.0502 7.7648 3
10.9435 6.7632 3
11.7666 9.3290 3
14.2090 7.9381 3
12.1647 10.0290 3
12.0633 8.5209 3
13.0745 8.5556 3
12.2674 9.3845 3
11.5022 7.3520 3
13.8201 9.1976 3
11.9763 8.1706 3
11.5863 7.1464 3
11.6389 7.5573 3
11.1224 7.7980 3
11.2300 8.4632 3
13.6383 8.8207 3
11.3340 6.6593 3
12.3273 7.9689 3
11.5094 8.2819 3
11.3119 5.7584 3
11.9624 9.5007 3
12.1211 8.6062 3
11.3756 8.8663 3
13.1447 8.2629 3
11.5281 8.4205 3
12.2225 8.1949 3
11.4429 8.4646 3
12.0341 8.4275 3
13.5019 9.2794 3
11.7662 8.0835 3
10.7724 6.8646 3
13.7006 9.3495 3
10.6091 6.2643 3
10.8896 6.4648 3
11.3070 7.8177 3
11.3849 7.7761 3
13.0243 8.4882 3
12.7438 7.0785 3
13.1212 8.7205 3
9.5813 7.8012 3
11.7298 7.9467 3
11.6606 6.8911 3
11.9619 9.0263 3
12.2231 7.0337 3
12.9536 9.3157 3
10.6960 6.6898 3
12.6205 7.6178 3
12.0240 7.7690 3
12.1444 8.1181 3
11.7776 8.5645 3
10.4403 7.9145 3
12.2522 9.2588 3
11.7220 9.2012 3
1.0377 3.3057 4
2.4525 1.7297 4
1.4862 0.0027 4
0.0586 0.4543 4
1.8326 1.4174 4
2.3192 3.0552 4
1.9112 0.6452 4
2.9886 3.3357 4
1.4748 1.2224 4
3.3168 2.4799 4
1.6729 2.6250 4
1.4006 2.1441 4
2.9806 1.6013 4
2.4333 3.5121 4
3.1688 2.9662 4
1.2018 0.8856 4
4.3986 1.1482 4
1.4072 2.7483 4
2.3582 1.7651 4
2.2821 2.6635 4
2.1740 2.6487 4
1.5785 1.8370 4
-0.3719 1.7228 4
1.8295 3.0155 4
-0.0907 1.0463 4
1.1062 0.6991 4
1.4630 2.2026 4
0.9019 1.9262 4
1.9117 0.6764 4
2.8859 1.0035 4
1.8839 1.7485 4
0.3942 1.3822 4
3.6533 1.6870 4
1.7550 1.2925 4
0.9972 1.1204 4
1.2236 1.1182 4
0.9732 1.5546 4
2.0827 1.6502 4
1.9139 3.0017 4
2.0854 1.5102 4
3.4763 1.2336 4
0.0691 1.1965 4
2.2151 -0.1395 4
1.7287 2.0325 4
1.2116 3.0259 4
1.1487 1.6097 4
2.9621 0.6841 4
3.6752 4.3372 4
1.2585 2.1056 4
1.4602 3.1272 4
0.9091 1.6905 4
2.7839 2.1542 4
1.8526 2.2882 4
2.4683 1.0764 4
2.6903 0.9782 4
2.7223 1.7767 4
3.9465 3.1505 4
1.7268 1.3081 4
3.2027 3.3694 4
2.8614 1.1129 4
1.3955 0.5412 4
1.4035 2.5427 4
-0.6411 0.0418 4
2.1039 1.9952 4
1.7783 1.5666 4
3.7314 2.1954 4
1.4376 3.1667 4
0.7653 1.2795 4
1.8478 1.7809 4
1.6092 1.5425 4
2.1717 2.6530 4
2.6086 2.8524 4
1.6589 2.6947 4
0.7606 1.4954 4
0.7409 1.4218 4
0.9760 2.1602 4
1.6495 0.4790 4
1.3737 1.1151 4
3.6712 2.6990 4
3.5664 4.1779 4
3.7145 3.7804 4
2.3706 4.1976 4
2.5805 2.4795 4
1.9371 1.0250 4
0.3932 1.6151 4
2.8043 3.3466 4
2.5349 2.9613 4
1.9961 1.5134 4
2.6499 3.2503 4
-0.0111 1.3501 4
1.0385 1.5710 4
0.6824 2.5801 4
3.1135 1.4216 4
2.2190 1.2663 4
4.1463 3.8757 4
1.1769 0.9301 4
1.5407 4.0074 4
1.8136 1.1899 4
3.7826 2.5467 4
1.3028 1.8156 4
0.7808 0.9404 4
2.9184 1.7438 4
1.1854 1.6071 4
1.1265 1.6709 4
3.0911 2.3541 4
2.5688 1.8331 4
1.1508 0.3391 4
3.9853 3.4062 4
2.6056 1.6086 4
2.8844 2.9799 4
0.2986 1.5023 4
2.9058 1.7975 4
2.9201 2.5025 4
1.0470 3.0615 4
3.8401 1.4920 4
2.3444 2.6565 4
0.6186 0.0420 4
1.4695 1.6751 4
2.0361 1.9877 4
2.9177 0.7973 4
3.3049 2.0655 4
2.4662 4.2395 4
2.5987 1.5350 4
2.5117 2.0829 4
0.6660 1.4825 4
2.8956 2.7370 4
2.7184 2.3437 4
2.1509 3.0976 4
1.9717 3.2667 4
0.2641 2.2190 4
1.4837 2.6300 4
2.0607 1.5437 4
1.0565 1.2381 4
3.4013 2.2475 4
2.2262 1.7034 4
3.0026 2.5301 4
2.3126 3.7988 4
2.4630 1.8170 4
1.5054 1.1202 4
3.3574 0.2014 4
0.2647 1.8763 4
2.5682 3.1147 4
2.4140 0.8032 4
1.2490 1.5956 4
1.3912 1.6367 4
1.1231 2.4525 4
1.7665 1.3396 4
2.2070 3.3382 4
3.0342 3.1052 4
4.0042 1.4359 4
1.6899 3.0780 4
2.4435 2.4632 4
1.5518 2.7490 4
1.1921 2.9572 4
2.4480 2.0181 4
2.0817 1.6300 4
1.2019 1.5900 4
2.3531 3.0424 4
3.8009 3.7986 4
4.4984 1.0870 4
