11.2371 8.8209 0
12.0005 7.8451 0
10.4471 5.7647 0
12.1797 8.0721 0
12.5615 7.3118 0
11.0827 7.3933 0
10.9584 6.5682 0
11.9018 7.8646 0
10.6597 6.4209 0
11.6386 7.5340 0
10.9757 6.6164 0
11.4294 6.0175 0
10.9057 5.6870 0
12.3003 6.6864 0
8.7909 5.5711 0
9.3818 6.1075 0
10.0168 6.4182 0
10.0644 5.2693 0
10.3738 6.7118 0
9.9330 5.0671 0
11.7476 7.2259 0
11.5187 7.0510 0
12.9358 7.9929 0
10.4506 6.4690 0
9.0673 5.6220 0
11.5434 6.2716 0
10.4904 7.4211 0
13.5033 8.3623 0
11.7445 7.6114 0
10.2171 8.6295 0
10.9501 6.5133 0
10.3084 5.9042 0
11.2585 7.1441 0
12.5507 8.1796 0
10.7077 5.5481 0
9.9048 7.7719 0
11.2765 8.9932 0
11.0384 5.9086 0
11.7911 6.9809 0
10.5551 6.1776 0
11.8888 7.0104 0
10.6660 8.4092 0
10.9232 6.4548 0
12.9214 8.1480 0
9.6088 4.9120 0
10.6260 7.0880 0
11.9420 7.7829 0
8.3970 6.2567 0
11.9093 6.7815 0
12.0079 6.7058 0
12.2949 6.4426 0
11.5368 6.7153 0
9.8096 7.7413 0
11.7698 5.7274 0
10.7756 5.5330 0
9.8877 6.4277 0
9.6095 8.2149 0
10.9889 7.8356 0
10.7060 7.2407 0
10.5521 6.0484 0
11.4530 8.0467 0
11.9471 6.6646 0
9.6776 6.0964 0
9.7476 6.6927 0
10.7083 7.3085 0
10.1687 6.7256 0
13.7900 8.2372 0
8.0969 5.0634 0
10.4700 6.3466 0
12.7070 7.2116 0
11.4644 7.9313 0
10.2430 6.7982 0
10.8040 6.3079 0
11.1019 7.4138 0
10.4750 6.8755 0
12.2448 6.3411 0
11.0741 5.5336 0
10.9494 6.4890 0
10.6439 7.3946 0
10.0774 5.6110 0
12.7909 8.8670 0
11.3115 6.6094 0
12.6140 8.6747 0
12.1819 6.6449 0
11.8150 6.4029 0
11.3581 6.7641 0
11.0300 7.8977 0
11.5553 5.1759 0
9.8865 8.3155 0
9.8513 7.1884 0
10.9684 4.7111 0
12.8438 6.9213 0
11.5298 6.5854 0
10.1365 6.4790 0
10.3080 5.9698 0
9.0098 6.5533 0
11.7430 7.3883 0
11.2669 8.1301 0
12.2670 7.2084 0
10.4335 6.0540 0
11.0178 5.8939 0
9.9664 6.7927 0
9.6686 6.8962 0
10.1769 5.0141 0
12.3320 6.8995 0
11.9934 8.1709 0
11.9788 7.2220 0
10.9805 7.0762 0
10.9117 7.4194 0
10.4390 7.2160 0
11.8085 6.9509 0
10.1671 7.8422 0
12.0542 6.8279 0
10.0788 6.7756 0
11.4911 7.9103 0
11.4799 7.6182 0
10.2180 5.5756 0
10.8572 5.2523 0
10.1737 8.1595 0
9.9031 7.2422 0
11.3457 6.9063 0
11.8769 6.7570 0
12.2690 8.1925 0
9.4063 7.7539 0
11.6084 7.1922 0
11.6131 6.1464 0
11.0051 6.3716 0
10.5682 8.5235 0
10.6181 6.1880 0
12.2691 8.2623 0
10.4123 5.1321 0
10.8398 6.9635 0
10.5551 9.5072 0
10.8462 6.9699 0
10.7825 6.6324 0
10.4195 6.8281 0
11.3527 8.5805 0
10.0615 7.5612 0
9.7073 6.4178 0
12.2864 5.8485 0
11.4362 8.4599 0
11.2512 7.8425 0
11.4798 6.1469 0
10.2897 5.3774 0
12.4237 5.5074 0
10.8264 7.4199 0
12.1680 7.0088 0
11.2317 7.2578 0
9.8515 7.1241 0
12.1401 6.6258 0
11.4864 7.1168 0
11.2305 5.7799 0
11.0671 7.0181 0
9.4713 5.6736 0
11.1782 7.4571 0
9.4788 8.3781 0
10.8588 8.2774 0
11.3696 7.0670 0
8.6931 5.6111 0
10.9247 6.8500 0
-5.9227 -6.2227 1
-6.6373 -5.9513 1
-8.5110 -7.7813 1
-6.9646 -6.0873 1
-6.4492 -5.3159 1
-7.6718 -6.4757 1
-7.0708 -4.0443 1
-8.4838 -8.5938 1
-6.5365 -6.2520 1
-6.7968 -5.9503 1
-8.5088 -5.1960 1
-7.0248 -5.2029 1
-6.5711 -5.5744 1
-5.4859 -6.4298 1
-6.2758 -5.2094 1
-6.2431 -5.5347 1
-7.0926 -4.8761 1
-7.3425 -6.4641 1
-5.3081 -5.7615 1
-7.6634 -4.5142 1
-6.6800 -6.8117 1
-5.8264 -7.2009 1
-7.0758 -5.1808 1
-9.0334 -6.3689 1
-8.0249 -6.2177 1
-9.0003 -8.0206 1
-8.9469 -7.1018 1
-6.1906 -5.5627 1
-5.2666 -4.3500 1
-8.0910 -6.1667 1
-7.1355 -5.5077 1
-4.3487 -4.9582 1
-5.7751 -6.2966 1
-5.6699 -6.2060 1
-4.8713 -5.8300 1
-5.5984 -4.4711 1
-7.2971 -7.8173 1
-4.2419 -4.5160 1
-7.3896 -5.2433 1
-8.0670 -8.8150 1
-6.4990 -5.9428 1
-7.6981 -6.9932 1
-7.1842 -7.7060 1
-5.5550 -5.4014 1
-5.2821 -4.4823 1
-7.4609 -5.7572 1
-7.7997 -6.1205 1
-7.7662 -5.9653 1
-7.5334 -5.8853 1
-5.1243 -5.0409 1
-7.4232 -5.8972 1
-6.2038 -7.3849 1
-6.5321 -6.3972 1
-7.8356 -5.3649 1
-8.6010 -5.0064 1
-7.6499 -7.8451 1
-8.4428 -6.1552 1
-10.0146 -8.5934 1
-7.3121 -6.8417 1
-7.9608 -5.0978 1
-7.3264 -6.0624 1
-6.9388 -4.8851 1
-6.1381 -4.8770 1
-7.4177 -7.9843 1
-7.0441 -5.1291 1
-7.4060 -6.3185 1
-8.6864 -8.6332 1
-6.3220 -6.3370 1
-7.9022 -8.5104 1
-6.6059 -3.9525 1
-5.6152 -5.0161 1
-7.1656 -7.1860 1
-6.0354 -5.7130 1
-5.4097 -3.7404 1
-6.1649 -6.5244 1
-7.4663 -7.8542 1
-6.6341 -6.8589 1
-7.6206 -6.7712 1
-6.5710 -4.3324 1
-6.4727 -5.5477 1
-8.0989 -6.4308 1
-7.2607 -4.0095 1
-6.8860 -5.4024 1
-7.0449 -5.3822 1
-6.3288 -6.0917 1
-7.8817 -7.3104 1
-7.1750 -3.4892 1
-6.3574 -6.1221 1
-6.5693 -5.2835 1
-6.5427 -5.2141 1
-7.1523 -6.0492 1
-7.2864 -7.4390 1
-7.3309 -6.0577 1
-6.1437 -5.9091 1
-7.4147 -6.2118 1
-6.8256 -6.0974 1
-8.1823 -6.7498 1
-6.7756 -6.5770 1
-7.3267 -6.6847 1
-7.7780 -4.9246 1
-6.7619 -5.9480 1
-7.3215 -6.1312 1
-6.0302 -5.7677 1
-6.9209 -7.1596 1
-7.1322 -6.1325 1
-7.8085 -7.4448 1
-7.4480 -5.4737 1
-6.1497 -6.4369 1
-5.6552 -7.9069 1
-6.3712 -6.1809 1
-7.5216 -7.0714 1
-6.7629 -6.9085 1
-6.4666 -7.4767 1
-6.8553 -5.7397 1
-7.6035 -8.3654 1
-7.8744 -6.2172 1
-6.1721 -6.8807 1
-8.4536 -6.6099 1
-5.2874 -4.8275 1
-7.6139 -7.1808 1
-7.6753 -5.9329 1
-6.2341 -6.5470 1
-7.0487 -7.4523 1
-6.2546 -6.8096 1
-8.1114 -6.2543 1
-5.4463 -5.5036 1
-6.5550 -7.8404 1
-6.5265 -5.6335 1
-7.8927 -6.4728 1
-7.4335 -5.6414 1
-8.0045 -6.2086 1
-7.6299 -7.0861 1
-7.9767 -4.8757 1
-8.0041 -6.4851 1
-5.9800 -5.7774 1
-6.6674 -6.3675 1
-6.3855 -7.2010 1
-6.0874 -6.9192 1
-7.3501 -6.1330 1
-5.6243 -6.6671 1
-7.5900 -5.9615 1
-7.4513 -6.0604 1
-6.5419 -6.1797 1
-6.0298 -6.3463 1
-7.5724 -4.8923 1
-7.5030 -6.2012 1
-5.5205 -3.1353 1
-8.9120 -7.8393 1
-7.4944 -6.9927 1
-6.2233 -6.5557 1
-5.8609 -3.6524 1
-6.3385 -6.4406 1
-8.5558 -5.9214 1
-6.7908 -5.3822 1
-6.4906 -5.2775 1
-8.7568 -5.9267 1
-7.0877 -6.5800 1
-6.6699 -6.8847 1
-8.1592 -6.7670 1
-7.3131 -5.6841 1
7.0306 0.2553 2
6.0172 2.8614 2
6.3746 -0.6713 2
7.1531 3.7576 2
6.9429 3.3166 2
5.5184 1.7693 2
3.3073 0.7120 2
6.4413 2.1754 2
6.8471 2.8639 2
5.3933 0.1227 2
8.2636 2.5653 2
7.9299 0.8282 2
3.8604 0.8746 2
5.3012 2.0964 2
6.4275 2.5562 2
6.8323 2.8593 2
5.2618 1.7795 2
6.0692 0.7907 2
8.5249 2.0307 2
6.4412 2.1640 2
3.8760 0.6744 2
4.8451 1.7180 2
4.3203 1.6027 2
4.8053 0.0504 2
3.8514 1.4695 2
6.6832 1.4857 2
7.1874 2.7809 2
3.8117 2.3528 2
5.4752 1.9553 2
5.3774 1.1933 2
7.6688 2.6983 2
4.4883 1.7249 2
6.2774 3.6389 2
6.1528 0.9043 2
6.6071 3.0168 2
5.2297 2.3659 2
6.7786 1.4894 2
5.3659 3.3992 2
4.8700 2.0675 2
6.4457 2.3654 2
4.9086 3.6005 2
6.0600 1.9411 2
6.5874 0.4300 2
6.1561 1.1886 2
5.5248 1.8712 2
5.3958 1.2864 2
5.6748 2.6444 2
6.9995 2.0115 2
4.8000 1.8938 2
5.6690 2.3331 2
5.6970 2.7922 2
7.0772 1.8038 2
5.3883 1.4720 2
6.2877 3.8651 2
6.5348 2.8678 2
4.3978 0.8349 2
6.3257 4.1301 2
4.7853 3.0850 2
7.0553 1.4479 2
4.3406 0.3796 2
5.6576 2.0885 2
6.2572 0.4728 2
4.9530 1.8784 2
3.8904 1.8997 2
5.1940 1.0586 2
7.4218 3.0362 2
4.0068 -0.8084 2
4.1839 0.9514 2
5.3683 1.4856 2
5.8817 1.2432 2
6.0841 1.7073 2
7.4671 3.3470 2
8.0991 3.2584 2
7.3394 1.7824 2
5.2352 1.3914 2
7.3796 1.0907 2
5.5615 1.1312 2
5.6402 1.9822 2
6.6357 2.4505 2
6.7169 1.6361 2
7.9212 2.6982 2
7.0104 3.3362 2
6.7303 0.0988 2
6.6497 2.6975 2
6.5660 0.8796 2
4.7187 2.1074 2
7.2212 1.9190 2
6.1377 3.5187 2
6.5432 2.5388 2
6.0781 1.0810 2
4.3515 -0.0652 2
4.9249 2.5826 2
6.4342 2.6285 2
6.0644 2.6653 2
5.5005 0.6152 2
5.6190 1.0114 2
4.8260 0.8296 2
6.4428 1.8854 2
6.1978 1.2841 2
4.9860 2.3207 2
6.3270 0.1081 2
6.0575 2.0597 2
6.6361 1.6854 2
5.7305 1.8218 2
7.6860 3.0005 2
6.0918 1.6102 2
5.9877 3.9542 2
5.7821 2.4386 2
5.7409 1.8790 2
6.6770 1.9006 2
6.6743 2.5241 2
7.2439 0.9866 2
5.3178 2.4751 2
6.7031 2.2102 2
5.3503 1.5411 2
6.7850 1.8320 2
5.8175 1.3165 2
3.8709 2.0276 2
6.2022 2.7517 2
7.3558 0.9618 2
4.6975 1.5850 2
7.0421 3.3643 2
5.1446 2.1877 2
5.0761 1.0318 2
5.9291 2.8639 2
5.5026 2.6734 2
5.1544 2.1965 2
5.0416 0.5773 2
7.3279 3.1050 2
5.7240 2.9366 2
6.4624 3.8261 2
6.3189 3.1055 2
4.9767 1.3158 2
6.7407 0.6975 2
6.0958 2.1811 2
4.3568 1.7153 2
6.8221 2.3396 2
5.5577 1.5673 2
7.2557 1.0171 2
7.5765 1.7536 2
5.7782 0.4460 2
3.7667 1.0410 2
7.0738 3.3909 2
6.3939 1.6877 2
6.6219 1.0789 2
5.6781 1.6808 2
6.7758 3.3882 2
5.6707 1.5282 2
6.3801 2.6815 2
5.2178 0.5465 2
5.3942 1.3101 2
4.7553 1.3303 2
5.4149 2.7224 2
5.9785 2.8185 2
5.3892 2.6036 2
5.0409 0.4608 2
6.7722 1.7089 2
5.7683 2.2226 2
8.5026 3.0086 2
5.4155 1.9977 2
11.5407 -13.4311 3
13.3197 -12.8509 3
11.4033 -15.1179 3
12.8043 -14.0378 3
11.6201 -15.1684 3
13.9859 -13.9947 3
13.9533 -13.7668 3
13.3960 -12.7203 3
12.8961 -14.6619 3
13.5586 -14.9150 3
13.2954 -14.0447 3
13.0234 -16.4580 3
13.1204 -14.0024 3
12.6225 -13.6246 3
14.3612 -13.6070 3
13.9111 -14.4646 3
13.9753 -14.4152 3
13.3917 -13.3895 3
12.5014 -14.1005 3
14.7888 -12.5277 3
12.7690 -14.7687 3
12.3514 -14.4066 3
12.6304 -14.3030 3
12.5688 -14.0754 3
13.1148 -13.9629 3
13.5259 -13.6890 3
11.5709 -14.4477 3
13.4304 -15.6842 3
12.8279 -14.2325 3
12.9757 -15.6442 3
11.6941 -14.9396 3
12.9411 -12.0548 3
13.5684 -15.0558 3
12.8747 -12.6979 3
12.5482 -12.5657 3
11.8552 -14.1023 3
12.8917 -13.5971 3
12.7703 -13.7220 3
13.3614 -14.1667 3
13.1413 -13.1523 3
13.6076 -13.0850 3
13.2319 -12.5828 3
13.5901 -12.8594 3
14.1073 -14.9987 3
12.0612 -13.1851 3
13.0484 -15.6078 3
13.1105 -16.1159 3
13.2763 -13.0009 3
12.9121 -11.9701 3
13.3405 -15.2081 3
14.5478 -12.6496 3
14.1558 -13.0576 3
12.4550 -14.1121 3
14.6260 -12.8101 3
11.6302 -15.6169 3
12.8270 -12.4567 3
12.4231 -14.6436 3
13.6413 -15.3531 3
13.0139 -15.0165 3
12.5297 -13.4123 3
13.2995 -12.4794 3
10.5220 -14.9331 3
11.9912 -14.5053 3
12.7185 -13.3054 3
12.9700 -14.0410 3
13.1599 -14.1257 3
14.0717 -13.2880 3
14.0802 -15.1186 3
12.0081 -13.9393 3
13.5018 -13.0536 3
11.6525 -14.7305 3
12.0979 -14.0926 3
11.8181 -14.3610 3
13.1561 -13.0763 3
12.5501 -13.7963 3
12.0790 -12.9094 3
13.9031 -13.1904 3
12.7087 -14.6658 3
13.4993 -13.1002 3
13.6384 -13.9735 3
13.1256 -14.5027 3
12.7552 -14.8361 3
13.2893 -15.0884 3
13.2740 -13.0743 3
13.8903 -13.8359 3
11.9102 -13.7004 3
14.0930 -13.9863 3
13.4121 -12.3888 3
13.3114 -12.8093 3
12.4943 -14.2530 3
13.8293 -13.2571 3
13.4987 -14.2483 3
15.2229 -12.3575 3
12.8068 -12.9235 3
12.9473 -13.9888 3
11.6042 -13.2801 3
13.0961 -15.2182 3
13.3133 -14.1639 3
11.0544 -13.5843 3
11.6575 -15.0934 3
13.0558 -13.0340 3
12.4576 -14.8316 3
13.6595 -13.9333 3
15.0186 -13.8394 3
11.6165 -14.7014 3
13.2429 -14.0862 3
14.0973 -13.5481 3
13.4047 -12.7378 3
14.7320 -12.3722 3
14.0981 -12.4734 3
15.0219 -11.7363 3
12.3817 -13.7620 3
14.1297 -13.3652 3
12.7883 -14.5276 3
12.8763 -12.7792 3
13.1902 -14.4100 3
14.1600 -12.9529 3
11.9796 -14.0441 3
13.3508 -14.7221 3
13.3124 -13.4752 3
13.2955 -13.8182 3
12.0887 -13.8384 3
12.0337 -15.6600 3
12.9505 -12.7760 3
12.8813 -14.6318 3
12.9503 -14.0419 3
12.5160 -13.5587 3
11.4057 -14.1471 3
13.9391 -13.5507 3
12.9627 -14.3902 3
12.3602 -13.8362 3
12.1703 -15.5461 3
12.7796 -14.3054 3
13.0010 -13.9726 3
11.8867 -14.0961 3
14.8386 -13.5581 3
13.6791 -13.3898 3
11.1719 -15.0726 3
13.5127 -13.7140 3
11.4946 -14.2136 3
12.5237 -15.7923 3
13.9491 -14.9332 3
13.0553 -13.5716 3
12.2027 -14.2459 3
13.2425 -13.2521 3
10.8252 -13.9806 3
12.4170 -15.4028 3
10.9629 -14.0329 3
12.3524 -14.0478 3
12.2020 -14.3527 3
11.5213 -14.3272 3
11.9764 -15.0918 3
11.6245 -15.0865 3
12.5028 -15.1911 3
13.4304 -14.7157 3
11.1873 -14.4300 3
12.9418 -14.5312 3
13.0529 -15.7923 3
12.2393 -12.7397 3
12.7117 -14.0409 3
6.1465 -0.4694 4
4.9986 -1.4949 4
6.6487 -2.3507 4
4.6121 -2.4608 4
5.6112 -2.6281 4
3.8904 -3.8800 4
3.9010 -1.8747 4
4.2576 -1.0264 4
2.8741 -1.1217 4
4.1458 -1.5946 4
6.5335 -2.3606 4
6.3865 -2.1978 4
5.5124 -1.8552 4
3.9686 -3.3045 4
4.1913 -1.0033 4
5.5364 -3.4331 4
5.2321 -3.8204 4
5.0392 -1.7566 4
6.1618 -1.8680 4
5.7603 -0.1193 4
5.4059 -2.2559 4
4.8527 -2.0441 4
5.4389 -2.6204 4
5.1306 -1.4010 4
5.4430 -1.1599 4
4.9983 -2.4279 4
4.9619 -0.9454 4
5.1377 -2.0643 4
3.9882 -2.8319 4
6.9081 -0.9143 4
4.5279 -0.5918 4
4.3105 -3.3116 4
3.7280 -2.5059 4
6.1386 -3.0990 4
5.4537 -1.4497 4
5.1435 -0.5024 4
4.1503 -3.0697 4
5.6061 0.5441 4
4.1290 -1.4526 4
4.8380 -1.2353 4
4.1802 -3.1752 4
4.5336 -3.1346 4
5.9028 -1.4368 4
4.4298 -0.3046 4
4.0251 -3.9703 4
4.7123 -1.3518 4
4.0168 -3.0951 4
4.9183 -2.9906 4
6.0724 -2.2627 4
4.7453 -2.6323 4
5.7542 0.2356 4
7.8362 0.4419 4
4.3446 -2.8306 4
4.7594 -3.2462 4
6.3668 -0.0603 4
3.9996 -2.9399 4
6.9315 -2.1819 4
3.3086 -3.1881 4
4.7277 -2.1417 4
7.0250 -0.8478 4
5.5689 -2.7834 4
4.1289 -2.5905 4
5.7898 -3.0207 4
3.3978 -1.9469 4
5.1242 -1.1637 4
4.3710 -2.8084 4
5.0633 -2.1950 4
6.2559 -2.6050 4
5.0215 -1.0177 4
3.7438 -3.3120 4
4.8839 -1.3897 4
5.0140 -1.5423 4
5.1360 -2.7034 4
3.9414 -2.3277 4
6.4213 0.8846 4
5.3641 -0.7380 4
4.5983 -1.4109 4
5.1308 -2.9085 4
4.4240 -0.9422 4
3.6457 -1.7428 4
5.3953 -2.7470 4
6.1217 -1.0642 4
4.3000 -2.2239 4
5.2975 -2.0763 4
3.9791 -2.8033 4
4.8067 -2.9093 4
5.2049 -2.1640 4
6.0829 -0.9115 4
4.6023 -0.4116 4
4.5406 -1.8393 4
2.9505 -2.1431 4
6.9745 -0.2787 4
3.2246 -3.2742 4
6.1405 -2.3998 4
4.8443 -0.7519 4
4.2965 -3.6371 4
4.6209 -2.8608 4
5.5167 -2.5411 4
5.1117 -1.8948 4
5.9175 -2.1284 4
5.3611 -1.6068 4
3.7960 -2.2579 4
3.6752 -1.7849 4
5.4077 -1.3909 4
3.9726 -2.9746 4
5.9533 -0.8211 4
3.4253 -4.4297 4
4.3506 -2.9669 4
3.6229 -4.0523 4
5.5246 -1.4906 4
5.5555 -1.3130 4
3.6832 -2.2246 4
4.6715 -1.4110 4
4.4432 -1.3385 4
5.5986 -1.8201 4
5.6144 -1.5015 4
5.5166 -1.0831 4
6.1671 -1.4886 4
6.9265 -1.1264 4
4.1792 -1.1954 4
5.3839 -0.1079 4
3.6250 -1.2960 4
6.1896 -0.9804 4
3.9542 -0.7280 4
7.0593 -1.5760 4
4.4878 -0.8229 4
5.4268 -2.3676 4
4.2569 -1.4462 4
7.1438 -1.5646 4
4.3796 -1.9792 4
4.7955 -2.0276 4
5.1572 -2.7647 4
4.2551 -2.5779 4
4.3554 -2.2854 4
6.2799 -1.9512 4
5.1861 -0.2271 4
5.1064 -3.8524 4
7.7598 -0.2612 4
3.9109 -3.4552 4
5.1724 -1.1445 4
2.9602 -0.4447 4
3.8774 -3.4568 4
5.3069 -0.6697 4
4.5852 -2.5207 4
4.7425 -0.6893 4
5.0891 -3.4403 4
4.4220 -3.9585 4
6.1276 -0.6891 4
5.0780 -2.7115 4
5.8262 -1.3673 4
5.9891 -3.0116 4
5.4186 -2.5017 4
3.4091 -2.2504 4
5.9513 -2.0651 4
5.5488 -0.1589 4
6.5737 -2.0818 4
4.5850 -1.5891 4
3.4144 -3.3993 4
6.6380 -1.6730 4
6.1702 -0.4062 4
