-2.0155 -7.5831 0
-2.6235 -10.3489 0
-1.3424 -8.9175 0
-3.3422 -12.5400 0
-1.9492 -10.9326 0
-3.0935 -9.1053 0
-0.1784 -9.6126 0
-1.5083 -10.3279 0
-2.6996 -10.3423 0
-0.0275 -10.1916 0
-3.0706 -9.9332 0
-2.3587 -10.7276 0
-0.4502 -8.4545 0
-1.9136 -10.4080 0
-2.7781 -12.1231 0
-1.7480 -9.6101 0
-2.1621 -10.7612 0
-1.4301 -9.9704 0
-1.1448 -8.9741 0
-1.3255 -7.9389 0
-0.1338 -9.8104 0
-1.2528 -9.2733 0
-1.3109 -7.6417 0
-2.2661 -9.7594 0
-1.5726 -11.5701 0
-2.3836 -9.0835 0
-1.8586 -10.4456 0
-2.6520 -11.4614 0
-2.5848 -9.7195 0
-2.2517 -10.6251 0
-1.8024 -10.0746 0
-2.8444 -10.7597 0
-3.3196 -10.7457 0
-3.5308 -9.6254 0
-3.2531 -12.2653 0
-1.5549 -8.8694 0
-1.4420 -8.9166 0
-2.5626 -10.3623 0
-1.7028 -8.0642 0
-2.5790 -10.7624 0
-1.5235 -9.5975 0
-3.3771 -10.2564 0
-3.7049 -9.4720 0
-2.4846 -12.0530 0
-2.2945 -10.9604 0
-4.1989 -8.3169 0
-0.5043 -9.9132 0
-1.8394 -10.6528 0
-1.6105 -9.4742 0
-1.4561 -11.6021 0
-1.5973 -9.4423 0
-1.6597 -9.1223 0
-2.8002 -9.6126 0
-3.7160 -10.7091 0
-1.6452 -11.0092 0
-2.4389 -10.4664 0
-1.4153 -10.8183 0
-1.6578 -8.9085 0
-2.3846 -11.0024 0
-1.1426 -9.7180 0
-1.7575 -8.7638 0
-1.9063 -10.6180 0
-2.7614 -11.3458 0
-2.8287 -9.9203 0
-2.9432 -11.0095 0
-1.9466 -9.6684 0
-1.0242 -8.8140 0
-2.4444 -10.2575 0
-3.1385 -9.6969 0
-2.6038 -11.1895 0
-2.7814 -9.6242 0
-3.6472 -8.8056 0
-1.1414 -10.3470 0
-2.5936 -10.7018 0
0.7124 -8.9807 0
-0.8915 -9.9877 0
-2.1592 -10.9580 0
-1.0336 -8.9759 0
-2.9510 -9.7723 0
-2.9658 -9.8245 0
-3.8247 -11.1825 0
-2.7948 -10.2634 0
-2.6025 -10.4987 0
-2.1255 -7.6042 0
-1.9773 -8.4924 0
-1.2345 -9.8238 0
-2.0640 -9.6082 0
-2.4077 -9.8750 0
-3.2251 -11.0636 0
-2.7039 -9.7182 0
-3.1039 -9.6195 0
-2.9609 -10.1235 0
-2.4434 -8.8028 0
-1.2374 -9.8590 0
-4.4514 -10.3620 0
-1.3774 -9.9506 0
-2.4293 -11.2363 0
-3.7020 -9.7112 0
-2.3487 -10.2644 0
-1.2574 -9.4292 0
-2.7352 -11.1297 0
-1.9277 -11.3442 0
-2.3576 -8.6380 0
-2.6429 -12.3881 0
-2.1785 -10.0104 0
-2.6693 -9.2776 0
-2.5104 -9.2197 0
-2.6144 -11.0871 0
-1.5927 -10.4768 0
-1.2163 -11.0000 0
-2.8448 -9.6890 0
-3.0215 -10.4564 0
-2.6226 -9.5252 0
-1.1944 -10.1483 0
-1.4863 -10.5727 0
-0.2323 -8.7144 0
-4.2220 -10.1308 0
-2.2051 -9.0671 0
-3.0891 -10.5156 0
-1.8810 -10.1758 0
-2.1581 -10.4168 0
0.3915 -9.5342 0
-1.8734 -10.6416 0
-3.1888 -10.0678 0
-0.1716 -8.4222 0
-2.2475 -10.3959 0
-1.4432 -11.0458 0
-0.4686 -8.4717 0
-2.1700 -9.7845 0
-2.7473 -9.0581 0
-3.1046 -10.9880 0
-4.7801 -12.3031 0
-1.4953 -10.7363 0
-2.4326 -9.0637 0
-0.7256 -8.9222 0
-3.4029 -11.0105 0
-2.4732 -10.9690 0
-2.3021 -10.9240 0
-2.5679 -11.4634 0
-0.7012 -8.1745 0
-2.2732 -10.6851 0
-2.4616 -9.6917 0
-3.3508 -10.9973 0
-2.0083 -10.2586 0
0.2184 -10.7983 0
-1.0898 -8.5890 0
-2.8661 -11.2950 0
-2.9730 -12.3644 0
-0.9454 -8.9996 0
-2.7445 -10.7721 0
-0.5161 -9.4893 0
-1.2191 -9.7723 0
-0.7036 -9.7537 0
-2.1997 -9.3875 0
-3.9294 -11.0469 0
-0.8406 -10.3681 0
-2.8936 -11.5145 0
-0.4940 -7.7618 0
-2.4552 -11.0329 0
-3.3899 -9.9165 0
-7.7694 12.3127 1
-8.7162 11.9405 1
-8.4091 12.5403 1
-9.9969 10.1137 1
-9.9582 9.9927 1
-7.6617 12.4104 1
-10.3913 12.2300 1
-9.1254 13.3285 1
-9.2768 10.9551 1
-8.4589 10.1674 1
-8.4476 12.7391 1
-10.0252 10.9412 1
-9.0549 11.6082 1
-7.3507 12.7397 1
-8.7949 13.1387 1
-9.2184 12.2590 1
-8.0418 11.0676 1
-8.6185 12.7651 1
-9.8849 12.9933 1
-8.7898 12.8330 1
-8.9598 12.9372 1
-8.3437 12.2446 1
-9.0696 11.5890 1
-9.6975 11.7010 1
-8.2248 10.8240 1
-8.7158 12.2399 1
-8.0375 12.2874 1
-8.7264 11.4963 1
-7.7824 11.1428 1
-8.0845 11.8234 1
-8.2080 13.2283 1
-9.6733 12.2905 1
-9.0802 12.2306 1
-9.5228 10.5144 1
-9.6814 11.4576 1
-8.4472 12.7012 1
-8.3667 11.9042 1
-6.9484 12.1296 1
-9.5729 11.5126 1
-9.7612 11.9530 1
-8.2116 11.5302 1
-8.9070 12.7415 1
-9.6648 10.0654 1
-8.9553 13.0298 1
-10.1914 9.9064 1
-9.7920 10.8330 1
-8.8285 11.0694 1
-7.8545 12.4012 1
-11.5107 10.1103 1
-6.4412 13.9503 1
-10.4537 10.1603 1
-7.9484 13.3311 1
-10.7559 10.6903 1
-6.5322 13.9753 1
-7.9730 13.3097 1
-9.0816 11.1482 1
-8.3547 12.8730 1
-7.6364 12.3136 1
-8.0626 13.2116 1
-8.6700 12.1864 1
-8.7787 11.5757 1
-9.4886 12.4826 1
-7.9651 12.5105 1
-8.8143 11.2253 1
-9.3587 11.3702 1
-9.8743 11.6866 1
-10.0764 12.1125 1
-9.5451 12.4530 1
-6.4337 12.9197 1
-9.1709 11.7572 1
-9.8799 11.6237 1
-10.4500 11.4837 1
-8.8602 12.4778 1
-9.8846 10.7210 1
-8.7540 10.5846 1
-9.2664 10.7403 1
-8.7843 11.4882 1
-9.0242 11.2133 1
-8.7920 13.9555 1
-8.5151 12.5727 1
-9.6186 11.3441 1
-10.1224 11.6329 1
-10.6160 11.6405 1
-9.6999 11.3172 1
-8.8668 12.7318 1
-7.8246 13.4394 1
-8.0784 10.2513 1
-9.0711 12.2558 1
-8.3912 11.8767 1
-8.7704 12.6241 1
-9.1654 11.9203 1
-9.7332 11.9060 1
-9.6776 10.9210 1
-9.3770 12.2900 1
-10.0698 11.9390 1
-7.3374 12.2572 1
-6.9019 13.2416 1
-9.1180 11.2851 1
-7.6511 12.5509 1
-10.3171 10.8829 1
-9.7014 9.8796 1
-6.3276 13.0837 1
-8.4007 11.5902 1
-7.9389 12.1012 1
-9.4180 11.3735 1
-9.0969 12.2540 1
-10.2478 10.5609 1
-8.3535 11.3467 1
-7.9903 13.9530 1
-8.1121 12.4216 1
-8.9578 13.5736 1
-9.0977 12.3110 1
-8.8122 12.6794 1
-10.4228 10.2561 1
-8.6691 11.7763 1
-8.2376 11.3762 1
-8.1634 11.5649 1
-8.8999 12.2292 1
-8.4757 13.3672 1
-8.2870 10.6285 1
-10.3471 11.0452 1
-8.1923 11.2762 1
-9.4512 11.1609 1
-8.5404 12.5880 1
-8.8525 13.3263 1
-7.8573 13.2693 1
-8.2491 12.3394 1
-8.0722 11.8344 1
-10.0175 11.1174 1
-8.9113 12.7624 1
-9.9819 12.8857 1
-8.2247 11.6067 1
-9.1022 11.5111 1
-8.4814 12.1977 1
-8.9888 11.2780 1
-8.1636 12.8196 1
-9.5611 13.2264 1
-7.4149 12.8290 1
-10.6992 11.7010 1
-9.1760 12.0946 1
-8.9542 11.6243 1
-7.1624 11.5137 1
-10.6775 10.2322 1
-9.3642 14.1049 1
-8.0419 12.1469 1
-10.6082 10.1788 1
-8.8512 11.8844 1
-9.5233 12.4833 1
-10.3869 10.3617 1
-9.7980 11.0888 1
-10.0403 11.9914 1
-8.3800 12.0591 1
-8.6623 13.2255 1
-9.7090 11.7967 1
-7.5525 12.7601 1
-8.5924 11.2543 1
-8.8020 12.1170 1
-10.2834 11.5114 1
-9.8463 12.4294 1
-7.4831 13.5726 1
8.4436 3.7680 2
8.4551 3.1244 2
8.3402 4.1585 2
9.2744 4.4056 2
8.5505 3.3195 2
8.6791 3.1181 2
8.8270 2.0416 2
8.1164 0.6284 2
7.6783 1.3914 2
8.8171 2.0116 2
9.4228 3.5325 2
7.8984 3.6282 2
9.3190 3.2735 2
7.9637 3.2010 2
7.6562 0.9258 2
8.4579 3.2490 2
8.3012 3.1690 2
8.5231 2.5536 2
8.1790 3.3562 2
8.0149 3.6937 2
8.1364 3.6222 2
8.7877 2.2013 2
9.2353 3.1402 2
7.4573 3.4225 2
6.9923 3.6508 2
8.1279 4.0264 2
7.6305 2.1210 2
8.0242 3.7369 2
4.9729 0.7525 2
9.4434 4.0577 2
6.6933 0.2959 2
7.1949 1.4586 2
8.0143 2.8882 2
7.3603 2.0351 2
6.6412 1.9237 2
8.8209 3.7967 2
8.6632 2.8991 2
7.1226 2.4079 2
8.7067 3.0176 2
8.4101 4.4125 2
8.1696 3.4179 2
6.0245 0.6379 2
8.6448 3.1878 2
7.4378 2.4957 2
8.2948 3.1543 2
7.7180 3.1838 2
9.0189 2.9517 2
6.8627 2.5456 2
7.9844 2.4638 2
7.2129 1.7745 2
8.6536 2.2631 2
8.2263 3.6548 2
7.7404 4.5079 2
9.2267 3.6515 2
7.7245 2.7110 2
8.5400 3.9952 2
9.5967 3.2736 2
7.2162 1.6163 2
8.0911 2.8267 2
7.1320 2.5441 2
9.3897 3.4414 2
7.0067 2.1040 2
7.8178 0.1633 2
7.7796 1.1310 2
8.4659 3.6000 2
8.0185 4.4989 2
7.6465 3.2647 2
6.3624 2.2284 2
8.4985 2.9194 2
8.0824 2.6864 2
5.8267 2.5783 2
9.8730 4.6332 2
6.6849 2.6070 2
8.6343 3.1285 2
8.3330 2.8636 2
7.0093 3.1131 2
5.7738 2.4303 2
7.5980 3.5715 2
8.9719 3.4623 2
7.4241 3.9087 2
8.6996 2.7975 2
8.2543 1.6771 2
8.3348 3.0093 2
8.9890 4.8759 2
6.3960 2.1036 2
7.3213 2.4926 2
9.6569 3.1956 2
8.5582 1.5502 2
6.5911 2.9587 2
8.7541 3.7429 2
8.4199 3.0152 2
9.4876 3.9762 2
7.3286 0.3309 2
6.5307 2.1859 2
8.1368 2.9022 2
8.4641 3.1862 2
7.9524 2.1878 2
7.0887 1.6940 2
7.2517 2.8896 2
8.9726 2.7599 2
9.0101 4.0013 2
8.6585 1.7957 2
6.1353 1.9290 2
6.4337 3.9073 2
7.7647 1.6206 2
7.8668 3.3600 2
7.8188 2.5820 2
7.3058 1.0791 2
7.4215 1.7870 2
5.8486 0.6809 2
5.5687 1.1338 2
9.2537 2.2170 2
8.5125 2.8736 2
7.1833 2.2355 2
7.5156 3.0436 2
7.3827 2.0688 2
9.0247 2.8343 2
6.6051 3.9442 2
7.9860 3.8214 2
7.1424 3.4897 2
8.7727 3.8085 2
6.7730 3.2413 2
7.5200 1.8921 2
8.9448 4.2115 2
7.2484 3.9459 2
7.5484 4.3182 2
9.0377 5.1565 2
6.7776 0.9817 2
7.5749 2.1196 2
7.4463 2.4762 2
8.2668 4.1877 2
7.5144 2.7865 2
8.6805 4.3151 2
8.8263 3.3971 2
7.5277 2.3127 2
8.6870 2.6850 2
8.3441 3.3148 2
7.2469 2.4406 2
7.1279 1.1503 2
7.0200 1.3989 2
7.5554 2.4879 2
8.3169 2.1574 2
8.5439 3.4092 2
6.8233 2.0167 2
7.0589 2.1025 2
8.4929 3.1890 2
8.7005 3.5330 2
7.8905 4.5801 2
9.5469 2.9299 2
7.0849 1.5322 2
8.5258 4.1080 2
7.8570 4.9215 2
6.5842 3.0781 2
5.7966 1.4159 2
8.2802 4.1904 2
7.9435 3.2159 2
5.6098 0.8930 2
7.6989 3.4504 2
6.8229 1.4736 2
9.7767 2.6278 2
-5.2531 -6.9166 3
-5.6116 -9.1612 3
-7.3330 -9.6297 3
-6.2644 -7.1135 3
-7.7530 -6.7383 3
-5.8346 -7.4613 3
-6.6587 -6.9883 3
-7.2940 -10.3434 3
-4.6290 -7.9665 3
-5.2657 -7.5541 3
-4.5796 -7.2568 3
-4.5820 -8.1084 3
-6.4040 -8.7009 3
-5.7511 -7.4041 3
-4.4406 -7.8266 3
-7.8181 -9.0987 3
-8.4972 -9.2889 3
-4.4874 -6.7309 3
-6.7405 -8.2755 3
-6.0133 -7.8413 3
-7.0184 -7.5410 3
-5.0013 -8.5323 3
-6.8949 -6.3481 3
-6.5518 -8.9093 3
-3.7013 -7.5295 3
-6.4674 -8.0191 3
-4.6704 -7.4759 3
-6.6268 -7.7137 3
-5.2574 -8.2167 3
-5.4161 -7.9958 3
-7.8981 -8.9678 3
-7.4281 -8.0046 3
-6.3965 -7.4485 3
-4.7843 -7.0796 3
-7.0541 -6.3612 3
-7.6670 -9.7641 3
-7.4255 -8.8488 3
-5.7422 -9.2331 3
-5.3075 -7.1556 3
-6.1052 -7.8900 3
-5.4649 -8.3450 3
-6.0658 -8.0847 3
-6.9998 -9.4302 3
-6.8467 -8.3272 3
-7.9589 -7.9588 3
-8.2306 -7.8165 3
-5.3840 -8.6275 3
-5.8744 -6.5102 3
-6.0705 -7.5295 3
-5.5652 -9.4037 3
-7.0373 -7.3234 3
-4.9499 -7.2992 3
-7.1819 -9.0875 3
-5.4272 -8.2878 3
-6.3642 -8.5837 3
-5.6648 -7.5598 3
-5.7914 -7.5171 3
-6.9717 -8.4038 3
-5.4488 -6.6950 3
-5.8227 -7.5813 3
-5.4238 -7.8354 3
-7.0180 -8.8437 3
-8.3983 -8.8326 3
-6.5042 -8.1187 3
-5.8984 -8.0093 3
-5.5829 -8.2314 3
-5.5753 -7.5279 3
-5.2887 -7.4022 3
-4.9802 -9.2334 3
-5.2932 -7.5413 3
-5.5329 -7.8943 3
-6.3520 -7.3838 3
-5.7080 -6.8181 3
-5.5756 -8.9096 3
-5.9578 -8.7917 3
-4.7955 -8.6043 3
-7.3644 -9.6742 3
-9.5402 -8.5540 3
-3.8478 -7.1976 3
-5.6781 -8.2819 3
-5.8906 -7.2087 3
-6.0269 -7.8330 3
-6.9135 -7.6473 3
-6.5430 -8.5060 3
-5.2745 -7.9148 3
-5.3489 -7.0103 3
-5.8586 -7.6710 3
-4.0859 -7.7737 3
-7.7381 -8.8554 3
-4.9936 -5.9053 3
-4.0369 -7.1461 3
-7.5983 -8.5597 3
-7.1385 -8.1898 3
-6.3989 -9.9506 3
-6.5972 -8.6415 3
-6.1558 -9.5834 3
-6.0716 -8.2689 3
-4.2555 -5.5148 3
-5.6737 -8.2102 3
-3.9992 -6.4068 3
-7.1673 -7.9906 3
-7.2534 -9.9441 3
-6.1533 -6.5148 3
-4.8051 -7.1295 3
-6.9505 -9.6509 3
-4.9886 -7.8258 3
-5.8546 -6.4360 3
-6.2792 -6.8503 3
-7.8126 -9.6394 3
-5.9447 -7.5735 3
-5.5782 -6.8963 3
-7.0290 -8.5099 3
-5.9411 -7.7216 3
-6.8816 -9.4565 3
-5.4713 -8.2321 3
-5.5799 -8.8591 3
-5.6399 -8.7960 3
-6.5169 -8.4236 3
-6.4842 -7.7756 3
-3.7911 -6.5943 3
-5.5606 -7.7416 3
-5.1259 -7.7668 3
-5.2717 -8.1579 3
-3.7176 -7.0929 3
-4.9903 -8.2191 3
-6.5079 -10.4457 3
-4.5451 -8.4587 3
-6.5394 -6.4724 3
-6.5452 -9.4858 3
-6.1868 -8.8129 3
-6.6966 -9.8140 3
-6.5524 -8.8286 3
-4.7248 -7.4617 3
-6.7468 -9.1622 3
-6.2037 -9.1250 3
-6.3622 -7.6340 3
-5.2064 -7.9904 3
-7.4141 -10.7334 3
-6.4723 -9.2421 3
-4.7118 -7.6503 3
-5.9961 -7.9260 3
-6.5115 -8.0634 3
-7.1371 -8.7422 3
-7.3843 -10.2785 3
-5.9739 -6.2437 3
-6.9834 -8.8101 3
-5.2626 -9.4999 3
-6.3511 -8.9269 3
-4.8283 -7.4572 3
-6.8568 -7.7325 3
-6.5892 -7.0476 3
-5.8052 -6.8254 3
-6.8776 -8.1852 3
-6.3006 -9.1188 3
-6.9277 -8.4768 3
-5.1901 -7.2623 3
-5.8366 -9.4625 3
-3.7882 -6.1927 3
-6.3400 -7.1428 3
-6.2416 -8.4834 3
-12.9561 -13.0759 4
-13.8780 -14.9474 4
-12.6172 -11.3662 4
-13.1165 -13.9947 4
-11.3188 -13.7032 4
-13.2315 -13.7243 4
-15.5096 -12.4492 4
-12.1507 -13.7851 4
-14.7061 -14.5201 4
-13.7935 -12.9978 4
-12.9036 -12.7314 4
-12.6370 -11.7299 4
-11.4081 -11.7913 4
-13.0911 -12.4985 4
-11.6608 -12.6259 4
-13.3296 -12.5690 4
-12.7365 -13.4754 4
-14.7439 -13.9910 4
-12.9811 -11.9552 4
-13.2009 -13.6619 4
-12.2304 -12.3299 4
-12.1759 -13.1239 4
-12.4578 -12.9019 4
-13.8071 -13.2343 4
-13.3147 -13.2748 4
-13.0729 -12.8062 4
-12.4634 -12.6874 4
-11.7198 -11.8557 4
-13.2587 -11.8399 4
-11.5317 -13.6711 4
-12.0547 -12.2153 4
-11.4726 -12.9542 4
-12.5045 -12.4579 4
-12.9429 -13.1473 4
-14.5883 -13.1934 4
-13.2687 -12.2300 4
-11.7954 -13.1322 4
-12.9935 -11.9726 4
-13.8931 -13.0594 4
-13.1317 -11.6126 4
-12.7561 -12.1820 4
-13.1157 -12.6795 4
-12.1197 -13.6806 4
-11.9674 -12.8851 4
-14.0404 -12.5525 4
-13.0501 -12.8990 4
-12.9896 -13.7807 4
-12.3624 -13.7152 4
-12.3064 -12.3270 4
-14.1152 -11.7616 4
-12.3769 -12.8188 4
-13.4141 -12.8195 4
-12.7946 -10.0724 4
-14.1838 -12.3576 4
-13.0081 -11.1155 4
-12.4394 -13.1292 4
-13.8897 -12.3788 4
-12.7865 -12.6972 4
-13.8724 -14.7552 4
-12.0197 -12.0654 4
-13.5609 -13.4561 4
-13.2851 -11.6442 4
-13.1063 -12.1013 4
-13.9117 -15.0980 4
-13.6649 -11.6478 4
-12.5192 -13.2523 4
-13.9522 -14.3053 4
-14.5378 -13.2168 4
-12.8126 -13.5770 4
-13.0951 -12.0019 4
-13.2532 -12.2777 4
-13.5543 -14.6710 4
-12.0240 -11.9411 4
-10.2906 -12.2435 4
-11.7906 -13.8989 4
-11.6774 -12.4224 4
-11.3183 -12.6619 4
-13.5937 -12.7612 4
-14.2540 -11.9695 4
-13.4740 -14.7770 4
-13.2078 -13.1841 4
-14.0356 -13.4302 4
-11.7360 -13.8933 4
-14.2578 -13.4361 4
-14.4641 -14.6209 4
-11.8860 -12.2290 4
-14.2174 -12.4833 4
-10.5016 -12.1044 4
-13.0633 -12.1138 4
-13.3047 -14.0281 4
-11.5960 -13.3272 4
-12.8891 -13.2157 4
-13.8119 -12.5053 4
-13.2290 -12.5927 4
-13.7955 -12.7701 4
-12.8910 -13.6757 4
-13.4482 -14.2779 4
-11.5592 -14.1019 4
-11.9141 -12.5388 4
-13.4860 -13.7660 4
-13.0236 -13.1393 4
-14.7856 -16.4929 4
-14.5579 -13.8635 4
-12.8800 -14.2330 4
-13.5209 -13.6909 4
-12.4422 -13.5269 4
-13.0631 -14.5933 4
-14.3870 -12.8221 4
-13.0424 -13.6176 4
-12.6016 -12.3562 4
-13.9792 -14.5972 4
-13.9435 -14.4753 4
-12.6905 -12.2140 4
-13.9927 -14.0750 4
-14.9108 -14.1233 4
-12.7624 -11.7494 4
-11.2384 -12.4105 4
-15.1775 -13.2299 4
-14.7177 -14.8115 4
-12.8393 -13.0799 4
-12.1315 -12.7681 4
-13.1491 -13.2653 4
-11.9437 -13.6940 4
-12.1124 -13.3169 4
-13.3748 -13.0022 4
-12.2865 -12.4579 4
-13.5106 -14.3807 4
-13.2023 -14.4459 4
-13.4158 -13.3537 4
-14.2101 -12.7372 4
-12.9095 -13.7439 4
-14.3982 -12.4685 4
-12.3128 -13.0776 4
-12.3748 -12.8727 4
-15.0821 -13.4291 4
-12.9443 -13.0386 4
-12.9492 -14.0773 4
-12.9529 -13.9235 4
-11.4925 -12.2925 4
-12.3164 -13.6397 4
-10.9610 -12.4680 4
-14.0295 -13.7211 4
-11.8996 -12.9878 4
-13.7377 -12.2842 4
-10.0598 -12.6380 4
-14.6810 -12.8925 4
-12.9763 -13.8530 4
-12.2416 -12.0808 4
-12.1004 -13.8370 4
-10.9084 -12.9789 4
-12.6740 -13.0222 4
-13.2338 -12.7110 4
-13.1291 -13.6418 4
-13.4929 -13.6451 4
-12.1158 -11.9732 4
-11.4794 -14.5321 4
-11.5779 -12.9090 4
-12.3832 -12.6476 4
-12.4270 -11.5941 4
-13.4173 -11.4719 4
