15231 525.5789795 0
14656 494.3110046 0
14634 501.1220093 0
13176 458.3429871 0
14688 507.1669922 0
13479 477.0159912 0
15757 509.2810059 0
16405 526.5700073 0
14534 483.6409912 0
13485 471.5700073 0
14930 499.9249878 0
14626 496.5859985 0
15926 522.7399902 0
14076 479.677002 0
13500 476.9150085 0
14349 496.9460144 0
15209 496.5650024 0
15238 496.8710022 0
13509 480.4660034 0
13699 480.7290039 0
13921 481.9930115 0
14405 488.2369995 0
13377 472.9609985 0
15043 498.2990112 0
14590 496.1719971 0
13237 466.0029907 0
16226 524.2050171 0
13203 469.4660034 0
13328 473.0440063 0
14945 493.1080017 0
13130 467.9219971 0
13414 479.901001 0
16104 507.4289856 0
11827 455.2210083 0
14479 475.9249878 0
14306 482.2479858 0
14415 488.1220093 0
14415 490.0660095 0
14524 480.2120056 0
13780 497.428009 0
12768 464.8200073 0
13047 486.368988 0
14456 492.9509888 0
13973 474.0079956 0
13858 482.5799866 0
13148 481.7219849 0
12792 462.072998 0
15778 515.2730103 0
15404 509.5169983 0
14911 494.0889893 0
15360 504.2319946 0
15746 503.2309875 0
14304 489.0369873 0
15136 518.6439819 0
12919 475.2600098 0
15224 510.8819885 0
12950 468.5700073 0
13536 478.006012 0
15551 508.4070129 0
14166 483.7049866 0
13916 478.8779907 0
12308 451.6090088 0
15127 499.7999878 0
14115 486.2720032 0
17313 531.9840088 0
15147 511.2940063 0
16419 531.4210205 0
13737 484.3850098 0
14053 497.052002 0
11549 440.2479858 0
16490 520.3189697 0
14011 475.8729858 0
15809 518.4550171 0
12473 470.3399963 0
15319 506.0249939 0
15498 512.7039795 0
13902 479.2319946 0
14837 499.8320007 0
15113 493.7380066 0
16091 508.8309937 0
15543 507.3850098 0
13683 492.9750061 0
12161 445.0480042 0
13711 483.2149963 0
12518 473.3840027 0
13302 482.6900024 0
16418 534.9899902 0
14166 491.6130066 0
14988 499.355011 0
14223 480.9530029 0
12518 460.7219849 0
12854 474.1380005 0
15705 498.9639893 0
14451 487.2200012 0
14064 486.8900146 0
13524 487.4689941 0
13677 494.6350098 0
12921 476.7460022 0
13251 460.5320129 0
14601 505.2489929 0
15141 505.42099 0
12599 455.2810059 0
14709 515.8499756 0
12047 455.6080017 0
13158 470.9960022 0
15191 501.8919983 0
13837 483.5939941 0
13645 484.3250122 0
16199 511.2279968 0
13169 474.8370056 0
14022 483.0190125 0
12471 445.3739929 0
12706 463.4509888 0
14918 500.2709961 0
14641 505.0020142 0
15216 500.3680115 0
12349 467.6650085 0
13584 478.0570068 0
14138 490.8340149 0
11956 438.8959961 0
10604 425.9259949 0
14592 494.4400024 0
12770 458.302002 0
15143 504.1400146 0
12917 473.2349854 0
15714 501.1549988 0
14655 491.7149963 0
15639 499.1390076 0
15166 502.1650085 0
13742 493.8540039 0
13983 483.6679993 0
11386 450.1199951 0
15636 513.2269897 0
13507 468.2390137 0
13186 477.3340149 0
14013 458.9110107 0
16053 523.8400269 0
13557 483.9089966 0
13104 476.9890137 0
15167 514.2310181 0
14159 489.4360046 0
14436 485.8259888 0
15320 511.9299927 0
15341 504.4630127 0
14399 484.0820007 0
16835 522.5349731 0
13655 471.5249939 0
14276 492.8399963 0
12199 454.4039917 0
12223 445.4389954 0
13884 491.6180115 0
15833 530.335022 0
12861 471.92099 0
15080 500.006012 0
16898 526.9439697 0
16254 532.7780151 0
14274 488.8299866 0
13965 478.5769958 0
13860 484.7720032 0
13568 482.4570007 0
14546 494.1679993 0
16559 524.1290283 0
15308 513.9899902 0
14741 497.2250061 0
13397 474.8649902 0
15559 514.2789917 0
13665 482.0769958 0
15390 511.5090027 0
14017 471.8139954 0
14209 496.2720032 0
14786 505.3890076 0
15540 516.315979 0
17442 539.776001 0
17082 548.4459839 0
14195 488.4599915 0
15172 504.1579895 0
14434 486.6679993 0
12863 457.1910095 0
14019 475.7550049 0
15888 518.5549927 0
13000 460.3710022 0
14806 509.3760071 0
14713 493.2120056 0
13722 482.3429871 0
15713 518.4520264 0
12765 460.3460083 0
13487 473.7219849 0
15252 501.3320007 0
13684 464.5660095 0
14709 489.5289917 0
14331 502.0299988 0
15475 511.7969971 0
14368 491.5629883 0
13670 486.8099976 0
14232 505.8850098 0
14441 495.3659973 0
14093 488.5979919 0
15121 503.4869995 0
15569 528.7890015 0
15684 513.8909912 0
14622 481.6159973 0
14850 509.2749939 0
14017 491.0979919 0
11513 438.625 0
14793 501.3039856 0
14466 497.8399963 0
12162 454.776001 0
17180 547.2150269 0
13831 483.6159973 0
13925 478.2900085 0
14045 482.7420044 0
16588 531.3950195 0
14966 499.6380005 0
16011 525.0689697 0
14050 481.2510071 0
14173 480.6830139 0
14106 487.2520142 0
15967 511.6149902 0
11667 447.5249939 0
14890 502.5409851 0
13279 474.2359924 0
13942 502.0310059 0
13545 482.7359924 0
14126 498.4249878 0
14530 487.0969849 0
13708 486.3959961 0
14252 493.1140137 0
14571 489.7309875 0
16194 528.1209717 0
14356 492.0220032 0
15691 511.848999 0
14105 496.2279968 0
14013 478.2770081 0
15009 502.4880066 0
13954 484.5320129 0
16226 517.684021 0
14505 492.6820068 0
15281 509.5169983 0
15009 507.4169922 0
14652 485.5469971 0
15330 501.696991 0
14407 482.79599 0
15741 523.776001 0
14589 495.9299927 0
16376 531.0009766 0
14294 484.1940002 0
14541 492.7850037 0
16734 531.507019 0
13434 483.3649902 0
14878 506.0209961 0
14504 502.5069885 0
14723 491.0549927 0
15830 520.5100098 0
14549 485.493988 0
14700 506.4639893 0
14842 505.7260132 0
14400 486.8999939 0
12892 473.5270081 0
16588 519.559021 0
15676 512.335022 0
16706 533.6259766 0
14301 497.7739868 0
15070 504.0509949 0
15381 503.57901 0
15252 502.5910034 0
14887 493.0450134 0
14493 506.8410034 0
14897 491.1849976 0
14690 506.855011 0
13950 476.3370056 0
14421 507.8049927 0
14517 495.6149902 0
14944 500.2380066 0
14570 469.9819946 0
11838 440.256012 0
15223 514.9069824 0
13694 464.5599976 0
17948 526.9180298 0
14471 503.6740112 0
16654 519.0360107 0
14990 507.7850037 0
16934 533.0859985 0
16030 512.8530273 0
15035 486.6530151 0
16008 521.007019 0
14362 504.5769958 0
15815 506.2900085 0
14131 490.7009888 0
12619 470.6140137 0
13792 475.7820129 0
14573 493.7799988 0
14345 491.0190125 0
13166 461.9389954 0
11794 456.322998 0
13782 471.131012 0
14533 487.20401 0
12557 443.2189941 0
16431 509.3850098 0
11940 443.9679871 0
15856 509.019989 0
15636 504.1820068 0
14787 492.3129883 0
16412 508.3670044 0
15137 494.605011 0
16199 514.1560059 0
15375 515.4229736 0
11447 447.3460083 0
16094 504.1260071 0
11784 438.1199951 0
15517 481.3779907 0
15065 506.8200073 0
15529 509.0169983 0
13584 478.5369873 0
12618 457.8980103 0
13253 473.4419861 0
15907 527.2109985 0
13084 473.7669983 0
15367 501.9070129 0
13319 468.2319946 0
15715 511.25 0
12745 453.0350037 0
14400 481.506012 0
14329 486.2770081 0
14818 487.0159912 0
13391 486.1220093 0
14500 495.1069946 0
15815 504.223999 0
12089 439.4920044 0
14746 504.3139954 0
13569 490.5419922 0
15198 499.6260071 0
12720 472.2340088 0
14229 485.118988 0
13567 481.4049988 0
13431 482.5299988 0
12985 466.1350098 0
15725 515.2579956 0
15486 509.1359863 0
14674 497.1029968 0
13286 480.0710144 0
15398 513.0230103 0
14145 486.6080017 0
16412 515.1149902 0
15094 506.5069885 0
15360 515.2979736 0
13567 473.5750122 0
13413 475.3900146 0
15236 497.2770081 0
15028 498.82901 0
15249 506.0499878 0
14363 499.17099 0
14988 491.7070007 0
14318 477.493988 0
14456 497.9880066 0
15857 515.3220215 0
15037 501.4670105 0
12286 444.8869934 0
16990 535.3389893 0
14172 500.4289856 0
15074 497.178009 0
17353 539.0339966 0
13415 470.355011 0
16085 520.7059937 0
14023 491.6690063 0
13687 481.7449951 0
14758 500.0100098 0
14944 490.0440063 0
16182 509.9219971 0
14413 502.0499878 0
14321 494.3450012 0
15276 506.6849976 0
14407 494.9899902 0
13272 471.8999939 0
14965 483.5079956 0
16122 539.0 0
14969 515.0980225 0
12347 475.3900146 0
13816 484.276001 0
12991 472.82901 0
13606 480.9460144 0
14340 499.0960083 0
14360 494.4570007 0
13675 478.6069946 0
14489 496.3850098 0
14751 499.0209961 0
15136 503.2600098 0
13132 480.0190125 0
13689 483.6549988 0
14412 490.3240051 0
12901 475.303009 0
13920 480.1119995 0
13410 483.1520081 0
12865 460.6659851 0
12859 462.8720093 0
16523 531.8920288 0
15488 507.8829956 0
9908 432.7690125 0
13418 474.901001 0
15558 511.7179871 0
13244 467.6440125 0
14064 488.947998 0
15830 520.7819824 0
15813 495.2680054 0
16155 515.2800293 0
15593 512.4279785 0
13234 472.3500061 0
14862 507.4899902 0
13375 474.0870056 0
13077 472.9049988 0
14947 506.651001 0
14588 502.5690002 0
11981 448.8269958 0
12461 454.0960083 0
13980 479.1799927 0
14680 502.9039917 0
13272 474.927002 0
14817 502.5830078 0
13080 474.2600098 0
16519 533.2180176 0
13787 476.8959961 0
16019 509.0130005 0
12714 461.8900146 0
12509 464.5090027 0
15437 512.947998 0
12927 453.0150146 0
13682 488.8999939 0
14317 499.1109924 0
16190 529.6610107 0
14788 480.9620056 0
14795 497.5159912 0
14625 492.9519958 0
14982 505.0780029 0
15118 514.96698 0
14337 494.2990112 0
13969 486.5090027 0
12333 463.1549988 0
15200 502.5880127 0
12292 457.2860107 0
15290 519.3170166 0
13858 490.5700073 0
16259 522.6220093 0
15929 513.9400024 0
12580 479.2170105 0
13269 485.6149902 0
13893 474.1340027 0
13724 481.7709961 0
11689 444.8980103 0
15676 511.6659851 0
14401 482.1759949 0
13731 489.0580139 0
14274 499.0880127 0
13445 490.8150024 0
12800 471.3340149 0
14683 493.571991 0
13846 479.5870056 0
14352 484.0840149 0
14071 479.0929871 0
14476 489.2380066 0
13516 483.6889954 0
12346 456.9049988 0
13092 465.4370117 0
12860 469.5589905 0
13746 483.8200073 0
13277 486.9559937 0
15651 512.2919922 0
16094 509.9790039 0
15694 506.506012 0
14254 500.493988 0
12801 459.4240112 0
14646 511.4519958 0
14805 499.6369934 0
14811 512.1099854 0
16513 525.9840088 0
12149 455.5620117 0
13457 483.6140137 0
13066 478.0020142 0
13293 470.2659912 0
11935 464.9330139 0
12986 462.1109924 0
14003 489.2900085 0
12377 465.0469971 0
12840 466.9030151 0
13819 487.6700134 0
14755 499.8179932 0
14485 495.4660034 0
14478 469.1610107 0
16933 521.9219971 0
14363 493.2609863 0
13927 479.355011 0
15303 505.928009 0
14060 496.0350037 0
12682 459.9649963 0
13059 456.4410095 0
14557 492.4129944 0
13582 476.6659851 0
13678 472.1229858 0
11589 449.3609924 0
13681 485.4129944 0
13919 482.348999 0
13439 477.75 0
13693 479.4790039 0
13870 484.1270142 0
15285 516.46698 0
16263 546.5620117 0
14295 489.2149963 0
14720 494.8619995 0
15550 505.7630005 0
15189 506.821991 0
12832 464.526001 0
14146 481.1860046 0
13006 486.7070007 0
15196 501.303009 0
14517 488.3240051 0
13964 480.026001 0
12414 453.3829956 0
13818 475.0169983 0
11530 458.7120056 0
16436 529.8629761 0
11809 455.0830078 0
14818 499.3599854 0
12368 455.0239868 0
11491 440.4689941 0
11493 447.1539917 0
13235 465.8160095 0
16593 524.8380127 0
15326 505.3779907 0
15385 505.5780029 0
12907 465.3420105 0
13413 465.605011 0
14369 491.0440063 0
13907 485.7200012 0
14577 489.9079895 0
15168 504.980011 0
15159 515.1309814 0
16024 527.4210205 0
13200 472.4649963 0
12396 460.0020142 0
13201 461.5190125 0
14843 510.1019897 0
14331 495.1430054 0
16606 516.3649902 0
15953 522.1859741 0
12072 452.2619934 0
12417 455.0830078 0
13029 466.8869934 0
13919 472.2279968 0
14675 493.2730103 0
13256 462.723999 0
13862 482.2139893 0
15178 514.7420044 0
13964 481.230011 0
13422 474.9549866 0
14855 495.8989868 0
12971 458.0350037 0
14950 496.8840027 0
14944 512.1370239 0
16283 516.7360229 0
12653 461.6199951 0
14007 490.6600037 0
15401 499.2640076 0
14625 497.2520142 0
14626 502.3569946 0
13998 484.8819885 0
17250 528.098999 0
14819 497.8349915 0
14794 501.5690002 0
13368 487.5509949 0
14586 484.053009 0
12210 453.1239929 0
14732 497.6940002 0
13410 477.0849915 0
13658 499.3739929 0
13072 484.7879944 0
16059 522.723999 0
13002 472.473999 0
12752 462.3599854 0
13153 479.5620117 0
13857 498.0289917 0
13929 487.9819946 0
16253 525.4819946 0
14850 511.9909973 0
14560 487.1289978 0
15164 501.6520081 0
14566 498.026001 0
14627 498.072998 0
16454 518.1090088 0
15458 511.9519958 0
14189 483.9370117 0
15545 516.8690186 0
14522 499.8250122 0
16566 527.5859985 0
13970 494.6289978 0
14488 489.8179932 0
14483 512.7210083 0
13853 471.6409912 0
15700 525.809021 0
13777 480.8359985 0
15069 505.4549866 0
15764 513.8439941 0
16258 518.7700195 0
18313 538.4979858 0
13605 466.9370117 0
13930 484.8619995 0
15301 515.5269775 0
14277 492.0310059 0
15077 504.6369934 0
13102 479.2730103 0
15975 522.8040161 0
15258 505.1629944 0
14260 501.0409851 0
14706 503.3070068 0
13789 471.303009 0
13342 488.269989 0
13555 477.8699951 0
14436 486.9890137 0
14421 489.8179932 0
13501 472.4830017 0
14287 486.4020081 0
14633 495.0939941 0
14682 505.0310059 0
12240 454.3129883 0
14985 516.9609985 0
14826 514.5319824 0
14954 501.8569946 0
14930 506.7810059 0
16401 521.0770264 0
13237 478.0109863 0
14536 501.92099 0
12016 469.4249878 0
15369 499.2659912 0
16156 495.7139893 0
15554 502.0960083 0
12347 438.8059998 0
12688 466.8380127 0
14587 491.8039856 0
15398 518.7449951 0
14881 495.6180115 0
14800 502.618988 0
15480 494.276001 0
13952 484.946991 0
14243 481.322998 0
15056 499.17099 0
15072 511.1759949 0
13560 479.1990051 0
17192 528.34198 0
15196 498.144989 0
16318 537.4470215 0
15521 506.0480042 0
12573 471.644989 0
13607 482.8179932 0
12809 455.1440125 0
13183 464.571991 0
14528 475.447998 0
17048 525.5380249 0
14559 496.5239868 0
13698 478.598999 0
14005 485.4559937 0
15560 502.9660034 0
13853 479.7229919 0
16138 531.059021 0
14686 490.4060059 0
15264 506.6659851 0
13895 488.2529907 0
13290 469.7120056 0
13909 474.1119995 0
14730 483.7059937 0
14523 491.9370117 0
13983 481.6589966 0
12549 456.9349976 0
14289 502.8139954 0
14994 508.3070068 0
13283 477.2890015 0
14958 505.2569885 0
14852 495.8169861 0
14966 490.7430115 0
13394 480.571991 0
16678 523.3099976 0
17253 536.6939697 0
13822 491.6610107 0
14747 501.7659912 0
15274 511.0539856 0
14471 491.3420105 0
15119 508.3420105 0
13277 463.9679871 0
12988 461.9909973 0
11638 451.0090027 0
13321 467.4079895 0
15368 503.3070068 0
13385 477.9299927 0
14784 481.9859924 0
16963 536.03302 0
15140 502.553009 0
14713 500.1600037 0
13684 505.6549988 0
13424 461.4689941 0
14020 488.5820007 0
14725 472.9020081 0
15603 511.743988 0
15433 519.5219727 0
15371 497.6650085 0
14018 480.8680115 0
12879 476.5769958 0
14992 502.6170044 0
15275 509.855011 0
13762 481.769989 0
15762 507.6409912 0
14143 483.8649902 0
15226 500.1700134 0
14226 491.3890076 0
14654 498.1029968 0
14928 499.3930054 0
15050 502.5910034 0
12158 441.4779968 0
15783 510.1940002 0
14236 486.1789856 0
15373 489.131012 0
15139 508.9700012 0
15228 505.2650146 0
14556 487.4190063 0
13279 483.6579895 0
16000 515.3809814 0
14712 503.7109985 0
13840 476.901001 0
12975 458.5469971 0
15862 507.5480042 0
17338 530.0440063 0
16893 523.2540283 0
15546 518.9429932 0
15269 519.7659912 0
15583 510.6910095 0
14840 512.0079956 0
14805 484.6319885 0
13860 483.9710083 0
12468 461.5499878 0
13913 493.6069946 0
12978 465.8500061 0
13657 469.2369995 0
14246 488.9159851 0
13651 502.0799866 0
13677 485.5289917 0
15107 488.8659973 0
14956 490.256012 0
15448 521.3179932 0
14898 501.4949951 0
13683 490.7929993 0
12412 456.5799866 0
13933 471.7139893 0
15500 502.3210144 0
14747 494.9419861 0
15144 503.3240051 0
13970 494.6539917 0
12375 451.0809937 0
15484 504.8190002 0
13541 478.4609985 0
13455 468.8619995 0
13043 471.3569946 0
13697 482.3840027 0
15004 506.9440002 0
14634 493.0270081 0
13814 481.4159851 0
16480 525.1539917 0
12403 451.243988 0
13574 481.1570129 0
14253 485.0230103 0
15586 505.8770142 0
14906 497.8250122 0
15123 518.2579956 0
12974 460.4169922 0
15513 522.5040283 0
12684 461.3580017 0
13170 472.1019897 0
15375 494.3160095 0
17856 530.4160156 0
15655 513.3010254 0
17404 521.8649902 0
12060 450.1549988 0
12519 455.4060059 0
15806 513.8449707 0
14124 486.5910034 0
16618 513.7529907 0
15321 513.007019 0
12752 459.447998 0
14479 473.9570007 0
12685 468.5960083 0
14339 492.3080139 0
14115 483.7799988 0
13864 491.4460144 0
14096 476.95401 0
15779 506.3770142 0
15218 508.1359863 0
13814 477.5859985 0
13337 471.8469849 0
13024 459.7709961 0
14836 495.105011 0
14296 484.243988 0
10785 437.8840027 0
14871 487.6180115 0
14449 496.3259888 0
14463 480.4899902 0
12887 468.8330078 0
13138 470.4150085 0
14833 496.9360046 0
12256 453.4649963 0
15475 511.427002 0
15248 509.0029907 0
14750 482.8250122 0
12711 470.1629944 0
13495 466.9590149 0
13884 478.7019958 0
15613 509.7609863 0
14645 485.1130066 0
12699 458.0130005 0
15322 506.3980103 0
13340 471.6390076 0
15404 499.2309875 0
13789 494.3800049 0
12491 457.1409912 0
14880 502.881012 0
13568 478.3110046 0
12819 472.6900024 0
17246 540.5419922 0
12068 450.1459961 0
14053 482.0840149 0
12711 459.6180115 0
11746 450.82901 0
14291 481.2399902 0
15366 508.7929993 0
15557 509.0220032 0
13652 486.6279907 0
13574 488.4970093 0
13621 473.8989868 0
14025 475.9570007 0
14431 497.0629883 0
13469 475.0870056 0
13632 485.9370117 0
11151 438.2619934 0
12878 459.6040039 0
11625 437.3599854 0
14312 488.4190063 0
13806 490.5100098 0
13928 479.723999 0
13139 472.2510071 0
12234 449.3800049 0
13990 484.0469971 0
15307 489.4710083 0
11377 452.4079895 0
13207 469.7000122 0
13404 476.2059937 0
13334 470.5239868 0
11671 459.7799988 0
17135 525.9379883 0
14816 496.3160095 0
15336 508.7850037 0
14989 484.3099976 0
16302 526.3400269 0
15739 525.0009766 0
14851 512.3189697 0
12651 467.5650024 0
12709 456.1740112 0
13874 486.8179932 0
16291 523.1929932 0
14318 491.29599 0
13975 482.5889893 0
14806 497.8559875 0
14789 492.9519958 0
12990 469.480011 0
12045 452.3089905 0
13946 482.1400146 0
14569 500.368988 0
15306 524.6849976 0
13568 482.1419983 0
14289 488.4849854 0
14619 493.5239868 0
13338 462.5339966 0
12935 462.980011 0
13211 476.6589966 0
13785 489.9159851 0
12982 466.1570129 0
14999 498.5409851 0
15790 516.4799805 0
13719 487.1470032 0
13118 480.0859985 0
11975 458.9020081 0
11958 444.927002 0
12621 444.5880127 0
11747 452.1270142 0
13372 472.1700134 0
15773 515.7940063 0
15556 510.5100098 0
11421 441.1610107 0
13949 479.4020081 0
13266 466.0 0
14715 497.5570068 0
14439 492.322998 0
14975 508.0780029 0
11411 430.9339905 0
11359 441.3659973 0
13090 472.9450073 0
11898 453.980011 0
12919 474.6010132 0
13935 483.243988 0
13909 488.7080078 0
13295 475.7430115 0
14009 487.0629883 0
15350 498.1789856 0
13263 474.4979858 0
13650 491.0239868 0
12598 466.8370056 0
14551 502.1119995 0
15700 505.303009 0
14969 494.4169922 0
14424 497.769989 0
11571 432.67099 0
15204 510.4869995 0
14019 482.45401 0
11874 433.8439941 0
13888 481.7479858 0
13087 468.8110046 0
14410 483.8089905 0
14542 490.1459961 0
15595 501.493988 0
10761 429.0180054 0
15907 527.3499756 0
13848 492.9100037 0
14493 487.3359985 0
13468 470.7630005 0
12483 451.8139954 0
16799 524.2470093 0
12110 458.0759888 0
14934 488.2709961 0
13274 471.0539856 0
13891 486.9379883 0
12723 465.9419861 0
14587 497.946991 0
14202 485.9379883 0
15526 514.3909912 0
13839 481.5880127 0
13852 490.2789917 0
14935 489.2340088 0
13576 475.0499878 0
13998 486.3760071 0
14469 484.4670105 0
14686 503.6900024 0
15269 496.6889954 0
12993 466.2390137 0
13414 480.2879944 0
15035 506.1520081 0
13034 474.368988 0
13315 476.2030029 0
13620 479.8770142 0
14734 498.7070007 0
14652 499.3359985 0
14295 484.2269897 0
12655 459.9049988 0
13444 474.5929871 0
14115 490.4079895 0
15192 494.8890076 0
11128 441.4330139 0
15144 505.9129944 0
14516 492.7860107 0
13470 471.1879883 0
14617 495.4500122 0
14359 506.0889893 0
14204 489.4450073 0
14440 498.118988 0
13921 486.3880005 0
14054 486.7650146 0
13039 476.697998 0
13350 466.618988 0
14850 498.4429932 0
11836 456.3789978 0
13333 472.3840027 0
13062 467.4639893 0
12886 463.9030151 0
13437 476.1130066 0
11963 448.4259949 0
12213 459.1669922 0
13970 481.8840027 0
14511 510.2850037 0
14055 488.7489929 0
16188 526.8759766 0
13064 469.8359985 0
14161 488.6870117 0
13806 494.0320129 0
13623 493.5679932 0
15238 506.1149902 0
13688 481.3139954 0
14520 496.0209961 0
13263 480.1910095 0
16602 528.3530273 0
14525 487.2160034 0
12344 466.8420105 0
14002 490.5700073 0
12267 454.0249939 0
15093 509.3049927 0
12789 454.3890076 0
12767 463.8420105 0
12079 445.9949951 0
14868 510.4339905 0
14531 492.9580078 0
13657 481.618988 0
12692 465.1719971 0
12465 462.6159973 0
15032 500.6090088 0
13493 480.5289917 0
14729 496.9389954 0
14242 495.7390137 0
13215 479.6099854 0
15568 519.4559937 0
11332 449.2600098 0
13198 468.4559937 0
12442 459.5350037 0
14509 496.0660095 0
16051 516.1740112 0
14132 482.368988 0
14806 498.6319885 0
13662 476.3529968 0
16500 523.3460083 0
11702 432.7739868 0
13050 467.5220032 0
15154 504.9299927 0
14340 477.8959961 0
13451 485.5589905 0
13959 477.2630005 0
13491 475.3450012 0
13621 478.7529907 0
16413 510.1099854 0
13924 498.5620117 0
13289 467.3150024 0
14403 491.0599976 0
13764 479.4790039 0
14972 501.8659973 0
15135 506.4349976 0
13484 468.868988 0
11815 456.6029968 0
14434 488.2869873 0
15389 521.3040161 0
14434 477.618988 0
13933 483.9320068 0
14404 486.4840088 0
14038 496.6119995 0
14759 483.2669983 0
13429 491.3770142 0
14560 493.9289856 0
14623 499.3129883 0
14461 483.5660095 0
15126 500.1140137 0
15594 515.6610107 0
13887 483.1679993 0
15241 511.0610046 0
14101 479.3160095 0
15026 504.4719849 0
13467 478.2470093 0
13871 496.57901 0
15830 516.2319946 0
14621 501.8250122 0
13855 487.8309937 0
11783 453.105011 0
11739 448.605011 0
11538 446.8569946 0
13244 461.9389954 0
13820 489.9419861 0
12950 464.8869934 0
15600 502.8429871 0
13121 475.9100037 0
14586 489.5440063 0
13450 465.3980103 0
14251 492.0320129 0
15161 498.7909851 0
13476 478.2829895 0
14423 507.0820007 0
13580 464.3569946 0
12974 469.2730103 0
11995 477.4110107 0
14244 488.0660095 0
12844 454.8370056 0
13424 481.1749878 0
14035 480.6289978 0
14162 480.2529907 0
14143 481.9079895 0
14272 487.7030029 0
14205 487.3510132 0
13226 480.1570129 0
14399 492.3389893 0
14561 493.5299988 0
12968 469.3410034 0
12029 441.7399902 0
13450 470.9760132 0
15809 521.4970093 0
13205 475.6000061 0
14031 494.2650146 0
15811 514.3779907 0
14693 484.5629883 0
15209 517.6879883 0
13468 475.3980103 0
16505 516.2210083 0
12422 482.197998 0
14316 488.9859924 0
14839 504.0840149 0
13269 470.6350098 0
13913 474.4519958 0
12411 466.0280151 0
12602 465.9169922 0
12820 467.3529968 0
15087 510.605011 0
11161 433.8299866 0
16037 523.9140015 0
15809 517.2329712 0
11803 463.8089905 0
14620 493.9440002 0
15936 522.7670288 0
15557 514.5369873 0
15042 504.7200012 0
12861 455.8659973 0
13877 489.6229858 0
13503 477.243988 0
14254 491.2609863 0
14061 470.7489929 0
15311 507.9949951 0
14227 490.5039978 0
13867 494.6530151 0
13639 482.4150085 0
14998 496.9039917 0
16005 518.8930054 0
12536 475.1459961 0
14268 485.6340027 0
15290 501.0570068 0
15373 522.2109985 0
15609 492.6629944 0
15256 495.7709961 0
16625 535.9890137 0
14817 502.6440125 0
14198 485.9030151 0
14825 499.9400024 0
14470 489.7860107 0
12279 462.006012 0
14828 494.256012 0
13858 475.368988 0
17437 536.8989868 0
15265 505.098999 0
14953 503.7520142 0
12243 449.6239929 0
16453 523.8740234 0
16386 515.0969849 0
14204 482.1700134 0
13589 483.8840027 0
14439 492.553009 0
13982 495.3410034 0
14410 477.6619873 0
12244 455.2749939 0
14070 484.2160034 0
14687 498.3909912 0
11735 453.5180054 0
12835 481.5029907 0
14853 488.5610046 0
15061 497.3590088 0
13385 460.8250122 0
12555 444.5799866 0
16067 526.4249878 0
15105 503.2919922 0
13434 455.822998 0
14961 502.9089966 0
12429 469.6080017 0
13002 460.1270142 0
15147 510.0159912 0
15055 508.276001 0
13540 458.5299988 0
11962 449.4419861 0
12692 443.1430054 0
11859 444.8009949 0
13627 476.9890137 0
13982 479.7850037 0
14870 506.5610046 0
14263 490.7510071 0
13954 481.2879944 0
13425 477.197998 0
14057 463.1419983 0
17198 520.9920044 0
14675 493.9289856 0
12291 440.9570007 0
15072 487.5849915 0
16390 502.678009 0
13142 464.651001 0
12759 463.6409912 0
16944 543.1259766 0
15510 507.3190002 0
12859 445.0100098 0
14470 486.2600098 0
17079 520.4500122 0
13858 475.9570007 0
12324 449.1520081 0
17263 520.3029785 0
16079 522.7589722 0
14806 481.9119873 0
14957 505.1170044 0
15460 507.0769958 0
12716 444.1080017 0
16798 529.0770264 0
14015 475.723999 0
14927 502.0180054 0
15158 513.7260132 0
14676 481.631012 0
15094 513.9240112 0
18913 541.7459717 0
14013 480.8309937 0
16176 522.9910278 0
15904 511.0220032 0
16580 530.0949707 0
15915 528.1569824 0
15007 500.3070068 0
14892 486.3349915 0
12239 473.5140076 0
17335 544.0930176 0
16788 533.4879761 0
14968 514.8010254 0
17425 541.8029785 0
16570 519.1229858 0
13352 514.4869995 0
14824 513.21698 0
15786 500.8609924 0
14571 489.4330139 0
14601 476.2260132 0
15581 517.3319702 0
12930 474.0780029 0
16505 506.8959961 0
16006 528.1760254 0
14477 499.4700012 0
15071 494.1350098 0
14181 485.2449951 0
13680 473.0859985 0
15551 515.7839966 0
16865 517.7470093 0
16258 533.3410034 0
15133 503.2189941 0
15742 499.9819946 0
12181 456.9379883 0
16679 528.552002 0
16862 519.4710083 0
13013 470.9559937 0
15042 502.2139893 0
15486 492.6940002 0
13109 484.9930115 0
14759 493.8039856 0
11396 446.2829895 0
14324 487.2529907 0
14850 500.2980042 0
13909 475.6180115 0
15454 500.8970032 0
14938 502.6870117 0
11966 456.8460083 0
15644 501.1140137 0
15552 492.9819946 0
15807 513.5109863 0
13824 491.6199951 0
13282 470.2579956 0
14332 497.1409912 0
13779 481.9760132 0
13644 473.178009 0
13809 489.0220032 0
13726 484.2470093 0
14266 486.4779968 0
13200 477.8510132 0
16146 509.3320007 0
12820 459.17099 0
12575 456.7529907 0
14057 483.480011 0
14305 490.1820068 0
12626 455.2969971 0
15655 488.9030151 0
11797 451.9599915 0
15199 489.5440063 0
12921 477.1210022 0
13724 468.571991 0
13520 471.5289917 0
14261 496.3590088 0
13567 481.0950012 0
14850 499.2070007 0
15522 507.2420044 0
13241 466.9899902 0
16063 520.7449951 0
13494 479.4460144 0
15569 504.7539978 0
13621 477.5429993 0
13875 490.8380127 0
14265 480.927002 0
12612 463.5950012 0
13268 473.4339905 0
14910 511.6000061 0
14146 504.3559875 0
13568 484.6480103 0
14212 484.9460144 0
14458 475.0440063 0
12734 470.6140137 0
14753 489.5360107 0
13901 478.848999 0
14819 496.6229858 0
12006 467.6409912 0
15344 501.7999878 0
12450 456.2210083 0
12817 460.552002 0
14908 499.4689941 0
14980 503.8169861 0
15213 495.4169922 0
12899 472.2630005 0
13263 487.8909912 0
13988 491.4890137 0
13181 470.3890076 0
12220 465.6860046 0
13834 480.2739868 0
16249 512.7919922 0
11993 444.5650024 0
14313 482.9750061 0
14563 496.776001 0
14176 513.1489868 0
14041 491.6610107 0
13022 467.0769958 0
12796 471.2090149 0
13811 482.2980042 0
13053 480.9509888 0
12879 469.1329956 0
14768 499.8770142 0
12040 441.0230103 0
13023 480.447998 0
14712 496.0360107 0
11353 431.4790039 0
15534 521.9299927 0
13337 468.6210022 0
10951 432.6119995 0
12590 461.1369934 0
12932 456.6549988 0
11941 452.6019897 0
13665 472.5159912 0
14272 491.45401 0
14874 487.5039978 0
14418 480.322998 0
12434 454.8930054 0
13328 489.3859863 0
12104 441.7749939 0
14398 487.723999 0
12352 453.1350098 0
14609 490.2470093 0
12663 468.223999 0
13900 475.8890076 0
14439 490.4700012 0
14333 493.8989868 0
13848 475.5899963 0
13582 475.8559875 0
14212 485.9859924 0
15236 514.7930298 0
14955 508.7170105 0
14364 497.1199951 0
12975 463.8510132 0
12579 452.2170105 0
15982 523.1740112 0
10959 447.2330017 0
13631 473.5469971 0
14482 489.3179932 0
14892 503.6470032 0
14608 504.3059998 0
12326 459.6820068 0
13467 473.3009949 0
15158 505.276001 0
13132 471.8039856 0
14178 488.881012 0
15232 508.8169861 0
10885 434.2730103 0
14802 497.8320007 0
14889 499.2059937 0
15547 501.8049927 0
11377 456.45401 0
12709 461.0119934 0
12384 460.1359863 0
12219 438.2810059 0
13125 475.355011 0
13014 459.5570068 0
13523 468.1669922 0
14851 517.3469849 0
14467 498.6239929 0
14560 501.2460022 0
15007 506.5799866 0
14500 504.0679932 0
13637 466.6530151 0
16471 523.9890137 0
15452 513.2620239 0
14041 481.947998 0
14865 495.0710144 0
12720 461.8059998 0
12972 467.3800049 0
12931 460.5350037 0
14017 474.3099976 0
13269 491.8930054 0
13734 487.8399963 0
14549 488.9530029 0
14831 493.7609863 0
13669 481.6690063 0
13735 484.7709961 0
15583 504.1830139 0
11856 456.4219971 0
12735 473.0509949 0
14378 491.480011 0
14403 510.5589905 0
12274 456.1239929 0
12172 452.32901 0
14085 489.4549866 0
12410 463.4899902 0
13196 474.9880066 0
13455 467.197998 0
12593 463.368988 0
14608 498.3519897 0
12939 469.4809875 0
13193 469.4150085 0
11883 448.2160034 0
13501 485.756012 0
12202 442.3619995 0
13273 463.3330078 0
12899 468.3890076 0
13885 479.2879944 0
13574 473.2210083 0
14913 502.8680115 0
16582 532.3579712 0
12467 467.2059937 0
13167 466.6640015 0
13062 469.4240112 0
14677 498.7980042 0
14106 485.5799866 0
14640 501.3240051 0
12256 470.1080017 0
14362 479.9309998 0
12091 463.3510132 0
12605 447.6610107 0
14697 495.8829956 0
14337 501.7659912 0
13760 474.1879883 0
16022 524.8729858 0
11510 433.5140076 0
12798 469.2980042 0
13683 481.5710144 0
14379 495.151001 0
13404 468.2149963 0
12858 466.1629944 0
15456 508.8210144 0
14149 474.9519958 0
13091 473.1520081 0
16403 521.9089966 0
13681 478.5379944 0
14263 489.4460144 0
12068 457.7390137 0
15710 517.0700073 0
15545 510.2839966 0
12720 449.6239929 0
15073 498.3619995 0
11771 441.8599854 0
14873 499.6159973 0
14092 499.4169922 0
14558 496.3049927 0
13321 473.9930115 0
10796 413.4200134 0
14444 491.1440125 0
13313 470.9070129 0
15578 509.598999 0
13930 495.2709961 0
12092 449.1889954 0
13245 476.1369934 0
14572 497.5509949 0
12470 455.8970032 0
15777 515.684021 0
14435 491.9039917 0
12745 470.3039856 0
13533 473.9320068 0
12551 459.7290039 0
14078 478.4700012 0
13057 460.1679993 0
14824 499.0750122 0
14189 491.9729919 0
15418 504.7590027 0
14828 493.5 0
11774 447.9330139 0
13335 469.7139893 0
11350 445.8210144 0
13484 480.7860107 0
13189 482.3670044 0
12495 458.4070129 0
12712 470.5620117 0
13446 475.1279907 0
14294 514.4769897 0
12158 447.3770142 0
13918 489.0400085 0
13502 473.0119934 0
13314 474.0870056 0
14226 492.1950073 0
12916 471.1960144 0
13372 470.4030151 0
14314 484.7309875 0
13567 475.17099 0
14602 500.2330017 0
11846 445.8909912 0
14482 486.1629944 0
12886 455.5180054 0
11718 449.3439941 0
13790 479.2999878 0
14379 494.303009 0
11931 445.1010132 0
12732 465.4909973 0
12044 449.1669922 0
14256 492.927002 0
14283 482.697998 0
11852 446.0769958 0
13204 473.8160095 0
13615 468.0559998 0
13309 460.9219971 0
12736 447.8699951 0
14184 479.2340088 0
14792 499.2030029 0
10937 424.5859985 0
14011 493.8789978 0
13487 477.2539978 0
13115 461.0360107 0
14518 491.2219849 0
10610 410.506012 0
13173 467.4760132 0
14232 492.54599 0
12888 467.197998 0
14300 504.3770142 0
13446 476.0419922 0
14250 486.1239929 0
13634 491.1799927 0
15752 519.8889771 0
14892 503.3389893 0
13636 482.053009 0
13548 479.7489929 0
13655 477.6260071 0
14974 498.625 0
14695 506.9159851 0
15080 512.9459839 0
15977 516.2089844 0
13380 469.177002 0
12006 463.381012 0
14275 485.7879944 0
15469 514.9069824 0
13436 467.9590149 0
13147 468.9200134 0
13912 480.8429871 0
15153 514.4039917 0
11965 455.8179932 0
10727 425.9020081 0
13636 481.256012 0
13650 475.2420044 0
14284 499.9150085 0
13654 477.9299927 0
14828 494.2879944 0
13787 474.3380127 0
12744 467.9249878 0
15149 509.1369934 0
13728 488.1019897 0
12386 467.8500061 0
14753 494.8519897 0
12924 474.4240112 0
14761 499.5109863 0
13513 473.1029968 0
15868 519.5289917 0
14755 510.1380005 0
11141 431.9249878 0
14814 503.1480103 0
12153 451.2109985 0
14026 494.6029968 0
14269 501.0400085 0
11999 465.6579895 0
13932 495.5280151 0
11733 436.2600098 0
14321 490.4249878 0
13637 482.5109863 0
13803 492.0209961 0
13533 469.5320129 0
12892 482.6300049 0
14960 496.928009 0
16603 513.5230103 0
15676 509.223999 0
14136 488.9679871 0
12758 456.6380005 0
16608 516.09198 0
12318 448.6860046 0
11068 419.9299927 0
14235 505.8450012 0
13117 460.5740051 0
13562 474.2189941 0
14897 509.631012 0
13662 466.7479858 0
11694 432.9769897 0
15151 496.1929932 0
12597 451.5429993 0
13923 488.7080078 0
15323 487.8659973 0
14390 497.9190063 0
14952 488.6300049 0
14419 491.67099 0
12556 474.0239868 0
14658 486.1789856 0
12907 466.2399902 0
14838 500.1619873 0
15681 507.696991 0
14734 507.2839966 0
15607 505.9030151 0
15292 510.4830017 0
11577 431.1560059 0
13174 480.5769958 0
14305 491.1610107 0
14547 491.0440063 0
11794 430.3800049 0
12004 449.0350037 0
15285 495.8389893 0
14385 496.9779968 0
14034 491.7319946 0
13399 490.5599976 0
14960 510.7290039 0
13811 485.6900024 0
17564 527.1160278 0
14680 495.4440002 0
14180 485.17099 0
13387 464.6430054 0
15611 506.5469971 0
12426 451.0889893 0
14196 499.230011 0
12609 475.3599854 0
14750 484.1520081 0
15290 500.1879883 0
15879 517.927002 0
14330 493.1849976 0
14155 480.5220032 0
13939 484.3930054 0
12488 469.8280029 0
13447 455.6480103 1
13233 459.8590088 1
12538 452.6600037 1
11881 439.1849976 1
11750 428.375 1
13700 455.625 1
12121 439.8420105 1
12148 434.3070068 1
12675 456.572998 1
12432 453.0400085 1
10982 421.4100037 1
11672 430.6419983 1
12546 442.0660095 1
12357 452.9830017 1
11455 405.618988 1
13054 478.4530029 1
12233 425.1809998 1
13518 451.1629944 1
11605 429.2250061 1
13010 463.4190063 1
12293 442.052002 1
11903 433.7130127 1
11136 427.1099854 1
10681 421.256012 1
13333 467.0249939 1
11438 433.9179993 1
11480 419.1069946 1
12725 441.6799927 1
11715 439.7030029 1
12659 453.7680054 1
11201 423.2810059 1
11382 418.3359985 1
12388 440.4490051 1
13078 452.9909973 1
10774 401.7420044 1
12408 454.3909912 1
12345 440.1960144 1
10286 401.7890015 1
12340 466.7430115 1
14723 490.7090149 1
11042 411.6229858 1
13335 474.3770142 1
12274 441.8529968 1
11358 430.7919922 1
12289 444.5549927 1
12900 461.8359985 1
12288 437.821991 1
12466 439.1830139 1
11380 423.6149902 1
12016 443.2229919 1
9431 383.9590149 1
11413 421.9530029 1
11108 416.8340149 1
12994 453.9410095 1
10862 412.4259949 1
11883 429.131012 1
12673 441.7139893 1
12921 449.4869995 1
10685 416.7170105 1
10267 424.9490051 1
12042 441.8099976 1
11465 410.5150146 1
11592 428.427002 1
12110 448.8399963 1
11077 417.321991 1
11539 434.3410034 1
12526 439.2219849 1
9967 400.2189941 1
11395 421.9630127 1
11022 417.2590027 1
12495 451.3169861 1
11545 431.1159973 1
13021 455.9769897 1
11267 421.868988 1
11329 414.6170044 1
12743 435.8179932 1
11739 434.6289978 1
11489 432.2070007 1
12059 431.6459961 1
11316 418.5490112 1
9776 403.6759949 1
11319 414.0140076 1
10561 405.7390137 1
10640 411.8800049 1
10030 414.3840027 1
9746 382.7369995 1
11990 416.7529907 1
11941 434.8039856 1
13002 458.3160095 1
10387 400.5809937 1
11462 432.1080017 1
11955 454.0859985 1
12571 453.3370056 1
9760 399.5750122 1
12912 459.7390137 1
12358 447.1740112 1
12556 437.9140015 1
10335 416.8500061 1
12387 444.2250061 1
11674 425.071991 1
12243 449.6809998 1
11928 427.0750122 1
12994 457.1900024 1
11310 424.2179871 1
10151 420.8999939 1
11818 433.8280029 1
11622 425.8930054 1
10650 407.1610107 1
10736 416.7999878 1
11893 435.2829895 1
11866 436.1289978 1
11168 440.8630066 1
12405 437.0859985 1
11327 415.8150024 1
11533 424.5660095 1
11658 424.5339966 1
13259 464.4079895 1
12031 446.9899902 1
10924 414.3120117 1
13388 466.4620056 1
12723 460.8800049 1
12190 440.6820068 1
9778 395.2000122 1
12994 460.9450073 1
12482 448.5390015 1
12590 463.776001 1
10369 402.9830017 1
10037 395.3399963 1
10964 417.9869995 1
12024 436.526001 1
9753 402.57901 1
11350 445.9110107 1
13693 474.7520142 1
12140 441.4989929 1
10249 404.0889893 1
8813 387.7210083 1
11889 426.6470032 1
10886 409.7380066 1
9772 392.2369995 1
11343 416.4689941 1
10792 416.6289978 1
10788 414.9070129 1
11626 420.7890015 1
9903 398.6679993 1
10445 405.5960083 1
9961 397.9299927 1
10694 405.677002 1
11719 430.5119934 1
12415 445.9949951 1
10587 399.6350098 1
11725 427.1400146 1
11659 429.7149963 1
10733 402.4190063 1
12215 445.2950134 1
10727 420.3649902 1
11304 419.1809998 1
11321 424.5759888 1
10488 416.6090088 1
13002 465.1799927 1
11772 434.0859985 1
10951 415.1390076 1
11639 432.3869934 1
11580 428.7090149 1
10380 399.177002 1
11329 419.4049988 1
11528 433.3479919 1
9428 398.9200134 1
11480 422.5490112 1
10737 414.4719849 1
11144 410.3439941 1
11696 443.5280151 1
11226 413.5499878 1
12478 439.2219849 1
12756 442.9750061 1
11769 426.3099976 1
11962 440.5450134 1
12734 462.2330017 1
10765 413.677002 1
10926 416.2229919 1
11080 429.4179993 1
10536 412.5069885 1
10066 413.2829895 1
11398 431.7399902 1
11363 416.0499878 1
11074 426.5249939 1
10612 413.8559875 1
10846 418.8519897 1
12275 454.6929932 1
13111 467.6210022 1
11327 423.1679993 1
10831 425.6010132 1
10878 423.7929993 1
11166 414.8900146 1
11280 420.1010132 1
8810 384.7470093 1
12742 446.8110046 1
10724 421.697998 1
11277 417.9769897 1
11000 413.2609863 1
11678 423.6759949 1
11679 439.1860046 1
10756 420.0859985 1
10271 415.5390015 1
11740 440.5639954 1
10150 405.3559875 1
10691 407.0870056 1
11756 438.7749939 1
12504 445.5870056 1
11440 425.8160095 1
10943 411.3859863 1
12840 454.4049988 1
11546 429.5239868 1
10774 428.7999878 1
11392 427.571991 1
10360 427.3320007 1
12075 430.4710083 1
10796 410.1099854 1
10549 414.4450073 1
10950 412.3340149 1
11923 437.9389954 1
12181 430.9490051 1
10898 414.8110046 1
11642 427.9559937 1
12170 441.4769897 1
11774 433.7290039 1
10842 412.7489929 1
11914 430.6440125 1
11766 423.9809875 1
11293 424.6239929 1
10222 423.4970093 1
13218 454.9979858 1
10693 408.70401 1
9963 410.0840149 1
9028 390.4419861 1
10728 415.927002 1
12558 439.776001 1
12362 448.1119995 1
11242 418.6459961 1
11969 431.1289978 1
10085 412.1350098 1
13050 460.8190002 1
11618 434.177002 1
11572 418.6289978 1
10666 416.4240112 1
10182 404.848999 1
9764 390.9570007 1
11856 431.8630066 1
12060 438.7749939 1
11765 429.3349915 1
15420 503.4599915 1
11101 418.0329895 1
10360 408.2810059 1
10392 416.4890137 1
9359 395.9880066 1
10367 413.9599915 1
11652 428.8080139 1
11211 410.5759888 1
11525 433.7810059 1
10908 414.9970093 1
12444 445.8720093 1
10442 407.2820129 1
13672 467.9549866 1
11297 418.9530029 1
12075 434.6600037 1
11274 425.0549927 1
11458 418.8599854 1
11675 429.1300049 1
11048 424.2749939 1
12624 451.7569885 1
11540 427.5230103 1
12531 459.3059998 1
11480 432.8240051 1
11815 430.1069946 1
12469 446.8410034 1
11363 419.4549866 1
12661 436.9219971 1
11069 419.6380005 1
9843 383.1159973 1
12058 445.8280029 1
12287 444.1749878 1
11693 424.5039978 1
11341 437.5660095 1
12960 460.8670044 1
12172 433.5979919 1
12396 443.1539917 1
12203 442.6019897 1
13049 469.5379944 1
12507 458.6499939 1
10499 403.2780151 1
11543 431.7630005 1
12311 450.3349915 1
10563 408.9729919 1
12683 448.6369934 1
12665 445.6629944 1
13818 467.8959961 1
12771 449.2600098 1
12213 450.2189941 1
11875 429.9490051 1
11846 437.3469849 1
11952 443.4909973 1
10919 413.0809937 1
12023 442.3349915 1
11953 443.5180054 1
12544 442.1719971 1
12045 438.3940125 1
12076 452.5429993 1
11773 433.9809875 1
11939 437.7330017 1
10191 419.57901 1
12406 449.7139893 1
12249 456.2489929 1
11394 416.1629944 1
11732 433.8640137 1
10260 417.0 1
11808 431.4570007 1
12235 443.4559937 1
12084 433.5050049 1
10873 416.0409851 1
12906 461.2030029 1
12539 442.2969971 1
11343 420.723999 1
10613 423.32901 1
11659 429.0830078 1
12671 448.8380127 1
10304 416.5610046 1
10928 410.9400024 1
12385 444.678009 1
11682 423.3739929 1
13043 442.4979858 1
11116 419.7139893 1
12569 454.1040039 1
11081 414.07901 1
11813 430.2550049 1
13111 457.0180054 1
13400 468.2279968 1
11154 427.2219849 1
10236 398.5379944 1
11342 429.7810059 1
12445 440.5769958 1
10737 412.3059998 1
10897 420.5549927 1
8499 370.4460144 1
12231 450.5589905 1
10841 419.1000061 1
10023 413.20401 1
12959 455.2669983 1
11219 433.7130127 1
12759 455.3150024 1
12091 436.2780151 1
12263 444.95401 1
11537 428.3869934 1
11601 416.6459961 1
10984 421.9599915 1
11065 416.0840149 1
11179 418.7099915 1
12188 435.8609924 1
11338 420.7940063 1
11718 427.1459961 1
11280 421.6830139 1
10841 413.4599915 1
10020 411.6109924 1
11490 421.1669922 1
10588 404.3240051 1
12303 439.3410034 1
12120 439.7139893 1
10286 406.7130127 1
11130 413.4089966 1
11802 430.052002 1
8702 381.2059937 1
10783 418.6809998 1
12146 442.2470093 1
10844 412.6640015 1
12502 443.5859985 1
12061 432.6889954 1
11543 432.3139954 1
11088 418.2080078 1
10600 414.8659973 1
11173 420.9339905 1
12292 447.4859924 1
10986 425.1270142 1
10916 416.32901 1
12452 445.07901 1
10311 408.3399963 1
11719 436.4249878 1
10173 406.9660034 1
11708 433.6650085 1
12218 442.6860046 1
12084 434.6740112 1
11908 447.6340027 1
13039 480.1109924 1
10005 394.098999 1
11467 448.6830139 1
12277 450.3259888 1
12232 440.4030151 1
10594 409.821991 1
10806 408.6759949 1
12625 445.928009 1
11604 433.1170044 1
10662 420.1950073 1
11758 436.3829956 1
9070 375.0939941 1
11536 426.8519897 1
11741 445.980011 1
11693 446.4840088 1
12261 443.2810059 1
11730 424.1640015 1
12164 436.6090088 1
11337 427.9530029 1
10937 411.9580078 1
11550 420.2739868 1
12262 443.1669922 1
9911 390.4599915 1
12281 442.1109924 1
8628 372.3340149 1
11921 422.3590088 1
10144 403.6430054 1
11549 425.2200012 1
10973 419.9429932 1
10785 423.7950134 1
11635 436.3340149 1
11239 419.8619995 1
12043 444.0580139 1
11721 442.3500061 1
11869 434.2520142 1
11819 434.0339966 1
11490 445.6860046 1
11614 437.6560059 1
10386 411.1390076 1
11891 446.4070129 1
10585 409.3160095 1
11546 429.6809998 1
10572 412.2520142 1
10262 412.7680054 1
10272 403.04599 1
9165 380.6600037 1
11273 432.6549988 1
10215 401.4840088 1
10519 406.756012 1
12643 449.3420105 1
12598 445.1849976 1
10327 403.3959961 1
10965 416.973999 1
10818 416.7680054 1
13667 463.8420105 1
12274 453.1289978 1
11817 426.6019897 1
11248 420.2900085 1
9225 387.8240051 1
11986 433.2940063 1
14153 480.321991 1
10843 412.3670044 1
10903 419.6539917 1
12712 456.0669861 1
12532 449.7430115 1
11050 416.4190063 1
12647 451.0559998 1
11323 420.0580139 1
11149 411.3089905 1
11355 428.9920044 1
12476 452.7579956 1
10114 398.3670044 1
11919 435.2619934 1
11994 444.7609863 1
10782 412.8800049 1
12191 441.6879883 1
9822 398.3349915 1
11944 442.7890015 1
10523 429.0570068 1
10541 406.5360107 1
12091 442.0 1
10899 421.4400024 1
12192 428.5929871 1
12549 448.8479919 1
11465 419.5950012 1
10567 398.5920105 1
11542 426.4039917 1
10689 416.2550049 1
9933 397.7200012 1
11237 429.5299988 1
12155 434.2749939 1
11095 423.2409973 1
12344 442.7019958 1
11607 426.428009 1
10381 414.1879883 1
11083 421.7869873 1
9017 378.7909851 1
12404 454.3840027 1
10198 400.1950073 1
9817 407.7460022 1
11251 431.7090149 1
11489 447.2369995 1
10832 420.0769958 1
12992 458.8940125 1
10787 401.2550049 1
12440 434.8049927 1
9585 397.7200012 1
10803 411.3099976 1
14092 466.447998 1
10623 423.0230103 1
10589 408.756012 1
12899 462.2690125 1
11462 424.5570068 1
12433 442.4819946 1
10150 405.7369995 1
11850 434.6220093 1
10763 411.2829895 1
11764 428.5610046 1
11665 435.7059937 1
11147 417.4620056 1
13645 454.6149902 1
10854 415.2799988 1
12312 447.7170105 1
11652 429.5209961 1
13460 451.0480042 1
11444 424.368988 1
11859 436.2529907 1
12650 438.144989 1
11227 427.8110046 1
12279 455.4150085 1
11694 431.3890076 1
11419 431.5130005 1
11357 427.0409851 1
12339 453.2640076 1
11792 443.9110107 1
11377 429.3859863 1
12073 439.7990112 1
13010 450.5610046 1
12188 434.2130127 1
11417 419.2749939 1
10811 420.2319946 1
11062 411.1090088 1
11745 426.7659912 1
11363 423.2659912 1
13524 472.7349854 1
10491 411.9949951 1
10815 414.0620117 1
13269 458.493988 1
9962 408.7210083 1
12164 435.0859985 1
12434 437.8970032 1
11107 408.4580078 1
12483 437.4020081 1
12494 437.2189941 1
13415 464.2929993 1
12868 454.8590088 1
13034 449.8510132 1
12918 459.8280029 1
12260 453.2380066 1
12419 452.1990051 1
12881 457.7839966 1
12624 452.7319946 1
12437 434.6719971 1
14026 467.7650146 1
11271 404.4639893 1
11929 436.8630066 1
12387 442.269989 1
12837 445.6380005 1
12638 454.5610046 1
10594 401.243988 1
12337 446.2200012 1
12249 440.3859863 1
12198 442.42099 1
11523 441.4030151 1
12094 432.3909912 1
10246 419.9500122 1
10578 414.6199951 1
12131 444.9259949 1
13340 474.6820068 1
11387 434.7929993 1
12331 441.4400024 1
12297 440.6010132 1
11776 430.3330078 1
12823 450.6409912 1
10973 419.2630005 1
13361 456.7449951 1
9414 407.8250122 1
10997 421.4849854 1
11502 425.9559937 1
12031 444.4620056 1
13095 449.3460083 1
11670 434.0859985 1
12214 444.2919922 1
10819 413.2569885 1
11217 424.0849915 1
12574 466.519989 1
10884 406.7189941 1
12749 443.4370117 1
10412 408.7200012 1
12737 445.1539917 1
10360 411.2399902 1
10809 426.0539856 1
11890 434.026001 1
12013 443.4779968 1
12323 438.6530151 1
11669 432.098999 1
11658 443.2609863 1
10800 406.4830017 1
12280 444.4230042 1
11639 428.3120117 1
11145 420.3150024 1
10036 402.8590088 1
11860 432.0589905 1
11778 432.2569885 1
11759 426.1380005 1
12373 438.881012 1
13218 458.7630005 1
11656 434.3959961 1
12086 438.5029907 1
14009 481.9769897 1
11454 419.3129883 1
11923 432.3340149 1
11469 429.8580017 1
11451 426.2470093 1
12831 452.7200012 1
12201 443.4559937 1
11794 434.618988 1
11487 428.0889893 1
12863 448.5079956 1
11070 419.4030151 1
12220 436.9819946 1
11690 432.5190125 1
12416 449.7399902 1
10629 416.8900146 1
11379 438.1640015 1
11825 437.4509888 1
11314 424.0849915 1
10805 410.4450073 1
12613 450.2059937 1
10289 406.5379944 1
10852 433.644989 1
9798 416.6679993 1
10847 414.4509888 1
11433 426.9249878 1
10502 402.8340149 1
11296 424.7009888 1
11378 426.6140137 1
10318 413.2109985 1
9862 396.8619995 1
11139 423.3240051 1
12269 435.6560059 1
10780 407.1579895 1
11867 434.8129883 1
10968 406.7940063 1
12381 434.1589966 1
10745 422.2330017 1
11366 423.1149902 1
12605 448.8460083 1
11983 430.631012 1
11385 436.6069946 1
12053 449.6040039 1
11964 447.506012 1
12577 443.1459961 1
10492 405.9100037 1
11342 440.1990051 1
12071 438.7000122 1
11790 432.3269958 1
11634 427.105011 1
10915 419.5859985 1
9117 393.8380127 1
10390 420.7940063 1
11174 430.3049927 1
12027 445.2019958 1
12537 440.1059875 1
11392 424.5239868 1
10538 401.3429871 1
11912 430.3710022 1
11335 426.5840149 1
12067 440.0010071 1
12416 447.9630127 1
11447 436.868988 1
12683 444.5310059 1
10584 437.0480042 1
10817 403.9979858 1
11926 435.7539978 1
10941 423.4079895 1
9679 399.8479919 1
12735 441.3800049 1
11691 426.2799988 1
11573 427.2810059 1
11490 424.5620117 1
10380 399.053009 1
10032 403.0960083 1
11287 421.9930115 1
11201 416.5350037 1
13387 458.9559937 1
12188 441.2829895 1
11016 404.3540039 1
11881 429.802002 1
10816 417.7810059 1
11125 420.2090149 1
9369 396.7600098 1
11601 447.1279907 1
12945 454.678009 1
12070 444.4549866 1
12036 436.1549988 1
12419 439.1570129 1
11334 433.3890076 1
10562 407.1940002 1
10895 411.5899963 1
10583 401.3099976 1
10440 405.6149902 1
10365 416.3389893 1
11632 442.4440002 1
11535 420.8120117 1
9762 397.2489929 1
11119 415.0239868 1
11396 431.2969971 1
12126 432.9509888 1
11243 430.9330139 1
12574 444.631012 1
13098 458.7330017 1
10961 419.3880005 1
10590 412.5069885 1
10579 405.1220093 1
11323 422.4379883 1
10512 418.0669861 1
10866 404.3580017 1
11919 434.2630005 1
12692 456.7929993 1
8328 369.7380066 1
11354 426.8729858 1
11291 432.6459961 1
11905 433.25 1
10725 411.6910095 1
11907 448.1650085 1
11862 436.2999878 1
11912 439.6359863 1
12101 435.9289856 1
11749 455.2569885 1
13325 468.3500061 1
10272 413.6919861 1
11259 421.5050049 1
10574 415.9570007 1
11443 427.2309875 1
9346 383.743988 1
11432 424.177002 1
10993 428.70401 1
10218 401.7730103 1
11200 428.1669922 1
9080 396.5400085 1
13103 456.7860107 1
10561 417.9330139 1
11249 418.9379883 1
10214 392.2399902 1
12042 440.7000122 1
11226 425.0130005 1
14932 488.8649902 1
10873 416.6690063 1
11859 421.8129883 1
9519 402.2189941 1
11565 428.4859924 1
11860 429.7929993 1
13085 446.3070068 1
10453 421.5159912 1
9120 383.572998 1
11316 429.6350098 1
12800 448.2919922 1
11599 432.3169861 1
11715 430.3789978 1
10132 398.6719971 1
11828 437.9070129 1
11624 452.3710022 1
11910 434.7380066 1
12136 455.4289856 1
11787 434.5140076 1
12347 452.2900085 1
11247 419.1910095 1
12037 436.2019958 1
11765 429.2929993 1
10536 425.3670044 1
11320 423.9920044 1
11569 433.0130005 1
12182 433.8370056 1
11584 434.7390137 1
10803 409.125 1
11908 430.7030029 1
10144 416.151001 1
12608 440.125 1
12099 427.1789856 1
12579 445.8880005 1
10685 421.0379944 1
12120 441.0 1
9468 386.4979858 1
12663 441.2879944 1
11266 414.7290039 1
12161 430.5870056 1
10035 398.0969849 1
12161 448.5920105 1
12397 433.3519897 1
11410 436.368988 1
11703 422.053009 1
12535 442.9379883 1
11782 433.7369995 1
12693 448.1579895 1
12678 452.9259949 1
11840 420.1409912 1
12397 446.3190002 1
13056 485.6610107 1
12266 438.822998 1
9571 388.5920105 1
11236 421.4440002 1
14658 477.1170044 1
11553 432.4779968 1
12615 458.2349854 1
12692 447.7390137 1
10975 420.5220032 1
13553 455.1900024 1
12213 442.2720032 1
12837 464.7680054 1
12885 463.4379883 1
11911 441.0599976 1
13045 446.006012 1
12637 455.2909851 1
11483 429.552002 1
12237 432.3900146 1
12675 466.1010132 1
12649 459.9450073 1
13217 471.7510071 1
11372 435.5929871 1
12831 455.2420044 1
11742 428.0339966 1
10667 411.7470093 1
11470 427.197998 1
10167 406.8259888 1
12720 443.4549866 1
11027 422.3890076 1
11794 422.1019897 1
12301 440.0069885 1
12204 436.855011 1
11458 437.4410095 1
10882 411.7460022 1
12053 440.9779968 1
11281 424.9710083 1
10948 408.4389954 1
11525 432.2990112 1
12340 456.3970032 1
11340 420.92099 1
12326 444.0669861 1
11975 434.9110107 1
9944 407.3609924 1
11432 428.5369873 1
12695 447.8340149 1
10864 426.5780029 1
12913 449.0239868 1
13117 451.8680115 1
10713 443.4039917 1
10344 406.1889954 1
10483 419.0159912 1
11697 424.1480103 1
12764 449.5490112 1
10784 424.1440125 1
12811 453.9370117 1
12593 449.5700073 1
10767 410.6229858 1
10572 403.2690125 1
11312 421.54599 1
10740 422.7680054 1
11052 418.9500122 1
11906 433.8559875 1
12466 453.446991 1
12871 448.5820007 1
12714 434.1180115 1
13066 458.2619934 1
11682 437.0400085 1
11422 421.0650024 1
11278 422.1860046 1
11462 423.2349854 1
12057 448.4410095 1
10989 431.1239929 1
9516 386.8210144 1
12317 432.3009949 1
12675 453.3519897 1
9292 414.118988 1
12540 456.2019958 1
9373 383.0490112 1
14350 472.0209961 1
11870 432.2980042 1
9732 395.6239929 1
11671 430.2399902 1
10851 408.9299927 1
13314 457.697998 1
10510 416.7109985 1
10874 426.8729858 1
12539 437.4259949 1
11102 423.5939941 1
10395 415.29599 1
10669 404.8009949 1
9768 413.5580139 1
11423 418.6040039 1
13135 459.256012 1
10815 420.8150024 1
10829 404.7510071 1
11686 433.4389954 1
9763 404.1459961 1
12366 451.8609924 1
9621 408.7170105 1
11590 435.8460083 1
13060 465.6480103 1
11928 439.9190063 1
11230 422.7179871 1
11603 427.5249939 1
10589 411.9289856 1
11245 421.5480042 1
10190 397.7860107 1
12019 442.1119995 1
11746 431.8269958 1
12613 459.9129944 1
11559 435.1849976 1
13950 490.427002 1
11224 424.7470093 1
11993 438.0740051 1
11479 421.0750122 1
11485 424.4880066 1
12837 463.321991 1
10873 408.4890137 1
10664 414.9389954 1
10729 414.6990051 1
10841 410.3320007 1
12020 425.7340088 1
12314 440.1459961 1
11792 427.7829895 1
8505 359.1000061 1
11928 432.5230103 1
11915 433.2839966 1
10789 413.7399902 1
10366 403.4599915 1
11476 424.7829895 1
12368 449.8580017 1
10695 406.4509888 1
11240 426.6440125 1
11552 432.8120117 1
11122 410.9869995 1
13099 453.3659973 1
9510 401.4920044 1
12466 448.8569946 1
10595 407.2669983 1
10828 415.8510132 1
10667 415.2369995 1
12845 464.1210022 1
11072 421.0 1
12495 443.678009 1
9723 388.6170044 1
11905 443.7690125 1
11809 433.0539856 1
12219 436.2059937 1
12898 454.7669983 1
11659 442.3380127 1
11119 427.04599 1
11128 423.2369995 1
11504 432.4440002 1
12093 432.8280029 1
12239 432.2980042 1
11180 415.4100037 1
9622 403.7739868 1
10088 406.6610107 1
12525 455.1809998 1
10386 405.9679871 1
12378 459.9760132 1
12588 445.2980042 1
10227 403.9989929 1
10870 414.2780151 1
11031 414.4400024 1
9918 398.9549866 1
9976 406.07901 1
10007 391.4590149 1
10427 405.5780029 1
12895 449.5130005 1
10918 422.4890137 1
11485 419.4049988 1
10388 400.5910034 1
11470 426.625 1
12714 454.5450134 1
10510 420.0220032 1
11983 432.4389954 1
11415 438.9299927 1
11300 415.4729919 1
11597 433.6820068 1
11501 439.5379944 1
11646 435.6069946 1
10539 420.6369934 1
9801 391.9649963 1
11780 435.67099 1
10468 427.7139893 1
10787 405.8989868 1
10796 416.2590027 1
9972 397.6380005 1
9751 412.5979919 1
11102 425.9710083 1
11364 428.9530029 1
12587 461.7810059 1
9335 388.8059998 1
12106 448.5 1
12411 443.5549927 1
12387 445.6140137 1
10683 408.2820129 1
11071 419.5939941 1
11617 418.45401 1
12630 444.0589905 1
11992 431.1570129 1
9544 386.5629883 1
12261 438.8980103 1
11392 427.7449951 1
11465 423.7879944 1
11111 419.9299927 1
11234 425.9309998 1
9520 394.8909912 1
11889 440.947998 1
11197 429.4500122 1
10445 409.9599915 1
12638 450.4030151 1
10497 405.3460083 1
10531 415.1059875 1
13677 467.2479858 1
11075 416.8500061 1
10598 411.4790039 1
11297 416.6799927 1
12199 438.0629883 1
12840 470.0960083 1
9221 387.0939941 1
9154 383.677002 1
12198 432.0270081 1
11149 416.8909912 1
10632 405.4159851 1
12956 458.6560059 1
12418 453.04599 1
11573 446.9240112 1
11816 446.1000061 1
10655 417.973999 1
11764 430.1839905 1
12635 439.0830078 1
12089 440.7260132 1
12173 438.3190002 1
11185 414.1809998 1
13076 450.3450012 1
10557 412.6679993 1
12349 452.0090027 1
11449 411.2999878 1
11875 425.4509888 1
11322 415.4859924 1
13183 462.7319946 1
11509 435.8670044 1
10156 409.2900085 1
10134 406.0450134 1
10420 415.0559998 1
12181 434.8129883 1
12124 446.4400024 1
11930 434.8059998 1
10900 417.5969849 1
12213 452.4039917 1
11917 437.3039856 1
12406 434.7309875 1
11923 434.4200134 1
10896 419.3850098 1
12209 445.8890076 1
8604 373.6830139 1
12633 452.0029907 1
10524 402.4949951 1
12625 448.3370056 1
11977 442.3640137 1
11961 429.3670044 1
11281 407.1010132 1
13751 451.9410095 1
12382 453.0499878 1
13825 483.2000122 1
13589 479.8359985 1
11771 430.4700012 1
11711 447.0039978 1
12331 431.3640137 1
11046 423.4979858 1
12258 447.8460083 1
12162 450.7909851 1
11106 415.9849854 1
12081 431.5209961 1
12397 435.9490051 1
13799 454.7409973 1
11133 431.7019958 1
12955 451.803009 1
12056 431.8510132 1
12558 452.6929932 1
12326 441.5849915 1
12406 433.571991 1
11686 441.1839905 1
12393 438.8909912 1
12345 438.0249939 1
11511 439.5130005 1
11635 449.3089905 1
11720 425.4500122 1
12450 443.3720093 1
10074 416.9719849 1
13320 467.6380005 1
11895 429.3959961 1
11621 402.2109985 1
12272 439.9169922 1
12695 464.9679871 1
10777 409.2730103 1
12734 466.3059998 1
13295 465.3330078 1
12581 439.1549988 1
11097 422.3680115 1
11625 430.4339905 1
10665 422.3999939 1
12206 441.2850037 1
12646 473.8559875 1
11553 428.696991 1
13028 467.2770081 1
12103 439.2179871 1
11718 439.20401 1
11672 435.7139893 1
11793 417.1600037 1
11695 434.1340027 1
10975 412.7380066 1
11089 421.6549988 1
10833 427.6839905 1
11550 426.8439941 1
12339 435.9370117 1
7943 362.6730042 1
13207 458.8779907 1
12437 462.7269897 1
10964 412.821991 1
11322 415.6010132 1
10760 420.9490051 1
11739 430.4920044 1
15115 492.0159912 1
11385 419.0100098 1
13753 461.1300049 1
11701 432.9760132 1
12754 450.723999 1
12147 436.0700073 1
12784 468.7139893 1
11742 437.9030151 1
12526 441.3299866 1
10925 415.1749878 1
12752 455.3519897 1
12848 455.644989 1
12730 462.3699951 1
11017 416.9320068 1
12391 437.618988 1
8848 369.7780151 1
11298 436.6560059 1
10647 411.1329956 1
7833 373.1570129 1
11189 427.4710083 1
10386 403.29599 1
11753 425.3859863 1
10802 424.6480103 1
11278 430.2630005 1
11418 432.894989 1
11980 434.6260071 1
11370 444.6879883 1
11422 414.8160095 1
10463 417.3569946 1
12184 437.8389893 1
12407 460.1789856 1
11479 429.1740112 1
10265 400.321991 1
12748 461.8880005 1
11475 447.4809875 1
10554 406.9190063 1
11497 438.9100037 1
13221 448.644989 1
11906 435.7600098 1
10849 410.493988 1
10474 403.4599915 1
9834 401.0050049 1
11502 428.5390015 1
9584 390.0039978 1
10527 408.9779968 1
10773 407.8469849 1
12013 458.3590088 1
10746 423.9909973 1
10852 412.6400146 1
11521 429.2340088 1
11986 432.2909851 1
11706 433.0650024 1
11231 427.6669922 1
13109 457.1700134 1
11144 427.1210022 1
9961 392.1430054 1
12234 440.0 1
11722 423.7019958 1
10550 411.0299988 1
12299 446.1019897 1
11968 430.0669861 1
10191 403.2189941 1
11397 425.756012 1
11916 432.6809998 1
11063 428.2390137 1
10698 416.7980042 1
11485 429.3909912 1
11742 439.756012 1
10102 411.8080139 1
13033 466.1390076 1
10208 394.5299988 1
12605 445.6929932 1
11505 444.3940125 1
12406 441.8779907 1
11902 454.9419861 1
11339 425.506012 1
12599 450.20401 1
11961 448.5650024 1
10786 408.0249939 1
12454 437.4949951 1
11181 420.4129944 1
11500 424.3989868 1
10958 422.8800049 1
10427 408.1570129 1
10475 410.993988 1
11075 412.2380066 1
10980 428.0840149 1
11542 424.5159912 1
11715 429.1659851 1
11322 435.2009888 1
12295 439.8240051 1
12587 451.1719971 1
10364 417.1029968 1
10862 421.0109863 1
10951 424.7690125 1
10472 412.9890137 1
11577 418.7600098 1
11178 419.2780151 1
12244 442.1900024 1
12279 441.2279968 1
11295 417.3370056 1
12752 453.4949951 1
8965 383.4819946 1
10604 409.1910095 1
11166 419.4330139 1
10106 408.9419861 1
11274 426.8500061 1
11437 430.6119995 1
10983 417.7099915 1
11090 416.0140076 1
13005 467.7999878 1
10680 413.803009 1
10138 414.0090027 1
11440 425.7520142 1
10168 400.4779968 1
11910 427.2789917 1
11987 440.7839966 1
10472 403.6919861 1
10860 411.8460083 1
11242 427.2520142 1
9876 384.4599915 1
12058 433.3900146 1
10560 400.1789856 1
12837 448.2749939 1
11726 450.7449951 1
11639 434.6059875 1
12483 440.6159973 1
11660 433.3089905 1
12172 431.1960144 1
11795 446.1839905 1
11873 430.0440063 1
11657 432.5650024 1
10513 410.0350037 1
10499 408.7290039 1
10657 412.8389893 1
11176 427.3330078 1
9819 410.6480103 1
10349 408.0759888 1
11366 431.9360046 1
10536 397.4989929 1
11933 430.8670044 1
11512 414.6000061 1
10608 404.6929932 1
10061 393.3829956 1
9251 375.6090088 1
11088 421.1570129 1
10360 404.32901 1
11857 434.0889893 1
11186 416.6749878 1
11112 429.6530151 1
12260 453.572998 1
11599 431.0559998 1
11531 445.7390137 1
11786 424.618988 1
11003 417.0589905 1
11973 438.1480103 1
10187 409.3569946 1
11746 436.9500122 1
12163 435.4979858 1
11422 419.9070129 1
10971 407.3559875 1
9441 384.3399963 1
10925 437.2590027 1
11710 424.4909973 1
11337 417.2709961 1
11681 431.2279968 1
11465 434.1350098 1
12183 450.6659851 1
12008 440.5180054 1
10985 419.5339966 1
10979 417.3630066 1
10928 408.8630066 1
10409 391.57901 1
11961 445.053009 1
10351 408.9960022 1
12225 436.4840088 1
11550 420.8370056 1
10389 403.0350037 1
11240 438.5130005 1
12019 439.7250061 1
11210 428.8919983 1
11184 419.4750061 1
10550 404.2950134 1
11544 421.8460083 1
12743 449.230011 1
12711 458.7330017 1
11545 427.6199951 1
11253 422.8779907 1
9216 384.3420105 1
11814 428.0140076 1
9677 390.6170044 1
12010 428.1400146 1
11016 416.8970032 1
12152 454.2120056 1
10870 409.4909973 1
10546 428.5450134 1
10673 404.1380005 1
10000 415.2739868 1
11486 420.8529968 1
12610 454.6870117 1
11973 436.1830139 1
11285 425.7550049 1
11588 428.7279968 1
12895 461.5820007 1
12152 447.9169922 1
9447 407.0920105 1
11700 436.9289856 1
11783 429.394989 1
12070 432.8680115 1
11790 444.3429871 1
10962 415.0 1
11587 423.1889954 1
10965 416.6270142 1
12093 440.4379883 1
11303 422.2000122 1
11165 424.1610107 1
12743 442.7349854 1
10697 407.8070068 1
11115 424.730011 1
11251 422.1170044 1
10443 406.5289917 1
11359 420.8720093 1
12465 445.0669861 1
12500 444.8450012 1
11529 420.4559937 1
11481 419.0669861 1
11760 432.5320129 1
13344 469.5280151 1
11044 420.2189941 1
10705 414.3349915 1
10697 408.8439941 1
10735 421.4880066 1
11706 428.5539856 1
13443 469.45401 1
10955 419.9949951 1
12915 456.144989 1
9945 396.7080078 1
10121 405.7090149 1
11445 426.1809998 1
11601 435.5570068 1
11358 421.821991 1
11184 416.9249878 1
10993 422.5150146 1
12876 445.7630005 1
11393 428.2789917 1
9975 393.1889954 1
12473 440.9259949 1
11593 442.6700134 1
10788 402.3349915 1
9322 385.4159851 1
10819 409.1499939 1
11669 417.8410034 1
13029 460.4169922 1
9495 386.5899963 1
10645 417.802002 1
10880 394.644989 1
12198 440.2009888 1
12309 434.375 1
12067 438.8819885 1
11422 429.2049866 1
10293 413.2869873 1
12715 462.6170044 1
11993 427.5390015 1
11932 436.7590027 1
12282 430.7609863 1
10638 407.2070007 1
11578 431.506012 1
11944 424.5469971 1
10074 397.3980103 1
11247 418.0820007 1
11562 424.9710083 1
12989 450.2380066 1
12558 453.2290039 1
7551 369.0639954 1
11353 418.5050049 1
9371 394.428009 1
10878 410.7219849 1
11322 415.8859863 1
10586 423.7460022 1
11428 418.6149902 1
9908 400.9989929 1
12273 441.1910095 1
10482 402.5209961 1
12228 441.1560059 1
12074 435.0780029 1
9360 399.3919983 1
11447 419.6199951 1
10949 417.4060059 1
13808 466.7780151 1
12261 457.5119934 1
11496 440.4689941 1
10638 407.6629944 1
11835 418.7130127 1
10083 402.9320068 1
12780 437.0289917 1
12802 457.6610107 1
10589 439.7080078 1
11502 429.7420044 1
12415 438.9960022 1
14217 472.3150024 1
10842 434.2730103 1
12003 433.5209961 1
11630 425.5169983 1
12267 429.6940002 1
10297 397.125 1
10821 418.0020142 1
11393 415.7999878 1
11901 436.1409912 1
11759 429.3380127 1
12573 444.9609985 1
12325 454.0490112 1
13443 459.7309875 1
12171 431.9490051 1
13580 460.5490112 1
11681 422.0490112 1
12110 421.9549866 1
12666 453.677002 1
11623 427.4700012 1
10727 406.4530029 1
13683 461.5679932 1
14142 470.7130127 1
12808 466.9240112 1
13923 462.7000122 1
11488 416.3779907 1
13347 461.8720093 1
9741 430.5599976 1
12708 437.45401 1
12448 443.9689941 1
10719 418.6700134 1
11353 418.756012 1
12382 453.6029968 1
12657 455.1820068 1
11232 427.4299927 1
11206 427.1390076 1
12278 453.6929932 1
12547 434.9370117 1
10910 445.2739868 1
10213 430.0440063 1
12557 443.0100098 1
12193 436.2850037 1
10577 402.1700134 1
12095 444.0339966 1
11879 446.1430054 1
12784 448.3469849 1
13172 450.2900085 1
12532 454.0669861 1
11962 429.1809998 1
12890 462.802002 1
13328 462.256012 1
11811 427.7510071 1
13426 460.2269897 1
11511 438.9729919 1
11810 444.3519897 1
12974 460.3039856 1
12726 455.3460083 1
11644 444.631012 1
12317 442.8099976 1
11711 423.9370117 1
12604 452.7250061 1
11929 439.8959961 1
10911 424.5570068 1
11585 428.3729858 1
11492 419.2969971 1
12434 450.4960022 1
12503 446.3110046 1
11665 430.4400024 1
11183 414.348999 1
11850 440.8649902 1
13410 464.776001 1
11031 421.2909851 1
11757 441.2420044 1
11199 421.0429993 1
10326 427.7250061 1
12831 446.631012 1
12085 431.2080078 1
13012 466.118988 1
9236 394.3410034 1
11679 417.8250122 1
11145 421.2430115 1
14414 476.3210144 1
12876 448.4419861 1
11840 432.3840027 1
10457 402.0629883 1
11243 419.0270081 1
11080 424.7690125 1
12908 462.2099915 1
12308 436.6400146 1
11831 428.7009888 1
12025 447.2269897 1
12758 451.3699951 1
10702 409.2659912 1
11732 441.1229858 1
11898 420.7789917 1
10187 404.9679871 1
12205 438.3559875 1
14186 490.7139893 1
10497 417.506012 1
11884 434.8399963 1
10952 421.105011 1
12792 443.7269897 1
12512 454.5100098 1
11814 424.5320129 1
12376 455.7330017 1
10917 420.9110107 1
12293 445.6870117 1
11191 431.0570068 1
12364 442.855011 1
10651 411.0029907 1
11515 425.4989929 1
12670 462.9140015 1
13166 465.9670105 1
11501 428.5029907 1
11303 423.9549866 1
11508 429.20401 1
12502 431.3129883 1
10296 415.7510071 1
11299 429.4389954 1
10231 404.3640137 1
11097 436.144989 1
9127 381.8789978 1
11014 413.4400024 1
12709 446.2049866 1
13154 451.5620117 1
14104 467.8009949 1
12906 449.7909851 1
10533 411.0130005 1
12416 441.928009 1
9802 412.368988 1
13003 478.5870056 1
10148 408.2279968 1
10085 404.6799927 1
10462 415.7739868 1
11459 435.4530029 1
12408 437.0140076 1
10949 420.1700134 1
11241 417.1589966 1
11937 427.3349915 1
9994 406.6430054 1
11203 424.8039856 1
12311 446.1759949 1
11999 440.6690063 1
11029 415.0480042 1
10527 403.3479919 1
12271 443.7869873 1
11623 424.3590088 1
11549 432.6229858 1
11872 429.5379944 1
11717 430.9179993 1
11543 428.6019897 1
9598 397.0 1
11770 429.2449951 1
10481 413.7219849 1
11318 427.756012 1
10871 416.5379944 1
10453 411.447998 1
11087 432.3829956 1
12593 432.1839905 1
9878 406.9779968 1
11734 430.2799988 1
11835 431.0339966 1
11699 434.8919983 1
10921 425.0119934 1
12544 437.2690125 1
10662 415.269989 1
10984 416.9979858 1
12573 461.4660034 1
12318 442.5870056 1
12563 457.3630066 1
12024 432.4190063 1
12062 432.6239929 1
11889 428.696991 1
12076 443.9920044 1
12746 446.1340027 1
10858 412.2170105 1
11723 427.625 1
11302 418.95401 1
11176 418.0559998 1
8992 377.3320007 1
11123 426.8559875 1
8709 383.5270081 1
10458 396.0920105 1
9854 397.0669861 1
10863 411.6220093 1
12148 440.6199951 1
11014 411.2179871 1
10617 425.4750061 1
11548 433.5130005 1
12431 437.6570129 1
9577 403.17099 1
12315 444.6229858 1
12361 443.8190002 1
11865 426.7279968 1
10889 409.0169983 1
10359 409.5109863 1
11748 433.7709961 1
10901 410.3900146 1
10566 405.302002 1
11857 433.2000122 1
10620 404.9320068 1
10622 408.0280151 1
13133 450.1319885 1
11034 414.5010071 1
11051 421.3479919 1
10627 411.4410095 1
11540 427.3190002 1
11494 433.0580139 1
12253 437.9429932 1
13089 458.0769958 1
12267 438.2640076 1
9646 390.9559937 1
12115 449.197998 1
10189 454.3160095 1
10628 418.3039856 1
10962 418.6610107 1
12620 458.8869934 1
12164 443.7290039 1
12763 454.9020081 1
10509 405.0570068 1
10570 419.9530029 1
10264 410.1390076 1
11502 423.8320007 1
12387 449.1359863 1
11339 423.9700012 1
11063 418.7749939 1
11365 421.1759949 1
12042 433.769989 1
11532 422.6910095 1
10723 431.1640015 1
9593 396.0499878 1
9936 398.276001 1
10201 403.3070068 1
12054 439.6589966 1
10474 420.1239929 1
9733 396.6539917 1
11016 421.1000061 1
11279 426.2120056 1
12289 451.5759888 1
12899 456.0 1
9962 404.9450073 1
11559 427.0299988 1
11023 416.8919983 1
12135 432.8129883 1
14498 496.5499878 1
12451 461.3450012 1
11104 420.9700012 1
9592 385.7780151 1
11288 429.6470032 1
11769 427.769989 1
10798 412.0130005 1
10241 411.946991 1
12465 451.5150146 1
10749 412.4249878 1
10826 414.2229919 1
11518 428.7099915 1
10588 410.9360046 1
12489 444.0079956 1
11386 431.7850037 1
11907 448.0610046 1
11411 429.1010132 1
9371 401.8959961 1
11264 423.3909912 1
12495 454.7929993 1
11024 414.8590088 1
11512 427.5679932 1
11708 423.9410095 1
10015 402.1789856 1
10820 424.7810059 1
9802 396.8160095 1
10470 419.0180054 1
11553 433.7770081 1
10731 414.1749878 1
11352 422.3240051 1
11454 424.95401 1
10634 409.506012 1
12422 444.0849915 1
12190 441.7850037 1
10534 409.625 1
12224 438.9760132 1
10382 405.2130127 1
10763 416.0169983 1
13362 460.0700073 1
10875 418.9819946 1
10657 407.7650146 1
11568 429.5480042 1
9483 390.9979858 1
10312 398.7950134 1
10355 402.6679993 1
11592 436.3999939 1
10384 416.0429993 1
11752 428.6610107 1
15062 492.0650024 1
12700 452.428009 1
12324 465.6690063 1
9638 398.9119873 1
12734 447.0840149 1
10576 417.019989 1
9858 388.6669922 1
12672 450.3439941 1
10559 411.0880127 1
11062 410.0960083 1
12423 436.4930115 1
10469 423.7850037 1
12220 425.04599 1
10974 413.5 1
11940 423.6749878 1
12659 445.3190002 1
8990 389.3770142 1
9577 404.5440063 1
11226 416.0820007 1
10496 407.322998 1
10821 425.2680054 1
11898 422.3680115 1
10871 414.6740112 1
11732 428.1830139 1
12051 423.2269897 1
11976 444.6440125 1
10855 417.3169861 1
11212 413.5660095 1
10221 405.2999878 1
10580 409.0889893 1
12712 453.0799866 1
10015 402.4559937 1
11606 432.3139954 1
10770 405.5039978 1
10773 414.8919983 1
12249 438.9020081 1
12356 427.8980103 1
12911 446.7539978 1
12074 436.4620056 1
8652 374.4020081 1
10591 410.7340088 1
11782 436.5339966 1
12627 453.5190125 1
11945 414.1459961 1
11506 433.7049866 1
13057 445.177002 1
11415 424.9630127 1
12067 423.3619995 1
11506 433.3420105 1
12483 428.1470032 1
11714 412.2019958 1
10119 403.5429993 1
12175 431.7279968 1
12487 437.1210022 1
13619 467.7659912 1
12184 434.4079895 1
13481 447.92099 1
13267 465.0320129 1
12378 454.0620117 1
12942 441.743988 1
10919 428.7019958 1
13635 455.54599 1
12676 437.9559937 1
13079 436.0450134 1
11779 440.9760132 1
12583 434.0029907 1
14608 483.1610107 1
11108 403.6180115 1
13932 462.0220032 1
11772 436.5960083 1
14960 482.1400146 1
10956 422.1719971 1
12818 439.9519958 1
11091 416.9450073 1
10246 406.3710022 1
13710 467.4049988 1
11051 424.9760132 1
10690 404.6400146 1
11337 433.9779968 1
11088 430.5870056 1
12735 440.7330017 1
13607 461.0509949 1
10193 409.7950134 1
11883 440.5419922 1
12154 448.0620117 1
13629 470.678009 1
11848 432.368988 1
11923 439.7130127 1
13264 447.947998 1
11116 409.5440063 1
12200 447.2139893 1
13617 465.0029907 1
13270 459.8659973 1
10559 424.8469849 1
12005 440.2650146 1
12128 441.7120056 1
11923 435.2869873 1
11942 424.7810059 1
10877 424.5750122 1
12676 431.769989 1
12124 431.7520142 1
12299 437.1319885 1
12799 443.4169922 1
13414 459.2839966 1
14771 471.9100037 1
11146 425.9599915 1
13149 463.3110046 1
13880 479.6359863 1
12432 446.4880066 1
12962 456.7139893 1
12826 452.821991 1
12281 437.4590149 1
12622 458.2749939 1
12060 451.5939941 1
11140 429.7969971 1
12421 464.6390076 1
12900 442.6860046 1
11307 437.8800049 1
11290 427.5899963 1
11415 426.1650085 1
10767 428.3519897 1
10516 423.3999939 1
11568 429.072998 1
12503 449.598999 1
12496 449.7409973 1
11842 441.9100037 1
13130 463.2780151 1
13355 466.3160095 1
12653 441.493988 1
12518 460.8540039 1
13704 472.0610046 1
14561 487.651001 1
12729 458.3859863 1
11215 421.1799927 1
12822 459.6809998 1
12770 451.7399902 1
13316 445.0499878 1
11169 431.8009949 1
12071 441.1799927 1
10250 407.2890015 1
12730 454.4389954 1
12768 450.6000061 1
11182 429.5950012 1
12390 454.4909973 1
14753 495.2600098 1
13742 484.3420105 1
12981 451.3269958 1
11255 442.6180115 1
13331 461.3089905 1
12914 464.1799927 1
11470 428.5360107 1
12671 448.1199951 1
10879 427.1359863 1
13308 464.1329956 1
12448 438.9150085 1
11963 432.2980042 1
12357 447.3909912 1
11049 412.8139954 1
12310 438.1619873 1
11381 434.3179932 1
12193 433.9570007 1
12259 440.0299988 1
13058 451.3139954 1
9929 395.8720093 1
12343 443.6130066 1
10847 417.9240112 1
11012 428.2369995 1
11077 427.6640015 1
11893 441.3999939 1
12330 433.0690002 1
10824 416.4150085 1
11119 419.7279968 1
11161 420.9100037 1
12237 438.1560059 1
12103 446.0809937 1
10891 406.5710144 1
10413 427.3680115 1
11221 418.5610046 1
11084 435.144989 1
11883 438.2189941 1
11593 435.3909912 1
13241 458.0109863 1
10759 401.927002 1
10690 411.3840027 1
10192 404.1820068 1
13140 467.0169983 1
11295 430.6199951 1
11004 412.2269897 1
11287 419.9179993 1
10919 428.348999 1
10309 396.5390015 1
12043 441.1560059 1
10712 417.2510071 1
12345 448.7690125 1
12263 438.1380005 1
11036 435.4989929 1
12590 447.5320129 1
9273 406.4020081 1
11717 439.730011 1
11359 422.8469849 1
11136 417.7669983 1
8679 380.6010132 1
12777 462.6690063 1
10669 403.6749878 1
12981 449.6170044 1
10534 409.3399963 1
10842 415.6589966 1
11274 422.6629944 1
11472 420.2569885 1
10847 417.6700134 1
10982 411.5740051 1
10736 417.394989 1
8850 381.4339905 1
12959 473.6099854 1
12150 435.9039917 1
12583 451.8190002 1
8968 390.4909973 1
9759 391.4840088 1
12536 460.2839966 1
13093 470.1000061 1
10663 403.2550049 1
10972 425.3999939 1
11302 418.2009888 1
10443 404.9849854 1
12582 446.2900085 1
10611 414.4020081 1
12142 443.5150146 1
9669 388.6069946 1
10534 423.6210022 1
10595 403.8200073 1
11500 442.3340149 1
12776 457.4710083 1
11483 437.0249939 1
14186 484.0599976 1
12008 433.2340088 1
11073 431.1570129 1
11249 423.0950012 1
10727 408.0419922 1
11957 441.8829956 1
10828 410.0690002 1
11303 426.5100098 1
11594 437.9100037 1
8501 371.0249939 1
11858 437.1090088 1
11191 426.1380005 1
9249 390.20401 1
12022 431.2309875 1
11270 422.6090088 1
11752 422.5320129 1
10398 405.6789856 1
12958 445.696991 1
12225 444.1489868 1
11443 421.6719971 1
12287 451.2070007 1
12511 448.7590027 1
11891 430.3009949 1
11001 415.0390015 1
10940 421.1740112 1
10211 392.3529968 1
10044 410.1910095 1
11026 425.0100098 1
9050 379.8989868 1
12096 438.8569946 1
11710 429.0629883 1
11309 427.6579895 1
11881 424.2680054 1
10286 418.2890015 1
12567 453.7720032 1
11139 419.447998 1
11153 426.5589905 1
10767 425.0360107 1
10965 433.7780151 1
11900 442.4230042 1
11890 430.3389893 1
10427 398.6919861 1
11867 431.9429932 1
12489 442.8699951 1
10795 411.2999878 1
11422 425.1289978 1
10574 398.6809998 1
10910 413.0950012 1
11874 435.9360046 1
10525 409.7319946 1
13549 464.0050049 1
10781 414.9549866 1
11070 413.4200134 1
10662 408.2829895 1
9517 389.0010071 1
12192 442.5299988 1
9679 390.2219849 1
13586 467.0239868 1
10696 409.2690125 1
11030 417.4880066 1
11433 421.4639893 1
11391 434.7869873 1
10574 411.118988 1
9885 385.6000061 1
12328 444.7059937 1
11435 424.2430115 1
10395 403.0100098 1
11011 414.302002 1
13576 477.8250122 1
12529 437.8389893 1
11734 432.6210022 1
11861 438.644989 1
11564 428.0830078 1
11972 433.0920105 1
9630 396.8930054 1
12354 453.0899963 1
10297 426.2219849 1
11268 429.3070068 1
14101 464.9660034 1
9330 391.1659851 1
9424 387.973999 1
11768 433.480011 1
12600 441.2340088 1
11960 440.9419861 1
10128 403.7250061 1
11780 444.9920044 1
13819 478.4989929 1
11584 431.3580017 1
13024 469.6470032 1
11969 442.1589966 1
10367 412.0050049 1
11816 453.9899902 1
9920 398.526001 1
10101 405.5119934 1
9722 373.7529907 1
11114 413.07901 1
13720 477.6350098 1
11997 429.6600037 1
11626 433.2380066 1
8546 388.5809937 1
11307 427.6099854 1
12664 442.8510132 1
11332 428.6059875 1
12103 456.3649902 1
11960 436.3710022 1
9487 394.2799988 1
11099 421.9159851 1
9842 395.572998 1
11614 418.8680115 1
11074 421.3070068 1
12341 451.1159973 1
12570 450.8590088 1
11539 423.6910095 1
12000 440.4869995 1
10810 415.303009 1
11743 432.5469971 1
12190 445.894989 1
11150 416.8989868 1
12672 445.5429993 1
11317 420.1530151 1
11619 432.45401 1
9772 394.9830017 1
9212 384.5960083 1
12867 449.0799866 1
9749 398.6820068 1
9561 386.0849915 1
11332 427.3240051 1
12311 441.4060059 1
10152 399.7969971 1
11619 447.3169861 1
10692 410.2529907 1
10600 429.5109863 1
11307 424.8959961 1
11327 422.6849976 1
13002 448.1149902 1
11287 429.3250122 1
12172 434.0270081 1
10528 411.1199951 1
11748 446.6950073 1
13032 459.631012 1
12032 437.6359863 1
13446 461.4389954 1
11050 424.7340088 1
13258 476.0910034 1
12509 439.447998 1
11264 429.5429993 1
11220 418.5490112 1
11621 444.6619873 1
12780 448.6610107 1
11249 419.0029907 1
11982 448.8640137 1
11180 425.4970093 1
10719 422.3739929 1
10171 400.4440002 1
12459 434.2879944 1
9983 402.6619873 1
11622 419.5660095 1
12402 437.6579895 1
10913 427.6180115 1
10228 403.8909912 1
9426 402.7099915 1
12692 448.0610046 1
10040 394.7130127 1
11136 419.5209961 1
9668 393.7139893 1
10912 424.8819885 1
12035 431.95401 1
13112 456.2160034 1
12103 440.6109924 1
13782 457.4920044 1
10810 418.2049866 1
12642 462.8089905 1
11042 430.7600098 1
10469 402.4509888 1
12032 437.303009 1
12524 444.0100098 1
11299 420.7380066 1
11530 425.3919983 1
12226 436.2229919 1
11723 432.7460022 1
11068 423.9729919 1
11689 434.8770142 1
12041 427.2900085 1
10025 400.5109863 1
9711 396.4689941 1
10775 414.9979858 1
11860 427.026001 1
10838 412.4909973 1
13088 450.2109985 1
11730 429.821991 1
11873 432.3330078 1
11100 416.3569946 1
10451 419.6960144 1
11180 427.7080078 1
11351 417.6929932 1
12894 480.0849915 1
10516 409.5570068 1
12563 444.868988 1
10949 414.2739868 1
9853 395.5010071 1
11889 439.9890137 1
10346 402.5809937 1
10943 412.0610046 1
12300 434.6470032 1
11944 434.9240112 1
12800 447.0249939 1
11605 425.697998 1
10780 410.855011 1
12043 442.0700073 1
13626 469.3429871 1
10185 397.980011 1
12159 437.822998 1
9884 389.2940063 1
12726 434.7720032 1
12269 436.0119934 1
11140 414.3649902 1
10480 414.8089905 1
13121 456.7720032 1
11661 418.0150146 1
11957 437.446991 1
12174 435.3680115 1
9405 389.7749939 1
11545 429.0979919 1
13537 467.5870056 1
11795 428.75 1
11611 431.2730103 1
10604 409.5109863 1
12349 434.1380005 1
11538 418.6610107 1
12501 451.7990112 1
11441 415.8580017 1
11625 421.3900146 1
12437 442.4989929 1
9882 392.2969971 1
11434 404.7099915 1
