5.6499 -8.5046 0
7.1069 -8.3450 0
5.8037 -8.6441 0
6.3487 -7.5220 0
7.3799 -7.8848 0
5.8316 -7.6514 0
7.0926 -7.6300 0
6.6423 -8.1568 0
4.6162 -8.2912 0
4.8836 -6.8777 0
8.4000 -5.2209 0
6.1948 -8.1639 0
6.2079 -8.8099 0
4.5885 -8.8831 0
6.5349 -7.7079 0
6.9613 -6.7112 0
5.3834 -8.6580 0
6.5974 -8.3621 0
5.4816 -7.1401 0
6.7167 -8.2692 0
7.5032 -5.6790 0
5.8561 -7.8970 0
4.9770 -8.7116 0
5.9740 -6.3351 0
7.7577 -8.3234 0
5.8229 -8.4536 0
6.0043 -9.1374 0
5.0127 -8.3646 0
4.4781 -9.5663 0
6.4766 -8.5532 0
5.7769 -6.8350 0
5.1775 -8.1235 0
4.1304 -8.3000 0
5.6448 -8.2063 0
6.3861 -7.0100 0
7.2833 -8.0794 0
5.2364 -8.7185 0
5.4390 -9.6731 0
6.1446 -6.6953 0
5.8610 -6.9633 0
5.8698 -7.6341 0
5.3130 -7.5709 0
6.3481 -7.7389 0
6.4612 -7.6684 0
5.2889 -8.8112 0
6.6547 -7.2083 0
6.5623 -8.8709 0
6.1340 -8.2273 0
5.9079 -8.1329 0
6.5153 -7.5423 0
7.1943 -8.2951 0
5.7789 -8.5855 0
5.2030 -8.6405 0
6.2107 -6.6288 0
5.7058 -8.5909 0
4.9394 -10.3666 0
5.5412 -8.4480 0
6.9752 -8.3047 0
6.0565 -7.7020 0
6.1493 -9.3627 0
8.0852 -6.2139 0
4.7010 -8.8936 0
4.7617 -9.1491 0
5.3635 -7.2458 0
4.6614 -7.8281 0
6.8522 -7.2011 0
5.4634 -6.9508 0
6.0621 -7.6944 0
4.9442 -8.4360 0
6.0768 -6.8007 0
5.1264 -9.0490 0
6.7260 -8.6110 0
5.9497 -7.3509 0
5.0388 -9.2378 0
5.5130 -8.6905 0
6.9901 -7.9314 0
6.3312 -9.0258 0
6.5054 -8.4963 0
5.3843 -8.9182 0
7.1043 -7.3876 0
5.1085 -7.7811 0
6.2047 -8.1411 0
4.4057 -7.6750 0
5.4428 -7.4945 0
5.4871 -7.5887 0
6.0911 -8.4514 0
5.9411 -8.4255 0
5.1331 -9.2969 0
5.0318 -8.1503 0
7.0263 -6.5769 0
6.7289 -7.3366 0
4.5633 -8.5966 0
4.6808 -7.5175 0
5.5855 -7.9426 0
6.4355 -7.9339 0
5.4818 -8.3431 0
7.4899 -8.3651 0
7.1647 -6.1876 0
6.5269 -7.0713 0
6.4002 -7.4123 0
5.8653 -9.0562 0
7.6198 -6.7931 0
6.7184 -10.2922 0
6.3885 -7.5140 0
5.6522 -8.1599 0
5.0375 -8.3200 0
6.8354 -7.3491 0
7.0936 -7.2199 0
5.2667 -9.6402 0
6.1926 -7.3198 0
5.4396 -7.3797 0
5.9245 -9.3125 0
6.3956 -7.0061 0
5.8667 -8.5668 0
5.0086 -9.7808 0
5.2564 -9.5253 0
6.2592 -7.4919 0
6.2066 -7.6603 0
5.2791 -7.0684 0
6.7175 -6.8591 0
5.8475 -7.4684 0
6.3466 -7.4782 0
8.3177 -8.0018 0
5.6126 -9.0001 0
7.1979 -6.0737 0
4.8917 -7.8549 0
7.4658 -8.2794 0
6.3789 -7.7374 0
8.6003 -6.1228 0
5.2873 -9.7528 0
4.5325 -7.9567 0
6.4534 -6.3450 0
6.8775 -8.4491 0
7.7145 -8.1469 0
5.1580 -8.6343 0
6.8026 -8.5221 0
6.1089 -8.3011 0
5.2139 -7.9050 0
5.4925 -8.0500 0
5.5181 -7.9664 0
7.3385 -9.7745 0
4.8444 -9.2988 0
6.4708 -7.4039 0
5.0628 -7.7130 0
7.6747 -7.0730 0
6.5476 -6.8365 0
6.1592 -8.4119 0
6.3524 -7.9557 0
6.0559 -6.7403 0
5.8871 -7.4873 0
6.1553 -8.4352 0
6.5639 -5.7934 0
4.5285 -9.4082 0
7.7775 -6.9493 0
5.3558 -9.0352 0
6.3553 -7.7348 0
4.1723 -8.1570 0
5.5618 -6.8807 0
4.8681 -8.1068 0
5.5347 -7.8880 0
10.8721 -7.5559 1
8.6353 -7.2092 1
10.0466 -8.2839 1
10.5765 -7.0498 1
9.4288 -8.0199 1
9.6500 -11.2633 1
9.1052 -9.0497 1
10.9293 -8.6902 1
10.0663 -8.0672 1
7.8486 -9.4685 1
10.3421 -8.0044 1
10.1180 -8.6896 1
11.2708 -8.2453 1
8.8954 -8.1179 1
10.1472 -6.3664 1
10.3441 -8.4426 1
8.6348 -8.1905 1
7.8141 -9.7978 1
9.2505 -7.0028 1
12.0069 -6.6456 1
11.3549 -6.0636 1
10.3079 -8.8928 1
10.0794 -8.7763 1
9.4568 -9.4047 1
10.0371 -6.5998 1
12.0485 -7.9011 1
10.5560 -8.7752 1
9.8052 -9.0637 1
11.7245 -8.9234 1
9.8860 -8.4922 1
10.7549 -7.5665 1
10.3913 -7.1310 1
9.3996 -7.1982 1
9.5846 -7.6556 1
9.8398 -9.4659 1
11.2393 -6.5062 1
10.4838 -7.3133 1
9.5420 -7.0635 1
11.4110 -7.8855 1
8.7384 -7.6923 1
8.2819 -9.2936 1
11.1564 -6.5677 1
10.3079 -8.2325 1
10.6121 -6.8730 1
10.9558 -8.6893 1
10.7614 -8.7277 1
9.1273 -8.8381 1
11.0003 -5.3716 1
8.6080 -8.4706 1
10.2561 -8.4403 1
9.8145 -9.2285 1
9.3632 -7.5838 1
9.9972 -9.7372 1
7.9969 -6.8854 1
9.1410 -8.9509 1
10.6622 -6.6082 1
10.1287 -9.6961 1
10.4481 -7.8644 1
9.5285 -8.5925 1
10.8694 -6.1512 1
10.4484 -7.5420 1
9.6733 -6.4540 1
10.3050 -7.3114 1
10.5283 -7.8417 1
9.7705 -7.5344 1
10.1391 -8.7386 1
11.1795 -7.7920 1
9.1691 -8.7427 1
10.8621 -8.4874 1
10.2295 -9.5304 1
9.2273 -8.1349 1
11.5154 -5.7802 1
8.4831 -8.5953 1
11.9025 -7.5980 1
10.4519 -7.5137 1
9.4858 -8.4985 1
9.5171 -7.8489 1
10.7290 -7.1835 1
10.4597 -8.2886 1
10.0711 -7.6589 1
7.7184 -7.5297 1
11.3802 -6.6427 1
9.2228 -8.1316 1
10.2782 -7.2570 1
11.6909 -7.4722 1
9.4415 -7.1802 1
9.5132 -8.4880 1
10.4781 -8.0869 1
10.0536 -7.4917 1
8.5009 -8.1566 1
10.4435 -7.3693 1
9.0543 -7.3864 1
10.3496 -7.9059 1
10.9717 -7.5303 1
10.6835 -8.9675 1
9.0391 -6.8675 1
8.0761 -9.8283 1
10.5189 -7.5130 1
9.8047 -7.5451 1
11.4277 -5.9152 1
11.0974 -6.6298 1
9.6716 -8.0854 1
10.1622 -8.7924 1
11.4107 -7.3051 1
9.0523 -7.9823 1
12.1093 -7.0579 1
9.1459 -9.2689 1
7.8655 -10.9535 1
9.0670 -8.9017 1
9.4140 -8.1224 1
10.1021 -7.0814 1
9.7531 -7.5776 1
9.9531 -8.3618 1
11.1742 -7.6365 1
8.9062 -8.5285 1
9.0772 -8.6190 1
9.8401 -6.8445 1
9.3894 -8.2759 1
8.2134 -8.8968 1
9.8450 -8.0398 1
9.6079 -7.9466 1
8.7880 -7.3202 1
8.9525 -8.1737 1
9.5965 -8.7500 1
10.5933 -8.1185 1
9.2442 -8.5260 1
9.4431 -7.0667 1
10.4616 -9.7475 1
9.6194 -8.0688 1
10.4586 -9.5459 1
9.8459 -8.9328 1
9.8369 -7.8811 1
9.5818 -8.1529 1
9.7760 -7.6447 1
8.8665 -9.6630 1
9.4483 -7.2373 1
9.2977 -9.4990 1
10.1958 -7.0001 1
10.0293 -8.9275 1
10.4222 -7.4068 1
10.3538 -8.7503 1
11.4883 -6.3327 1
8.2816 -7.3355 1
11.5474 -9.0946 1
11.4737 -8.6021 1
9.5242 -7.4371 1
11.8400 -6.3148 1
9.2310 -8.8025 1
9.4108 -8.5227 1
9.1573 -7.6296 1
12.1474 -6.6892 1
10.8736 -6.0758 1
9.1870 -7.1260 1
9.8711 -8.3636 1
9.5588 -8.7445 1
11.5226 -6.6765 1
10.5449 -8.1443 1
8.8046 -8.5068 1
9.0940 -8.2591 1
11.3724 -6.5296 1
1.1092 -12.9789 2
2.9563 -10.8916 2
2.3622 -11.5360 2
1.5662 -11.9932 2
2.7316 -12.2788 2
1.1364 -13.8075 2
2.4905 -10.7116 2
1.4819 -12.2886 2
1.8475 -12.0655 2
2.1970 -12.1495 2
0.4057 -12.6043 2
2.7115 -10.0255 2
0.7179 -11.1268 2
1.4575 -13.4370 2
3.8169 -10.3612 2
1.1816 -11.9956 2
1.6054 -11.1355 2
2.3994 -12.7797 2
3.4460 -10.9637 2
2.2116 -12.0210 2
2.3043 -11.1064 2
1.1230 -11.1936 2
2.2074 -10.4887 2
1.8233 -11.6597 2
1.6934 -11.7132 2
2.2168 -10.8362 2
1.7158 -13.5934 2
2.5948 -11.1739 2
2.3638 -12.1433 2
1.6036 -12.1010 2
0.4792 -13.2058 2
1.8275 -11.3909 2
1.5462 -11.9874 2
3.3116 -11.3994 2
3.1285 -11.1176 2
2.4866 -12.0670 2
3.0189 -11.8028 2
1.8435 -10.1884 2
2.9946 -13.3615 2
1.6313 -12.5834 2
3.7717 -10.7225 2
2.6258 -11.9797 2
0.8521 -12.9697 2
1.8099 -12.2190 2
2.1363 -11.7823 2
1.7606 -11.9992 2
1.1196 -11.4284 2
1.7992 -12.0506 2
1.3387 -12.0144 2
2.1508 -11.5946 2
2.5656 -13.3574 2
1.7468 -12.4533 2
1.7965 -12.0886 2
1.6575 -13.0408 2
1.3165 -10.1386 2
2.8562 -11.2121 2
1.1467 -11.0004 2
2.7072 -13.6525 2
1.3144 -11.5780 2
1.1236 -11.5429 2
1.3559 -13.3913 2
2.4485 -11.8800 2
0.5759 -12.2902 2
3.2097 -9.2609 2
0.8389 -11.1058 2
2.3377 -10.9221 2
0.6726 -13.4240 2
2.1600 -12.1565 2
2.2533 -12.4257 2
1.6133 -13.5398 2
2.6149 -10.9065 2
2.3969 -10.4712 2
3.6710 -12.3242 2
0.1547 -12.5996 2
1.6629 -12.8557 2
1.8960 -14.0109 2
1.5291 -11.6229 2
2.6927 -12.3182 2
2.0497 -12.8804 2
1.5923 -12.3772 2
2.2373 -12.3431 2
1.5612 -12.6218 2
1.6592 -11.8218 2
1.2606 -12.4015 2
1.6568 -11.9906 2
0.9526 -12.4812 2
-0.2713 -13.1036 2
3.2028 -12.2187 2
1.8858 -12.9489 2
2.9665 -10.3085 2
0.7999 -12.1881 2
4.2416 -9.5561 2
3.1744 -12.3581 2
3.8230 -11.8440 2
1.9053 -10.7326 2
1.7472 -11.8300 2
2.4214 -9.8918 2
2.4170 -11.8729 2
2.5812 -10.6040 2
2.7714 -12.1107 2
1.8637 -12.6614 2
2.2963 -10.0757 2
2.1158 -10.6180 2
2.5849 -12.2021 2
1.6972 -13.8538 2
2.8072 -11.1838 2
0.6505 -13.5388 2
0.6462 -12.5615 2
2.1822 -12.1595 2
1.8745 -12.1400 2
1.1422 -13.1637 2
1.1587 -13.1513 2
1.0614 -11.8792 2
2.8751 -13.4662 2
0.2723 -10.9886 2
2.3585 -14.2483 2
1.5105 -12.1269 2
2.4903 -11.7932 2
3.7204 -9.7196 2
2.4292 -11.5345 2
1.9241 -12.3313 2
1.5415 -13.0583 2
2.5196 -12.4447 2
3.2578 -11.4806 2
2.9942 -11.4494 2
1.2985 -14.2976 2
2.0150 -11.2939 2
0.8156 -12.2731 2
0.8813 -12.8255 2
2.9865 -12.2366 2
3.0062 -9.9030 2
3.3241 -10.8562 2
1.7730 -12.0852 2
1.1647 -10.2538 2
3.0528 -11.9185 2
1.0613 -13.3288 2
0.5186 -13.1136 2
3.1415 -11.3804 2
0.9036 -12.1376 2
0.1828 -12.4159 2
2.4193 -12.9998 2
2.1447 -11.7916 2
0.0179 -12.4113 2
0.0198 -11.1319 2
1.7737 -11.1578 2
2.6199 -10.5972 2
2.6658 -11.7201 2
2.3282 -11.1086 2
4.1200 -10.3097 2
1.7634 -11.0645 2
2.3656 -10.5027 2
2.0832 -11.2388 2
2.3269 -11.5513 2
1.2404 -13.4856 2
2.7132 -11.6341 2
3.4399 -10.9934 2
1.6734 -12.5470 2
1.9882 -11.7104 2
2.1503 -11.2369 2
1.3755 -11.2268 2
-12.0050 5.9643 3
-11.7649 6.2746 3
-13.0186 6.0394 3
-11.8788 6.8648 3
-12.3352 7.5140 3
-12.0453 4.9364 3
-12.5796 6.2018 3
-12.6542 7.0385 3
-10.6857 7.6037 3
-12.7454 7.1175 3
-14.0795 3.8876 3
-10.7332 9.0274 3
-12.9658 7.5041 3
-11.2374 6.4479 3
-12.0978 6.9025 3
-11.5243 6.9073 3
-11.5260 7.1198 3
-12.6041 5.7160 3
-10.7281 8.9197 3
-12.9004 7.7095 3
-11.9350 6.8421 3
-12.7780 7.1269 3
-11.6133 6.4141 3
-11.5047 7.8074 3
-10.8743 7.1780 3
-11.2086 7.9002 3
-13.1510 5.5333 3
-12.4476 7.2870 3
-11.2659 6.9702 3
-11.0745 7.3553 3
-13.1389 6.9894 3
-12.2160 6.6366 3
-12.7621 6.2656 3
-10.9757 7.6867 3
-12.7583 6.7554 3
-12.2944 5.2795 3
-11.2259 7.9224 3
-10.6078 8.0539 3
-12.6491 6.1277 3
-10.7319 8.0258 3
-10.6452 8.9033 3
-11.1107 7.4421 3
-11.9177 6.1567 3
-12.6854 7.5736 3
-10.9929 5.1772 3
-13.7507 5.4122 3
-14.3201 4.9515 3
-11.9731 6.8257 3
-12.5369 6.2714 3
-12.2409 7.9073 3
-12.3101 7.2792 3
-11.2270 7.4431 3
-12.1888 6.6542 3
-12.7046 7.0678 3
-13.7625 6.6313 3
-12.4755 8.0409 3
-11.7354 7.1083 3
-13.8078 6.5726 3
-10.9474 7.7196 3
-11.1096 6.6743 3
-11.2890 8.7566 3
-10.0417 6.3511 3
-12.6896 6.4583 3
-9.8977 6.6996 3
-13.4832 7.1652 3
-11.6993 6.2321 3
-12.2274 7.2752 3
-12.2203 5.8017 3
-13.7571 7.4257 3
-13.3930 8.4438 3
-12.6994 7.0976 3
-10.8850 6.1237 3
-10.3185 7.9469 3
-10.6539 8.2347 3
-12.1736 6.7744 3
-13.1734 7.1684 3
-11.4974 7.4939 3
-10.5236 6.4259 3
-10.4262 7.7230 3
-12.1118 6.5743 3
-11.3487 8.3007 3
-9.5039 7.8143 3
-13.1650 7.4710 3
-12.2212 6.1354 3
-14.0174 6.9237 3
-11.4773 7.6821 3
-13.3255 5.1033 3
-12.1250 6.8810 3
-13.9088 5.9178 3
-11.8748 5.5470 3
-10.9764 9.3096 3
-13.1495 5.6314 3
-11.3974 8.4113 3
-13.4316 6.2243 3
-11.9551 7.7016 3
-12.2196 6.6679 3
-12.6853 7.3101 3
-12.5423 6.9061 3
-10.8725 7.5171 3
-12.2925 5.7683 3
-11.2070 7.3832 3
-12.3160 5.2855 3
-12.9981 6.4639 3
-10.9580 6.8884 3
-13.5839 7.2992 3
-11.3077 7.1065 3
-12.8029 7.0886 3
-12.2717 6.8785 3
-12.7272 8.4017 3
-10.8657 8.1888 3
-11.5339 7.3611 3
-9.6665 6.9027 3
-12.6450 6.6527 3
-10.9749 6.8717 3
-12.2635 7.4878 3
-10.2913 6.8011 3
-13.6713 5.3103 3
-12.2039 8.1654 3
-12.4723 7.8611 3
-11.8163 7.4084 3
-12.1426 6.2052 3
-12.7673 8.5895 3
-9.8881 5.6321 3
-11.4366 7.1949 3
-11.5434 8.1345 3
-11.4379 7.2295 3
-11.8892 7.2129 3
-11.8270 6.1839 3
-11.8461 5.7949 3
-11.4345 7.2195 3
-12.5498 6.5416 3
-12.4851 6.1797 3
-11.7116 6.4770 3
-12.1126 8.0935 3
-10.6130 8.8433 3
-12.1576 6.5988 3
-11.7137 6.8252 3
-11.3407 7.6555 3
-13.1150 7.8643 3
-10.8782 9.3123 3
-12.5070 8.3340 3
-13.0584 5.5888 3
-11.2488 7.2100 3
-12.4425 6.3182 3
-12.5207 6.9257 3
-11.0801 6.6191 3
-11.5649 8.0785 3
-12.6079 7.9475 3
-14.4508 7.5897 3
-11.3950 8.8292 3
-10.7833 5.9534 3
-11.9063 7.9405 3
-11.4062 7.4101 3
-10.9666 7.1016 3
-11.3221 8.0056 3
-11.6438 6.7432 3
-11.8276 6.2734 3
-12.7151 6.7068 3
-10.4546 8.9844 3
-10.2055 8.4559 3
-13.1097 11.2994 4
-12.4827 12.6612 4
-13.7420 11.9354 4
-12.2200 11.0451 4
-11.6451 11.5982 4
-12.0147 11.8095 4
-13.5688 9.3382 4
-12.6053 11.7977 4
-13.2275 10.2302 4
-11.1432 11.8827 4
-13.8456 9.7405 4
-10.7573 12.5279 4
-12.5479 10.1744 4
-13.0274 9.5037 4
-13.0210 12.4884 4
-13.1490 11.2425 4
-13.3567 11.8863 4
-12.4068 12.1692 4
-12.9028 11.0064 4
-13.0423 11.0084 4
-13.5851 10.5539 4
-13.4935 10.7464 4
-11.4274 11.4436 4
-13.0350 9.7377 4
-13.2959 11.0475 4
-13.4930 10.7487 4
-14.2936 9.7295 4
-13.9596 10.0846 4
-13.4923 8.7193 4
-12.0304 12.2008 4
-12.9814 11.9777 4
-12.8215 10.8196 4
-12.0831 11.2055 4
-11.6934 12.1044 4
-15.2264 9.7060 4
-11.3278 9.7607 4
-14.2763 10.5057 4
-14.2996 11.2038 4
-13.6594 10.1839 4
-13.7009 10.3067 4
-12.1143 11.1012 4
-13.5235 10.6397 4
-13.5404 12.6455 4
-14.1390 10.4161 4
-13.7778 10.2088 4
-14.5973 9.6534 4
-12.6025 10.1570 4
-13.1524 10.7843 4
-13.8923 9.9569 4
-13.6022 11.6166 4
-12.2579 11.1396 4
-13.6031 11.8828 4
-13.0102 10.6338 4
-14.5608 11.7940 4
-14.7438 7.9405 4
-13.1297 11.0121 4
-12.2874 10.5455 4
-14.4435 9.3754 4
-12.4491 12.1263 4
-11.8096 10.6220 4
-13.2614 11.2846 4
-13.7237 8.8080 4
-12.1303 12.0085 4
-15.1839 8.3146 4
-12.3682 10.5232 4
-11.8081 9.3057 4
-13.1078 11.1903 4
-12.5469 11.3176 4
-12.9523 11.3428 4
-14.6777 10.0896 4
-12.8507 12.3707 4
-15.5551 9.9781 4
-13.2096 10.7606 4
-13.0049 11.3679 4
-11.8185 11.7587 4
-13.2857 10.6626 4
-13.6854 9.7363 4
-12.4872 11.6670 4
-13.9984 11.0737 4
-13.7357 10.5995 4
-12.1437 10.6167 4
-13.5974 8.9247 4
-12.6542 13.4980 4
-11.7874 9.2768 4
-12.5928 12.1479 4
-13.0223 10.5673 4
-12.2374 10.0200 4
-13.1603 9.6741 4
-12.3527 10.4498 4
-13.8781 10.6253 4
-11.7642 11.5358 4
-14.4952 8.1615 4
-12.8126 10.7071 4
-13.6770 11.3421 4
-13.8976 9.2460 4
-13.8515 11.6183 4
-13.5304 11.1726 4
-12.1838 12.0385 4
-12.1296 10.0819 4
-14.0587 9.8454 4
-12.1144 10.2718 4
-12.9335 11.0244 4
-13.4789 11.6058 4
-11.5443 11.4248 4
-14.0964 9.9904 4
-12.2314 10.5468 4
-11.5421 11.9937 4
-13.9944 10.1529 4
-13.0663 11.9024 4
-11.8764 11.7566 4
-14.8093 10.7794 4
-13.8351 11.5925 4
-14.4135 11.4854 4
-13.2531 11.4185 4
-13.9268 10.8152 4
-12.8982 10.9515 4
-11.7458 12.1704 4
-16.2077 9.4260 4
-13.3945 10.9267 4
-14.1687 10.0182 4
-14.5623 11.0288 4
-13.4232 11.4790 4
-12.3398 11.5813 4
-13.4612 10.8991 4
-13.2036 11.7785 4
-13.9600 10.7036 4
-12.9003 10.5058 4
-12.9338 9.7917 4
-14.4115 9.3498 4
-10.9810 13.3749 4
-13.1424 10.5033 4
-14.2425 9.7933 4
-13.2914 12.4595 4
-14.0050 10.9968 4
-12.7984 11.6247 4
-13.4305 10.5602 4
-13.9491 10.4196 4
-13.4313 10.9786 4
-12.6488 10.3199 4
-13.4076 10.2048 4
-12.6785 10.9111 4
-15.2170 10.2665 4
-12.9550 10.9708 4
-14.2753 11.8258 4
-13.2581 11.1074 4
-12.7605 12.3978 4
-13.2941 10.9556 4
-11.1768 13.1215 4
-14.0374 9.3160 4
-13.7964 10.7772 4
-11.5584 11.5970 4
-14.6557 9.0119 4
-12.6290 12.0203 4
-14.1135 9.8901 4
-12.7628 13.0196 4
-11.4615 10.5268 4
-12.1312 8.9780 4
-12.9789 10.8618 4
-12.8227 10.3499 4
-13.6927 10.6556 4
