6.1610 9.8200 0
4.2421 7.7806 0
4.4416 8.4668 0
2.1436 6.9503 0
4.0276 10.0534 0
4.3479 9.3874 0
5.7430 9.8080 0
3.5982 8.6131 0
1.9946 7.0099 0
4.6468 10.0852 0
6.1386 10.5268 0
2.4762 8.4163 0
2.8608 6.5877 0
2.7409 8.1910 0
3.3640 9.5571 0
3.7630 9.1033 0
3.4239 8.6325 0
4.3318 8.6956 0
2.2362 7.2455 0
3.9147 11.1742 0
2.2802 8.0943 0
4.0284 9.7276 0
1.7513 8.6629 0
4.6952 10.3315 0
3.9086 10.1328 0
4.2299 8.5545 0
3.2825 9.6551 0
4.2937 9.9073 0
3.6804 9.9984 0
4.0611 8.3757 0
3.5042 8.0644 0
4.9446 9.6360 0
3.3661 9.8064 0
3.1235 9.1569 0
4.0176 7.6241 0
4.2839 9.2167 0
4.9322 8.0661 0
3.3580 9.3032 0
3.2147 8.7067 0
1.9430 8.0118 0
3.3307 8.5040 0
3.9929 8.4904 0
4.1916 8.2947 0
4.6757 8.3582 0
4.0929 8.1727 0
4.2553 9.9472 0
5.5981 7.7557 0
4.8116 9.9416 0
4.4825 8.8754 0
5.9197 8.6350 0
3.3643 8.6770 0
4.1138 9.0815 0
3.8941 9.6462 0
4.7884 8.1689 0
3.1083 10.3615 0
3.5441 8.5957 0
4.0653 8.7721 0
4.6428 8.2665 0
4.6107 9.4214 0
4.5239 8.0179 0
3.9176 8.5487 0
5.0551 8.6390 0
2.3097 8.7705 0
4.3072 7.3368 0
3.6579 8.4394 0
3.7681 8.7066 0
3.7700 9.6022 0
3.2747 7.6015 0
4.6772 9.3603 0
4.1757 9.8802 0
5.9671 10.7742 0
4.2326 9.4256 0
4.2194 11.1748 0
2.3760 8.8672 0
5.1865 9.8570 0
4.7198 10.4900 0
5.1840 8.9923 0
3.3334 9.7409 0
4.7484 9.8816 0
3.0350 8.5913 0
3.7647 9.2401 0
4.2930 8.3885 0
5.2233 8.7640 0
5.7530 9.2476 0
3.2096 8.4365 0
5.5486 9.8813 0
5.3218 8.9538 0
4.3394 9.2691 0
4.7849 9.0000 0
4.0766 8.0401 0
5.6233 8.6975 0
4.6297 9.4894 0
4.3925 8.4605 0
4.6218 9.3519 0
3.3710 7.5092 0
5.3515 9.3640 0
2.5666 8.0179 0
2.7592 8.6605 0
5.0405 8.9211 0
4.3695 10.0254 0
4.1899 8.2398 0
3.8596 9.9012 0
4.0539 9.4970 0
2.5924 8.5163 0
3.7763 8.4438 0
4.5340 9.0418 0
4.0505 8.5343 0
5.1468 8.6891 0
4.2634 6.6414 0
4.5400 10.4598 0
4.6485 11.0432 0
3.6830 9.5654 0
3.1902 8.1493 0
3.9796 9.4064 0
2.7349 8.1758 0
4.9618 9.3584 0
3.7103 8.9388 0
3.3694 9.3391 0
4.3414 9.5274 0
4.2145 9.5933 0
4.8850 10.1994 0
2.3245 9.0228 0
5.3237 9.6097 0
3.4059 8.3378 0
4.3790 8.6440 0
4.1451 9.4337 0
2.0049 8.6981 0
3.0501 8.6623 0
4.8153 10.1819 0
1.1263 6.4414 0
3.9332 7.9958 0
3.4025 7.3940 0
5.1798 10.6373 0
5.2095 8.3995 0
4.5018 9.5394 0
5.0941 10.1097 0
4.2153 8.9029 0
4.5411 9.5966 0
4.6402 8.5510 0
4.8991 8.4919 0
3.7270 10.2440 0
3.8547 6.9243 0
3.5306 7.9900 0
4.3073 8.6057 0
3.8556 10.1478 0
4.1529 8.1323 0
2.0111 8.1478 0
5.1301 9.8819 0
4.3565 8.3459 0
1.9545 7.8094 0
2.8255 9.0255 0
3.4272 6.7911 0
4.0076 9.0146 0
3.5200 8.7619 0
4.0984 7.9550 0
6.2545 10.1826 0
4.2394 7.7992 0
2.5816 9.0276 0
4.7308 8.8210 0
2.5368 7.1885 0
-8.6715 -16.7296 1
-8.2899 -15.1723 1
-5.9008 -13.5742 1
-10.0676 -15.1045 1
-9.7647 -15.9843 1
-6.9920 -14.0374 1
-8.0612 -17.9712 1
-9.0565 -15.8403 1
-8.2320 -13.6819 1
-8.5627 -13.0039 1
-8.6065 -14.1298 1
-7.9542 -13.5647 1
-8.4984 -14.9849 1
-7.2753 -15.4248 1
-8.2493 -15.3910 1
-8.5399 -15.7857 1
-9.3686 -16.2066 1
-6.7749 -14.5464 1
-7.9100 -15.8365 1
-7.4552 -14.9214 1
-8.1273 -15.2365 1
-7.7369 -15.3152 1
-8.9838 -15.5083 1
-6.8805 -15.5283 1
-7.7480 -15.4780 1
-8.3391 -14.6854 1
-7.1693 -14.2443 1
-7.8866 -14.9448 1
-9.6739 -16.2150 1
-7.3959 -15.4757 1
-8.2192 -16.0409 1
-8.6150 -15.1045 1
-9.0706 -14.2793 1
-8.1627 -15.8163 1
-9.8715 -14.2170 1
-8.2486 -16.2186 1
-7.2989 -15.5865 1
-8.7496 -14.1648 1
-8.8656 -15.3519 1
-7.9675 -13.6415 1
-8.0296 -14.8474 1
-8.1430 -15.1700 1
-8.6285 -14.8818 1
-9.9146 -16.4751 1
-9.1039 -17.4328 1
-7.0328 -12.3643 1
-8.2415 -14.1250 1
-7.6615 -13.6203 1
-7.1101 -15.6684 1
-7.1332 -14.5554 1
-6.9812 -14.0910 1
-10.2758 -15.4124 1
-6.8950 -14.8412 1
-9.6023 -15.6567 1
-6.8155 -14.3406 1
-8.9108 -15.1355 1
-7.9616 -14.7633 1
-7.5914 -15.6556 1
-7.9664 -15.9856 1
-8.8630 -14.8071 1
-8.6083 -14.4966 1
-7.7993 -15.1603 1
-8.8966 -15.7836 1
-5.9250 -14.3656 1
-7.3539 -13.3137 1
-7.8752 -13.9559 1
-7.3168 -15.3099 1
-7.1495 -15.3959 1
-7.8919 -15.0226 1
-9.2975 -16.5119 1
-7.7255 -12.8349 1
-7.9134 -15.6341 1
-6.7161 -14.7148 1
-8.1277 -15.1275 1
-6.2984 -13.2268 1
-6.8814 -14.4367 1
-7.6836 -15.5004 1
-7.8884 -13.8099 1
-8.3522 -15.9460 1
-7.4028 -14.5369 1
-7.8164 -16.3740 1
-8.1700 -13.3884 1
-9.5221 -15.9425 1
-8.0651 -14.3871 1
-7.4083 -15.4170 1
-7.2746 -16.1699 1
-8.3220 -14.5787 1
-8.3947 -14.0639 1
-8.9587 -15.6588 1
-7.4840 -15.1786 1
-8.7014 -15.8790 1
-8.2463 -13.5704 1
-8.8877 -13.8856 1
-9.1470 -15.3151 1
-8.0434 -14.8746 1
-8.2160 -14.2737 1
-6.2666 -14.3865 1
-8.1932 -15.9497 1
-8.7515 -14.7495 1
-6.2211 -13.1565 1
-6.3948 -15.3399 1
-8.1440 -14.8668 1
-10.0870 -16.8788 1
-10.1597 -16.3329 1
-7.4303 -14.8276 1
-9.8746 -15.7744 1
-5.9387 -15.4272 1
-7.3019 -14.6063 1
-6.4920 -13.9266 1
-7.3375 -12.9722 1
-8.8201 -14.7336 1
-8.9718 -17.6109 1
-9.0913 -14.2954 1
-7.2596 -14.8357 1
-7.0034 -15.9616 1
-7.4387 -15.1734 1
-8.6024 -16.0130 1
-6.3740 -13.2570 1
-8.0078 -14.8000 1
-5.9271 -14.6894 1
-7.1671 -12.5183 1
-9.1454 -16.0016 1
-6.3625 -15.0670 1
-8.4397 -14.8227 1
-7.3314 -14.6590 1
-6.7440 -13.6702 1
-9.8825 -13.3560 1
-8.1604 -16.2088 1
-9.3722 -16.7885 1
-7.4273 -15.6844 1
-6.8169 -15.7152 1
-7.6944 -15.2172 1
-8.8074 -16.3257 1
-6.9740 -15.5698 1
-8.3101 -14.4374 1
-8.5526 -14.0433 1
-7.1332 -15.6933 1
-8.5661 -15.1548 1
-7.8133 -14.7167 1
-7.4950 -15.6466 1
-7.1106 -13.6161 1
-7.9510 -14.2993 1
-9.1036 -16.1933 1
-7.6871 -15.8650 1
-7.1565 -15.5359 1
-6.7940 -15.1333 1
-7.4665 -13.2106 1
-9.9485 -15.8478 1
-7.4449 -14.5921 1
-6.4348 -12.8550 1
-8.6704 -13.9382 1
-8.8394 -15.1637 1
-7.7120 -15.4331 1
-6.8916 -15.1085 1
-9.1912 -16.3595 1
-9.0809 -14.9477 1
-7.5008 -14.0423 1
-9.2015 -14.9542 1
-8.2120 -15.0375 1
-9.2560 -16.9586 1
-15.4160 -11.7719 2
-14.1770 -12.9868 2
-14.1903 -12.8377 2
-14.0549 -11.4805 2
-14.3333 -12.1804 2
-15.6992 -12.4644 2
-14.8008 -12.3793 2
-13.3488 -11.0158 2
-14.1711 -13.9247 2
-13.4508 -11.5277 2
-13.3785 -10.3076 2
-13.3374 -11.7964 2
-13.3606 -12.3242 2
-14.3056 -10.2868 2
-14.6139 -11.9394 2
-14.2489 -13.5716 2
-14.1303 -11.7806 2
-13.2414 -12.1654 2
-13.9765 -13.0448 2
-14.1915 -11.7246 2
-14.7430 -13.0799 2
-13.3468 -12.3434 2
-15.2501 -13.0002 2
-12.5818 -12.3112 2
-12.6700 -11.2623 2
-14.3004 -14.0804 2
-13.6496 -13.2981 2
-13.6087 -12.5646 2
-16.1608 -11.9916 2
-12.3195 -10.5846 2
-12.8758 -11.6432 2
-14.0435 -11.9383 2
-15.3448 -11.1396 2
-15.4467 -10.9464 2
-13.1140 -11.2917 2
-13.9397 -10.8908 2
-14.5741 -12.4946 2
-14.5775 -12.2476 2
-12.1274 -10.7897 2
-15.6371 -11.1889 2
-14.8854 -12.6128 2
-15.0621 -11.4940 2
-16.3066 -11.6620 2
-13.4166 -10.6394 2
-14.2710 -11.2195 2
-14.6914 -12.2998 2
-13.7203 -13.1920 2
-13.2982 -11.1274 2
-12.7776 -11.0554 2
-11.8327 -11.8990 2
-13.4297 -11.6237 2
-15.1671 -12.7262 2
-13.6007 -12.0481 2
-11.9553 -11.4129 2
-14.6825 -13.3173 2
-14.2718 -12.2154 2
-14.2459 -11.7272 2
-14.3338 -11.5500 2
-15.2388 -12.1747 2
-16.7410 -12.7759 2
-15.6352 -12.1675 2
-14.4669 -12.5759 2
-13.1901 -12.8580 2
-16.1365 -13.5226 2
-12.1466 -10.4532 2
-13.9241 -12.8382 2
-15.4599 -12.8210 2
-12.9989 -10.6424 2
-13.2171 -11.6510 2
-13.3503 -11.2515 2
-14.0143 -12.9112 2
-16.7305 -14.2450 2
-14.2782 -11.1631 2
-13.5081 -12.5212 2
-15.0960 -13.1251 2
-15.3586 -11.4817 2
-14.7829 -12.2684 2
-15.5200 -12.7763 2
-13.4964 -10.9480 2
-11.8385 -11.3601 2
-13.4817 -12.0455 2
-14.3101 -10.5121 2
-14.8865 -12.6683 2
-13.6873 -11.9684 2
-14.4439 -11.5653 2
-14.9904 -12.3476 2
-14.3477 -10.7583 2
-13.0533 -11.6732 2
-14.3310 -10.8457 2
-16.3701 -12.6466 2
-14.8968 -12.6412 2
-14.9810 -13.4375 2
-14.7556 -13.0761 2
-15.2303 -11.4957 2
-13.7083 -13.7698 2
-15.5076 -12.1112 2
-14.5178 -12.8474 2
-13.7399 -10.8008 2
-14.3053 -12.5490 2
-14.6854 -14.3872 2
-14.6686 -13.4111 2
-11.2516 -10.3250 2
-14.2455 -12.7634 2
-14.4733 -14.0075 2
-12.6408 -12.7629 2
-13.6894 -11.2555 2
-14.2152 -12.2975 2
-12.5352 -11.7202 2
-13.6314 -10.6519 2
-14.5385 -11.7549 2
-13.5406 -12.9909 2
-12.7979 -10.9870 2
-14.7872 -11.7200 2
-15.7037 -12.0373 2
-16.1665 -13.6375 2
-12.3852 -12.2703 2
-11.7653 -11.0109 2
-14.0906 -10.5602 2
-13.5145 -10.9439 2
-12.9003 -12.7647 2
-13.2855 -12.2449 2
-14.3592 -12.6775 2
-13.3751 -13.0173 2
-14.1054 -11.2632 2
-13.4118 -11.0807 2
-13.5378 -12.4799 2
-13.4597 -11.4633 2
-13.1505 -11.7828 2
-14.6049 -11.5848 2
-14.1933 -12.7257 2
-12.8234 -12.0087 2
-14.6278 -11.9199 2
-13.8719 -14.2591 2
-13.6797 -12.3193 2
-13.1318 -11.3383 2
-14.9998 -13.7901 2
-14.4791 -13.0452 2
-12.5295 -11.3234 2
-11.8029 -12.2136 2
-14.3090 -13.6120 2
-12.5074 -11.8882 2
-14.4202 -10.3672 2
-15.4372 -13.5599 2
-13.9938 -13.0154 2
-14.2922 -11.7485 2
-15.3615 -14.7834 2
-11.7907 -10.5803 2
-15.0989 -10.8214 2
-14.5433 -12.4459 2
-13.7969 -12.0799 2
-13.7342 -11.9821 2
-15.4686 -12.7741 2
-13.7933 -13.1432 2
-13.6187 -11.8975 2
-13.7905 -13.0093 2
-12.7005 -12.4423 2
-15.4210 -11.9461 2
-15.6518 -12.5470 2
-13.6078 -11.4567 2
-14.4424 -12.1921 2
2.5704 13.7579 3
-0.0131 13.6532 3
2.1959 15.0571 3
5.3497 15.5856 3
3.4008 15.6790 3
0.7104 14.0815 3
0.4794 13.1064 3
2.1621 13.2868 3
1.1000 12.8931 3
2.4813 13.7896 3
2.1190 14.1979 3
3.3268 16.6518 3
1.8360 13.7451 3
2.3031 13.9254 3
3.7808 14.1084 3
1.5566 13.8843 3
1.7246 13.7228 3
1.7483 14.2864 3
1.8387 15.5776 3
1.3479 14.2989 3
2.6290 12.2837 3
1.6783 16.5706 3
-0.4587 12.2398 3
2.3289 13.8365 3
1.1007 12.3360 3
1.6899 15.0141 3
0.9034 13.3777 3
1.7802 13.2609 3
1.7924 14.1610 3
1.8987 14.8560 3
0.6972 13.2679 3
2.3414 15.4843 3
3.2928 15.5542 3
0.5359 13.0381 3
2.0290 13.9539 3
1.7209 13.6472 3
1.4284 13.3370 3
3.1470 15.2284 3
3.1579 15.9581 3
1.4599 12.0387 3
0.9191 13.2607 3
1.4896 13.0943 3
1.3884 13.8649 3
2.4647 13.7059 3
2.0728 13.6444 3
1.8952 12.5562 3
2.4758 13.9090 3
2.2632 14.5541 3
3.0466 13.8207 3
3.4854 14.9916 3
0.1293 13.0881 3
1.2863 14.5167 3
4.2291 15.0498 3
1.7859 14.3208 3
2.3414 14.8658 3
1.6775 14.7332 3
3.8349 15.4365 3
1.5640 15.7308 3
1.2376 14.3172 3
1.2713 12.1877 3
2.8210 14.3714 3
1.6262 14.2876 3
2.2151 14.5331 3
3.1013 14.4093 3
2.7945 14.8195 3
0.8214 13.9033 3
2.4812 14.4663 3
2.9867 16.1477 3
3.7877 13.8488 3
2.3536 13.9548 3
2.0864 12.4862 3
3.8002 15.9476 3
3.5988 14.9147 3
1.1182 12.8394 3
0.3829 13.8078 3
1.2162 13.4631 3
2.1579 15.0044 3
2.7307 13.0624 3
1.4452 14.9642 3
2.2004 13.7637 3
0.9011 13.1324 3
1.1584 14.5156 3
2.5284 13.7244 3
-0.0162 13.9264 3
1.7775 14.3285 3
2.3547 13.8237 3
1.7656 13.6639 3
0.6360 14.5574 3
3.1683 15.4373 3
0.0108 13.0032 3
0.4948 12.1609 3
2.5427 13.8514 3
1.8731 14.1751 3
1.5226 13.7100 3
1.0546 13.9864 3
1.3785 13.4324 3
3.3933 15.5911 3
1.6101 14.3378 3
2.8798 13.9898 3
2.0966 13.5470 3
2.2150 13.4337 3
2.0124 14.7742 3
1.0314 12.5704 3
-0.4438 12.4991 3
3.9995 14.0693 3
0.9245 12.3248 3
1.9692 14.5143 3
0.8343 13.4697 3
1.8003 11.4166 3
1.9740 14.1530 3
1.1141 13.6402 3
2.3264 12.9261 3
0.9005 14.2942 3
2.0871 13.1120 3
1.1338 13.0932 3
2.5578 14.7525 3
2.3637 14.8875 3
5.2902 14.4882 3
2.0396 14.6009 3
3.5361 14.0222 3
3.1369 14.2958 3
2.9081 14.0865 3
1.1625 14.1277 3
3.2152 12.4780 3
3.5160 14.4790 3
3.8319 14.0939 3
1.2923 13.4245 3
0.8949 14.1281 3
1.4214 14.5564 3
0.2473 14.9774 3
2.7489 15.0593 3
0.5596 13.6190 3
2.3040 13.8976 3
3.3420 13.5515 3
1.6489 13.1440 3
2.8288 14.0546 3
1.9236 14.6709 3
4.0337 15.0284 3
2.7626 14.3465 3
3.5471 13.6466 3
2.0415 12.5096 3
0.4047 13.4241 3
2.1622 14.6231 3
1.8008 15.7273 3
1.0361 12.2105 3
3.9544 14.7222 3
1.6206 13.8897 3
3.1548 12.7217 3
3.6357 15.3782 3
1.7311 13.6568 3
2.2777 13.8120 3
2.2275 15.1989 3
2.0131 14.7261 3
2.1358 14.5491 3
3.9761 15.2068 3
3.0771 13.8081 3
2.6750 14.8348 3
2.4389 13.5637 3
0.9963 13.8442 3
0.6630 13.0458 3
5.4629 3.1311 4
7.1829 2.9938 4
4.8186 3.4171 4
7.1648 2.7893 4
6.8227 4.0747 4
7.0952 3.7253 4
8.4664 4.9051 4
8.3865 3.8630 4
6.3367 3.5956 4
7.6008 5.3146 4
4.8167 0.8018 4
5.1952 4.3111 4
7.4620 2.6851 4
8.9463 4.6785 4
8.1784 3.8141 4
6.0737 1.8396 4
8.2822 4.2707 4
6.5463 3.5407 4
7.1463 3.0161 4
7.6015 3.0986 4
8.3915 4.8337 4
6.0762 2.1588 4
6.4541 6.7165 4
6.9265 4.0335 4
5.9159 4.8053 4
8.5218 5.8789 4
8.9901 5.3142 4
7.9992 6.6254 4
6.5548 4.8136 4
6.9069 3.4301 4
5.8752 1.9270 4
6.7305 4.6054 4
7.9630 4.7844 4
7.8870 3.1076 4
8.3098 2.5544 4
7.0640 4.3243 4
7.9762 5.2161 4
7.4368 2.2561 4
9.0685 3.8389 4
7.2129 6.2935 4
6.3741 4.7149 4
5.3515 3.8584 4
7.7253 3.7983 4
6.3399 3.5880 4
7.2261 3.6210 4
6.0333 2.7067 4
7.8721 3.9263 4
5.7450 3.4564 4
5.6760 3.1943 4
8.2645 3.6902 4
7.5403 4.9771 4
5.8061 2.4504 4
7.6554 4.8172 4
7.1637 4.2180 4
6.5912 3.9341 4
6.7486 5.2493 4
8.0387 3.1484 4
7.5444 3.6569 4
7.3137 4.7556 4
6.1736 5.1800 4
5.8914 3.5208 4
6.7696 3.3207 4
8.7452 4.2207 4
6.5887 4.7232 4
7.7983 3.0068 4
6.5905 4.9342 4
7.0077 3.8505 4
6.6469 2.6830 4
7.5356 4.5347 4
6.5981 4.0285 4
8.5348 6.0300 4
7.4177 3.9361 4
8.0392 4.0994 4
5.5548 3.5850 4
7.9518 2.9391 4
6.6488 2.7633 4
7.8931 5.0907 4
7.0478 4.3600 4
7.4426 4.3446 4
8.1827 3.5242 4
4.8513 2.7538 4
8.4169 5.6556 4
6.7385 3.5210 4
8.9803 4.6416 4
7.9829 3.4045 4
7.1365 3.3001 4
7.0003 4.0808 4
6.3524 3.4044 4
8.2103 3.9122 4
6.1344 3.7194 4
7.2074 3.8536 4
6.2062 3.6164 4
6.7019 4.1361 4
6.4655 4.4844 4
7.2380 5.0186 4
7.5042 4.5802 4
6.8919 4.0860 4
7.7725 3.3837 4
7.5461 5.0885 4
7.1967 3.8041 4
6.3312 3.8380 4
6.0778 4.5083 4
6.2854 2.9391 4
7.8927 4.2256 4
7.3430 5.2063 4
6.0262 1.9082 4
7.3040 4.3320 4
9.5002 3.7463 4
5.1452 2.6126 4
7.2673 5.4265 4
9.3864 5.6599 4
6.5064 3.3549 4
6.7715 2.4102 4
8.1947 5.1732 4
9.2868 5.1670 4
6.7703 3.9566 4
6.8111 2.9917 4
6.2439 2.7964 4
7.8393 5.2852 4
8.4556 5.2187 4
6.2025 4.7084 4
8.2582 4.3835 4
7.2064 4.6175 4
5.5501 3.0073 4
5.3659 4.1192 4
7.5210 4.7932 4
6.9123 3.2148 4
7.4039 5.1060 4
7.9239 3.8534 4
5.3168 3.7914 4
7.1667 4.3352 4
7.0166 3.3697 4
7.2864 2.3081 4
6.0945 3.0853 4
8.6606 5.9636 4
7.5724 4.9190 4
6.4592 4.1882 4
6.9289 3.0684 4
5.5263 1.3910 4
6.3559 3.4038 4
6.9400 2.4940 4
7.1755 3.6846 4
8.8370 3.6011 4
8.9545 3.5044 4
6.9851 3.3927 4
6.4547 3.2614 4
5.0198 3.7276 4
5.9884 4.7556 4
7.0561 4.2710 4
6.2687 3.0534 4
6.5197 2.0859 4
7.7804 4.8662 4
7.2700 5.0632 4
5.6368 2.8536 4
7.4544 3.5583 4
7.3183 4.8576 4
5.5647 1.9700 4
7.2633 3.7781 4
7.8330 4.5633 4
6.1515 3.7479 4
