-9.5366 9.0393 0
-9.5451 9.6429 0
-7.3696 10.1149 0
-9.5035 8.4854 0
-8.7078 9.2234 0
-8.6174 9.1276 0
-10.1318 10.4109 0
-9.9660 9.4596 0
-8.9528 9.0423 0
-8.4266 8.8418 0
-9.2224 9.1596 0
-9.3080 9.6477 0
-8.2797 9.2838 0
-8.1525 9.7244 0
-8.6174 9.9992 0
-7.8873 9.5119 0
-7.1550 10.3702 0
-9.8709 7.9712 0
-8.2200 9.1104 0
-6.1580 8.3646 0
-10.1517 7.3413 0
-9.6370 9.4638 0
-8.4173 9.3165 0
-8.4598 9.9656 0
-10.0182 7.7027 0
-7.9601 10.2794 0
-8.0972 9.6524 0
-10.4239 7.6596 0
-9.8839 9.4252 0
-9.3874 10.0933 0
-9.7401 9.5533 0
-7.6424 10.6504 0
-7.6228 8.6226 0
-8.1438 9.3621 0
-9.4539 9.9773 0
-10.6733 7.8948 0
-8.6017 10.4418 0
-8.4384 9.6125 0
-8.8919 10.8387 0
-10.6881 7.2268 0
-9.4758 9.9954 0
-10.0910 8.7431 0
-8.2824 9.8364 0
-9.4147 7.8820 0
-10.4909 8.0954 0
-7.4594 8.9426 0
-9.5490 9.1071 0
-8.2876 9.8288 0
-9.1767 9.6905 0
-8.7155 7.6605 0
-9.0137 8.7985 0
-8.5299 9.4644 0
-8.2573 7.2420 0
-10.2185 8.1856 0
-9.4715 8.2244 0
-9.6457 9.7859 0
-8.9286 10.7173 0
-8.8752 8.5108 0
-7.4765 10.7698 0
-8.5341 8.3621 0
-7.4852 8.2375 0
-9.2983 9.0304 0
-8.7690 8.4445 0
-9.9096 8.6216 0
-8.0087 9.5217 0
-10.4661 10.0295 0
-9.9130 8.5903 0
-8.5500 8.7354 0
-10.3293 10.0052 0
-9.4654 8.1354 0
-8.2942 9.2941 0
-10.4805 8.8659 0
-9.9763 7.6921 0
-9.3351 9.2301 0
-8.6605 10.5129 0
-7.6524 9.3898 0
-8.5563 9.0059 0
-8.3285 8.9456 0
-9.6324 8.3244 0
-8.9391 10.6410 0
-9.2154 9.4620 0
-6.8236 9.5382 0
-9.1455 7.0549 0
-8.7039 8.4872 0
-8.1756 10.3177 0
-9.5815 8.9210 0
-9.9378 7.6972 0
-8.2671 9.5349 0
-8.2779 10.3415 0
-10.8076 8.3399 0
-9.1311 7.8315 0
-8.9200 10.5874 0
-7.6615 8.7184 0
-10.6027 9.0554 0
-10.1280 7.1254 0
-9.3604 10.2696 0
-10.0096 8.1623 0
-7.8556 10.8405 0
-8.9371 9.7490 0
-7.7269 8.9003 0
-8.9933 7.4372 0
-8.6472 9.5679 0
-8.4679 9.8188 0
-7.8464 9.5576 0
-9.8192 9.4904 0
-9.3730 8.6906 0
-8.2468 10.0025 0
-9.4032 9.2133 0
-9.9887 8.3411 0
-7.8878 8.1384 0
-8.7001 10.4027 0
-10.2273 8.1297 0
-11.0157 9.3301 0
-10.1097 7.5291 0
-8.2326 11.2030 0
-7.1669 9.5922 0
-9.6150 9.9136 0
-9.9747 8.6037 0
-9.2282 8.4190 0
-11.3663 7.8829 0
-8.3276 9.0786 0
-10.1847 8.8589 0
-10.2801 8.3306 0
-10.1256 11.1960 0
-8.2511 8.4763 0
-7.5203 10.6243 0
-6.3195 9.9337 0
-8.1789 8.8549 0
-10.1302 7.8678 0
-8.3054 10.5280 0
-9.1042 9.7060 0
-9.2761 9.5712 0
-8.5727 8.4673 0
-6.9606 9.8198 0
-8.0107 8.9167 0
-9.9091 9.1975 0
-7.6672 10.5577 0
-8.2181 8.8756 0
-6.7976 9.7973 0
-8.9004 8.8728 0
-9.4378 8.8481 0
-8.3633 8.2198 0
-9.2353 8.4658 0
-8.7536 8.5190 0
-8.2389 10.0541 0
-8.2121 10.1014 0
-9.0214 7.6861 0
-9.1038 7.6741 0
-8.4334 9.8813 0
-8.7442 9.4438 0
-8.9504 8.8160 0
-11.7846 8.1272 0
-10.2007 9.5309 0
-7.9195 7.8711 0
-9.9365 9.3423 0
-8.9166 7.9230 0
-10.1536 7.2315 0
-9.2084 9.9235 0
-9.3581 9.9490 0
-6.6471 9.8962 0
-13.0968 -6.7332 1
-12.5471 -7.2143 1
-13.2520 -6.9161 1
-12.1682 -6.6687 1
-11.2478 -7.0019 1
-13.1140 -6.3220 1
-14.9763 -7.0546 1
-11.5051 -6.9808 1
-11.3557 -6.7500 1
-12.7792 -5.7975 1
-12.5299 -7.8290 1
-13.5838 -7.2349 1
-11.8996 -6.7541 1
-11.6174 -8.1725 1
-13.3802 -6.5096 1
-13.6588 -8.2042 1
-13.3806 -8.4903 1
-12.5997 -5.9760 1
-12.1589 -7.9808 1
-14.6282 -6.9945 1
-12.7522 -8.8454 1
-12.0858 -6.4603 1
-14.6612 -8.4745 1
-15.4723 -7.8563 1
-13.1105 -6.7952 1
-14.6803 -7.6718 1
-13.5408 -6.1924 1
-13.1132 -8.2942 1
-12.9509 -8.3499 1
-12.6991 -5.0143 1
-12.8861 -7.5661 1
-13.5790 -6.4456 1
-14.5511 -8.5594 1
-12.7869 -8.0330 1
-13.4911 -7.3417 1
-11.9629 -6.6900 1
-12.5156 -5.7407 1
-12.1920 -6.0914 1
-15.1236 -8.2211 1
-12.9268 -7.0152 1
-12.1785 -7.2933 1
-11.9239 -5.6405 1
-12.5751 -7.0718 1
-12.0746 -6.8902 1
-12.7240 -5.2604 1
-13.5956 -7.0881 1
-12.5373 -5.2932 1
-12.8421 -6.4683 1
-12.2918 -8.4175 1
-11.7294 -5.5023 1
-12.9793 -7.3642 1
-12.7746 -7.4145 1
-13.2985 -7.4266 1
-12.8437 -6.9268 1
-13.9036 -7.1217 1
-12.6094 -7.9920 1
-12.1854 -5.8665 1
-12.0903 -7.5892 1
-13.4200 -6.4129 1
-12.8133 -5.8585 1
-13.9717 -6.0494 1
-12.3982 -7.0531 1
-12.3741 -7.2666 1
-12.6982 -5.3299 1
-13.7380 -7.1983 1
-13.9103 -6.5154 1
-11.1181 -7.3818 1
-12.9382 -6.9686 1
-13.9628 -7.0315 1
-13.9579 -7.7724 1
-14.0198 -8.0667 1
-12.6816 -6.4038 1
-13.4955 -7.7221 1
-10.7875 -5.2592 1
-14.3152 -7.4793 1
-10.8746 -7.4946 1
-12.5963 -7.1328 1
-12.4573 -8.6892 1
-14.4982 -7.6673 1
-12.0498 -6.1017 1
-12.9845 -6.2871 1
-13.0560 -6.5130 1
-12.0414 -6.1705 1
-13.6437 -8.3424 1
-13.8856 -5.5032 1
-13.4340 -7.1390 1
-12.4074 -7.0624 1
-10.6339 -7.8644 1
-11.9682 -5.9440 1
-12.7431 -6.5872 1
-13.1677 -7.7032 1
-12.3008 -6.4288 1
-12.5890 -6.8104 1
-12.9526 -6.7580 1
-12.5757 -6.1688 1
-12.9888 -6.4015 1
-14.3542 -8.2061 1
-12.1665 -5.8427 1
-14.2954 -6.6534 1
-13.0596 -7.4824 1
-13.5449 -7.7343 1
-12.9507 -6.7835 1
-14.8580 -7.0666 1
-12.7869 -6.1821 1
-10.9776 -7.8388 1
-12.8244 -5.0607 1
-12.1837 -7.6215 1
-13.3766 -7.8976 1
-11.5930 -6.2518 1
-12.5363 -6.2004 1
-14.5703 -7.6548 1
-13.5630 -6.3263 1
-14.4136 -8.2603 1
-11.9245 -6.4567 1
-12.4967 -7.8131 1
-12.1816 -8.3243 1
-14.3806 -9.3038 1
-12.7588 -7.3717 1
-11.8880 -6.4593 1
-11.6707 -7.2195 1
-13.3400 -8.0160 1
-12.8068 -7.2719 1
-13.5007 -6.7167 1
-12.7076 -7.8315 1
-12.6780 -6.2910 1
-11.9873 -7.8264 1
-13.6662 -7.3058 1
-12.5983 -7.5821 1
-12.9710 -6.1261 1
-13.0588 -6.9837 1
-13.5546 -7.6664 1
-12.2961 -6.6237 1
-13.5021 -8.0739 1
-13.8973 -8.3475 1
-11.6995 -7.3095 1
-14.1413 -8.3849 1
-12.1565 -6.6447 1
-12.6321 -7.3418 1
-12.6017 -7.6950 1
-13.8075 -6.8487 1
-15.5613 -7.1944 1
-13.7631 -8.1093 1
-10.7889 -6.8727 1
-12.5710 -6.1351 1
-11.5741 -8.0863 1
-12.9126 -8.0167 1
-12.0174 -6.5672 1
-15.2996 -7.6118 1
-12.8574 -6.4035 1
-13.3303 -6.1850 1
-13.2170 -7.3813 1
-14.4936 -8.0772 1
-13.6604 -8.2876 1
-12.2901 -8.9560 1
-12.0020 -5.9679 1
-11.4684 -6.6977 1
-13.3634 -7.2719 1
-12.4993 -7.1447 1
-12.7338 -6.6474 1
-12.7337 -6.3460 1
-1.4724 -10.3220 2
-3.3688 -12.8638 2
-5.0798 -12.9517 2
-4.4369 -13.2823 2
-4.7105 -11.3131 2
-3.5717 -11.4768 2
-2.5988 -11.7221 2
-0.8345 -10.9122 2
-2.9632 -12.3125 2
-3.1027 -12.0134 2
-3.4552 -11.0031 2
-3.2073 -11.8020 2
-2.8958 -12.8127 2
-2.8056 -10.5253 2
-2.9370 -13.5405 2
-5.0306 -14.5192 2
-3.2727 -13.2625 2
-3.8350 -14.8241 2
-2.6081 -11.9786 2
-2.7803 -13.3554 2
-3.6058 -11.9820 2
-2.6508 -11.3678 2
-2.7305 -10.0252 2
-4.2712 -12.7670 2
-0.7252 -11.7347 2
-0.8336 -10.1356 2
-1.6076 -13.2566 2
-4.3612 -12.2926 2
-2.7066 -12.3529 2
-3.8595 -12.5814 2
-4.1021 -13.2243 2
-3.5487 -12.8835 2
-3.9727 -11.5852 2
-3.6958 -12.0172 2
-3.4971 -11.5333 2
-3.0091 -11.3979 2
-2.2183 -12.9646 2
-3.3180 -11.8013 2
-5.0702 -13.6446 2
-1.6537 -10.3825 2
-3.4084 -12.6182 2
-3.1058 -12.0704 2
-2.7459 -11.6135 2
-2.9217 -14.5146 2
-1.5126 -12.4584 2
-3.8962 -13.2284 2
-4.0571 -12.5317 2
-4.1261 -13.1407 2
-2.6840 -12.6451 2
-2.1178 -9.9077 2
-1.5861 -12.1529 2
-3.1390 -12.8597 2
-1.0212 -11.7804 2
-4.1675 -13.1741 2
-2.6895 -11.1186 2
-1.6918 -10.6105 2
-4.1674 -13.2290 2
-2.9390 -12.3166 2
-3.8860 -11.7423 2
-2.4738 -11.7508 2
-4.6022 -12.4215 2
-3.5010 -11.5064 2
-1.9720 -12.3521 2
-2.6083 -11.6023 2
-5.4608 -12.6673 2
-5.2757 -11.1697 2
-3.3007 -12.1261 2
-3.6433 -11.8347 2
-1.7269 -10.6016 2
-2.9687 -12.7900 2
-3.5893 -11.8239 2
-3.3100 -11.8212 2
-4.0963 -13.1654 2
-2.5752 -12.8177 2
-4.2981 -11.8555 2
-3.1990 -12.2873 2
-2.6828 -12.4493 2
-2.9437 -13.7245 2
-2.3626 -10.2003 2
-2.7389 -13.0261 2
-1.0860 -11.5848 2
-4.0358 -13.5400 2
-4.6506 -12.0624 2
-2.8585 -12.7504 2
-3.7243 -12.6868 2
-2.3715 -10.8818 2
-2.1623 -10.9268 2
-3.3647 -11.5476 2
-5.6385 -12.6974 2
-5.7953 -13.0481 2
-1.6979 -9.9661 2
-3.1290 -11.9939 2
-3.4986 -10.8450 2
-1.0611 -11.2128 2
-4.4608 -13.7088 2
-4.0881 -12.9376 2
-2.8538 -11.6844 2
-3.0810 -10.4379 2
-3.4100 -11.8977 2
-2.6647 -12.5411 2
-2.5291 -12.1540 2
-3.3536 -12.8068 2
-4.1853 -12.3770 2
-3.0550 -13.4658 2
-1.6210 -10.9265 2
-1.7140 -12.1238 2
-1.7014 -12.8832 2
-2.4796 -11.3754 2
-3.0325 -12.1871 2
-4.1317 -11.9110 2
-4.1612 -10.8803 2
-3.2903 -13.3896 2
-0.9714 -12.8600 2
-2.7112 -11.3841 2
-3.6516 -11.4069 2
-4.1709 -11.1114 2
-3.3290 -11.7719 2
-2.4176 -13.0661 2
-2.2632 -11.7005 2
-4.8458 -11.3096 2
-3.6002 -12.2644 2
-1.8484 -11.6407 2
-3.4995 -11.7102 2
-4.5280 -12.5987 2
-2.4356 -11.2673 2
-3.1648 -12.3530 2
-4.3998 -12.2506 2
-4.3656 -13.4682 2
-3.9813 -12.9067 2
-2.0584 -11.7914 2
-1.8418 -11.7550 2
-3.5157 -12.2791 2
-1.9479 -10.8066 2
-1.5411 -12.2694 2
-0.8146 -11.1392 2
-2.0015 -11.6030 2
-3.7926 -11.1219 2
-3.7610 -11.2452 2
-3.2072 -14.2934 2
-2.7258 -12.1094 2
-3.1299 -11.9694 2
-4.2589 -12.2205 2
-2.6887 -13.0081 2
-2.3184 -11.9424 2
-0.9670 -9.2552 2
-2.2415 -12.2386 2
-2.9637 -10.3932 2
-3.3350 -12.9126 2
-2.8583 -10.5356 2
-3.1876 -10.6163 2
-2.7267 -11.8489 2
-3.1425 -11.6266 2
-0.8552 -10.5932 2
-2.8184 -12.4288 2
-3.7133 -12.3725 2
-4.3345 -14.0947 2
-2.3177 -11.8811 2
-3.0892 -11.2230 2
-3.9162 -11.9380 2
-3.0696 -11.6950 2
3.0719 10.8310 3
4.1561 9.7336 3
4.5425 9.6082 3
4.7485 10.6378 3
3.3795 9.4868 3
2.4191 9.5259 3
2.5242 10.0494 3
4.3959 8.7636 3
3.8249 10.9762 3
2.7937 8.2080 3
2.8721 8.4593 3
6.0056 12.7089 3
3.6054 8.3867 3
3.1045 8.3806 3
4.3425 9.3714 3
5.1160 12.0456 3
3.3860 9.7816 3
6.1356 8.7909 3
4.7495 11.9130 3
4.9766 9.5791 3
5.0607 10.7145 3
2.6666 8.6852 3
6.0522 10.1052 3
3.8282 10.1252 3
4.4607 9.9362 3
3.1015 10.3535 3
4.8811 9.5595 3
3.8877 10.9133 3
3.0886 7.7675 3
5.3776 10.0145 3
5.0778 9.6779 3
3.9548 8.0774 3
3.5194 9.6995 3
5.2439 10.8831 3
5.0334 10.2458 3
4.0469 11.5143 3
1.9175 8.5245 3
3.3969 9.7049 3
2.3818 7.8193 3
3.5812 10.2606 3
1.3843 8.6434 3
3.1506 8.9805 3
3.7915 9.9331 3
5.1057 8.9666 3
4.0618 8.6539 3
2.3152 9.2944 3
3.1499 9.9789 3
6.1070 10.6841 3
3.6751 10.2991 3
2.6287 9.8986 3
4.6712 10.9054 3
3.0143 7.3249 3
2.0472 9.2340 3
3.5605 10.2155 3
3.9650 10.4323 3
3.5097 9.2477 3
3.9851 9.2496 3
5.2621 10.1121 3
3.1538 8.9119 3
4.6977 11.3845 3
4.7784 10.6701 3
3.7836 10.2351 3
3.8670 10.3185 3
4.6728 11.3551 3
4.1729 9.5873 3
4.0517 10.9063 3
3.9207 9.4082 3
3.4183 11.5859 3
3.7673 11.6455 3
2.3960 9.6664 3
6.1100 9.5749 3
3.5901 10.7548 3
4.4145 11.2195 3
2.6466 7.9929 3
6.8297 11.5293 3
3.1988 11.4995 3
5.1968 9.3689 3
3.5780 10.3538 3
2.8019 8.6992 3
5.0590 10.4610 3
5.2509 11.1868 3
3.1695 9.2006 3
3.5954 9.5064 3
3.7471 11.7478 3
4.9755 9.4025 3
3.7141 10.0324 3
4.1176 9.2602 3
3.0056 9.0434 3
5.1710 10.0811 3
4.4501 10.6488 3
5.4415 11.2679 3
4.6120 11.2868 3
2.7175 8.1778 3
2.5223 9.6527 3
4.2906 10.2045 3
2.5392 8.9085 3
3.1657 9.9447 3
1.5751 9.6151 3
4.3031 10.4269 3
3.4675 10.2419 3
3.2447 9.8830 3
3.6569 9.4734 3
3.6113 11.3828 3
4.7614 10.9482 3
4.4213 9.5371 3
3.6015 10.0391 3
3.4475 9.5939 3
2.4697 10.3276 3
2.9215 9.6218 3
4.4549 10.7553 3
4.3567 10.6766 3
2.4137 11.6789 3
4.3139 8.3304 3
3.7899 10.4385 3
4.2424 8.4780 3
2.7069 10.1353 3
3.4857 10.8309 3
3.7030 9.7441 3
3.4017 9.6671 3
3.1461 12.3224 3
3.7669 9.2479 3
3.9884 9.5557 3
4.7360 11.6170 3
4.1621 10.5357 3
5.5184 10.9645 3
4.3886 10.1542 3
4.9372 10.9970 3
2.9496 11.0800 3
5.2456 11.2037 3
4.5521 10.0159 3
4.8564 9.2780 3
3.3534 10.8902 3
3.6799 10.5894 3
4.4972 10.1427 3
3.3521 10.8554 3
3.6509 9.9146 3
3.0073 9.6382 3
4.6906 10.7914 3
6.0592 10.6466 3
5.3820 10.0715 3
3.7800 10.5789 3
3.5892 8.7570 3
3.9236 9.3668 3
3.7551 10.9133 3
3.7388 8.9788 3
5.3448 8.6599 3
3.4067 10.0376 3
4.2091 10.6908 3
2.8546 8.8045 3
3.2252 8.5701 3
4.9502 12.1431 3
4.1746 9.2653 3
2.7196 10.4868 3
3.4862 11.0392 3
3.2467 8.5391 3
4.8487 7.6210 3
2.9140 9.2796 3
4.0481 11.6841 3
4.0463 7.0411 3
4.6028 9.7865 3
12.9592 0.3091 4
13.8939 0.7134 4
12.5650 0.1409 4
12.6616 2.0513 4
15.6094 2.0321 4
15.0944 3.0010 4
13.1583 2.1293 4
13.1804 1.5526 4
14.0556 1.2394 4
15.2630 1.7437 4
13.5180 1.4848 4
14.4459 0.5156 4
14.5801 2.7389 4
14.1981 0.7861 4
14.0736 -0.0828 4
14.6738 1.3256 4
14.5806 2.2208 4
13.3157 2.8290 4
13.2090 0.0598 4
14.5349 2.0785 4
14.1887 1.6239 4
12.9035 0.3649 4
13.0681 0.3371 4
13.1996 0.0369 4
14.8150 -0.9447 4
14.1161 1.9165 4
14.8638 0.5321 4
14.2141 2.2200 4
13.8433 0.8527 4
14.2707 0.3212 4
13.5911 1.7178 4
13.7960 1.5864 4
13.1357 0.8726 4
13.7927 1.0527 4
14.6251 0.7896 4
13.3177 1.0566 4
13.7914 1.8437 4
16.3364 2.8392 4
15.3716 1.6678 4
15.0388 0.8617 4
15.7295 1.5447 4
13.2584 0.8122 4
12.3331 0.1152 4
14.3159 0.2029 4
15.4662 2.0588 4
12.0694 0.2260 4
13.8918 1.3454 4
14.7343 1.6025 4
13.3724 0.5177 4
14.1801 2.0937 4
14.0264 3.0528 4
14.1361 1.1277 4
15.0523 0.7803 4
14.1548 0.4374 4
13.6133 1.2724 4
13.1605 0.3924 4
13.2108 0.8052 4
14.2658 2.9233 4
13.6700 0.7414 4
12.8793 0.0205 4
13.9750 1.1964 4
12.9650 -0.4851 4
13.5562 -0.6858 4
12.8583 0.4022 4
12.7286 2.0421 4
13.8052 -0.8415 4
14.0790 0.6495 4
14.9094 0.3950 4
13.0474 0.1736 4
13.8972 -0.4993 4
14.1533 -0.3675 4
13.6506 -0.0209 4
13.9306 0.7705 4
14.5491 1.0727 4
13.0296 -0.3408 4
13.7037 1.1534 4
15.6833 2.0786 4
13.8495 0.7845 4
13.2888 0.6214 4
13.2705 1.8227 4
13.2324 1.2276 4
14.2548 0.1001 4
13.9419 1.6112 4
14.2682 1.7498 4
13.4735 -0.4270 4
14.9900 0.9291 4
13.6535 1.1854 4
13.1931 1.0563 4
13.6143 -0.3363 4
13.7274 1.5362 4
14.5631 3.7940 4
12.7852 1.3193 4
15.5517 2.5170 4
14.8282 1.5070 4
15.2809 2.1103 4
15.9730 1.1231 4
14.5255 2.8697 4
15.8648 1.7658 4
11.4961 -0.7789 4
13.5699 0.5459 4
14.1161 2.7455 4
13.1414 -0.7390 4
11.1842 0.1353 4
12.6208 -0.0555 4
14.3121 0.7996 4
12.8545 0.4772 4
12.9797 -0.1869 4
14.2039 1.0069 4
14.7011 1.1670 4
16.7796 1.6220 4
14.0956 0.1686 4
11.7244 -0.7546 4
14.9216 1.4936 4
13.2825 -0.0538 4
12.6697 1.5033 4
14.4734 1.0947 4
14.3096 0.0089 4
14.1598 1.1172 4
12.9992 1.8861 4
15.6131 1.8445 4
13.3191 2.5694 4
14.3556 0.3876 4
14.8921 2.3054 4
15.1767 1.4399 4
13.8757 1.7105 4
15.9668 1.9789 4
13.2687 0.7155 4
12.7596 0.6142 4
15.3489 1.3854 4
13.9463 0.7479 4
14.7855 2.0502 4
13.7804 1.4544 4
15.0434 0.9928 4
13.1660 1.9799 4
13.4838 2.1775 4
15.8054 0.7281 4
14.4828 1.2127 4
15.3666 0.5498 4
15.2261 1.7180 4
14.1815 0.9776 4
14.0775 0.8965 4
14.5551 0.2544 4
13.8402 1.7010 4
13.3843 0.8469 4
12.9665 -0.2112 4
14.4632 1.0633 4
13.0107 -0.8865 4
13.3234 -0.2690 4
13.4294 0.1176 4
14.8880 1.0361 4
14.0744 0.3274 4
13.5555 0.7987 4
13.8316 -1.7982 4
12.8915 -0.5684 4
14.9254 -0.3629 4
15.4375 2.2957 4
12.2899 1.1181 4
14.4834 1.1091 4
16.5264 3.1404 4
14.5311 1.8699 4
