2.0985 13.1919 0
1.9365 12.5613 0
3.1989 14.5064 0
2.3136 12.7901 0
2.9277 12.2427 0
2.5137 13.8443 0
2.3851 13.3210 0
3.1086 13.7846 0
2.4798 13.5294 0
4.1290 13.7652 0
1.6350 14.3485 0
2.7166 13.5469 0
3.5451 13.5060 0
3.6774 13.6342 0
2.1075 13.2445 0
3.1101 13.0846 0
-0.5801 10.4441 0
0.7111 12.3129 0
1.1838 13.0103 0
2.2310 13.6482 0
3.9247 13.8159 0
1.3677 13.4279 0
2.8688 13.1483 0
2.3722 13.2450 0
2.5637 11.8354 0
2.4551 13.2382 0
0.1251 11.5310 0
1.1080 13.6349 0
3.1385 14.5902 0
4.4683 14.7630 0
2.6874 13.2159 0
3.1174 12.5312 0
2.3490 15.2913 0
3.4287 13.7422 0
2.9928 13.4295 0
1.7941 13.7837 0
3.4281 13.2687 0
2.8373 14.9012 0
3.0393 13.1630 0
0.9421 12.8699 0
0.9739 11.6630 0
0.8962 12.9351 0
2.6242 15.5463 0
0.9107 12.8103 0
2.8824 14.5393 0
0.5391 12.8769 0
0.0294 12.6822 0
1.6600 13.6272 0
1.5776 13.3314 0
1.5394 14.2443 0
3.0548 13.7553 0
2.7532 12.0412 0
2.1945 12.4881 0
0.5996 13.4354 0
2.1382 12.0637 0
1.0571 11.9614 0
2.4984 13.3592 0
1.9399 12.7071 0
1.3222 14.4508 0
2.0693 12.3893 0
2.4610 13.3214 0
2.0908 12.9041 0
2.8937 12.9734 0
2.3107 13.9340 0
2.7446 13.8165 0
3.3967 14.1399 0
1.7146 12.6198 0
1.5996 13.2796 0
2.2915 12.6743 0
3.1416 13.2023 0
0.2574 11.6225 0
3.0649 13.8693 0
3.1401 13.1659 0
1.9628 12.7525 0
3.4146 13.7926 0
1.6339 12.8383 0
3.3627 14.1368 0
3.7324 13.1845 0
3.6734 11.9205 0
1.6011 11.4294 0
1.5413 13.0704 0
1.6946 11.9818 0
3.7226 15.1316 0
0.9254 13.2743 0
2.4333 12.4347 0
1.9273 12.8479 0
-0.0100 11.1130 0
0.8697 13.5015 0
0.7290 12.0409 0
0.8261 12.7145 0
3.1983 13.8657 0
2.9213 14.1985 0
0.7844 13.2406 0
2.7791 13.4921 0
0.9526 12.0158 0
3.4721 14.3872 0
2.6460 12.5858 0
2.4787 14.6110 0
0.3715 11.4525 0
1.8946 13.5769 0
1.7940 13.3068 0
1.3409 14.1570 0
1.5407 12.0353 0
1.4282 11.4147 0
0.3754 12.5170 0
0.7388 12.0637 0
3.9362 12.9443 0
2.1568 13.8954 0
3.4877 13.6369 0
0.9333 11.5614 0
3.8280 14.5513 0
1.7673 12.3468 0
0.8899 11.3849 0
3.2691 14.0384 0
1.6695 12.9630 0
3.0753 13.9492 0
2.4696 13.0124 0
2.9953 13.0181 0
1.6268 11.7118 0
1.1165 12.8288 0
1.8068 12.9824 0
3.5528 13.6027 0
2.7790 13.7922 0
3.0415 16.1316 0
0.8062 12.2863 0
3.2925 13.6528 0
1.8112 14.1905 0
2.4115 13.6543 0
1.5260 11.4119 0
0.8472 11.3483 0
3.4931 12.4873 0
1.4207 14.2720 0
0.9313 13.1179 0
0.7415 11.8777 0
1.7143 12.9920 0
2.6202 12.0033 0
3.0169 14.4537 0
1.2389 11.9572 0
2.6884 13.4825 0
3.2876 12.3656 0
-0.2030 12.4475 0
2.3857 12.5554 0
3.0594 14.0755 0
3.9655 14.7393 0
0.3585 13.4555 0
1.9020 12.6873 0
3.3581 13.7518 0
0.3392 11.4985 0
0.4029 13.8206 0
0.6473 12.9100 0
1.3827 13.3662 0
2.2379 11.6162 0
3.3675 12.5241 0
2.6210 13.9079 0
1.4485 13.4810 0
3.5098 13.2294 0
0.6085 11.7521 0
1.9354 13.3538 0
2.5537 13.7186 0
1.2554 12.9530 0
-6.4621 -4.9813 1
-5.9006 -4.0668 1
-6.3531 -4.9547 1
-7.1359 -4.7278 1
-5.6454 -4.3800 1
-6.2590 -3.4323 1
-4.8825 -3.6521 1
-3.6601 -3.2533 1
-6.5312 -4.1865 1
-5.4590 -3.7359 1
-6.2265 -4.4973 1
-2.9166 -3.5879 1
-5.8418 -2.6853 1
-5.8696 -3.4398 1
-5.0942 -4.3747 1
-5.9439 -4.6975 1
-5.1317 -2.2625 1
-4.7938 -2.6860 1
-6.0925 -3.0992 1
-4.9901 -4.5026 1
-5.5924 -3.2103 1
-5.8375 -4.8247 1
-5.5213 -2.4372 1
-6.2789 -4.3628 1
-4.9443 -2.5393 1
-5.7242 -4.6232 1
-5.5823 -3.7173 1
-6.5442 -4.9428 1
-6.8843 -2.8065 1
-4.8121 -3.2862 1
-5.2733 -2.9986 1
-6.1207 -3.1497 1
-7.3064 -4.6456 1
-6.9087 -4.9909 1
-5.6103 -3.5401 1
-5.1826 -4.0415 1
-4.4188 -3.6339 1
-6.2165 -4.3533 1
-5.1787 -1.1233 1
-4.9798 -3.3853 1
-7.7768 -5.8170 1
-5.7131 -4.7221 1
-6.8710 -2.7850 1
-6.6198 -4.7727 1
-5.9048 -4.8171 1
-6.4609 -3.7493 1
-4.9606 -4.6874 1
-5.9913 -4.7487 1
-5.5738 -3.5384 1
-5.0797 -6.5241 1
-7.2632 -4.8675 1
-5.2868 -4.6498 1
-6.5721 -4.8660 1
-6.6227 -3.8286 1
-5.3020 -2.8967 1
-4.8743 -3.7433 1
-7.2308 -4.2013 1
-7.3114 -2.7288 1
-5.6538 -2.8953 1
-6.4863 -3.9914 1
-5.7376 -2.9298 1
-8.0254 -4.8399 1
-8.4454 -5.7259 1
-6.9745 -3.6957 1
-5.4447 -4.2882 1
-6.2617 -5.3231 1
-6.4801 -3.6511 1
-4.2816 -3.3138 1
-5.6684 -3.5583 1
-5.3663 -2.7540 1
-5.5807 -4.3139 1
-6.4877 -4.1862 1
-6.0735 -3.6034 1
-5.5011 -3.8937 1
-7.0060 -1.5374 1
-4.4400 -3.1333 1
-6.2067 -2.4040 1
-7.3380 -4.3360 1
-5.1058 -4.5612 1
-6.7934 -4.5990 1
-6.1841 -3.0698 1
-7.9803 -6.0409 1
-5.2761 -3.3997 1
-5.4097 -3.6254 1
-5.6236 -3.9759 1
-6.0617 -4.2092 1
-7.7499 -4.4132 1
-6.2289 -3.8597 1
-4.7192 -3.2690 1
-5.7912 -3.4791 1
-6.4486 -3.1988 1
-5.9980 -5.0769 1
-5.8927 -4.4918 1
-5.0344 -2.6921 1
-7.5133 -3.9607 1
-5.7152 -3.9964 1
-7.4249 -4.0792 1
-5.2681 -4.0231 1
-6.6229 -3.6719 1
-7.2557 -3.0366 1
-4.9360 -2.6717 1
-5.9804 -5.2058 1
-4.6690 -2.6474 1
-6.2444 -6.2428 1
-4.2677 -2.3725 1
-4.2065 -2.6507 1
-6.1052 -4.6959 1
-6.3601 -4.1603 1
-5.3059 -4.6223 1
-7.2094 -4.4083 1
-7.5589 -3.2434 1
-5.5009 -4.1287 1
-5.7738 -4.0754 1
-5.7772 -3.9069 1
-6.6440 -4.1670 1
-7.2920 -4.2714 1
-3.0013 -5.0663 1
-5.7913 -4.6659 1
-3.7069 -2.2780 1
-4.0948 -3.1987 1
-6.1190 -3.8526 1
-4.9105 -3.9472 1
-6.7698 -3.3767 1
-7.8085 -5.7673 1
-6.1394 -4.0219 1
-6.5030 -6.1316 1
-7.0942 -4.2157 1
-5.9092 -4.2113 1
-6.6122 -5.4726 1
-5.1163 -2.0209 1
-6.6417 -4.9061 1
-5.8409 -2.9997 1
-6.4122 -3.7660 1
-6.2766 -5.4931 1
-7.9599 -5.2916 1
-6.2134 -3.9242 1
-6.4999 -3.5614 1
-5.4913 -3.8780 1
-6.0086 -4.4548 1
-5.8642 -4.8617 1
-4.2120 -3.2763 1
-4.1874 -5.3487 1
-5.9383 -5.0289 1
-5.5265 -2.1911 1
-6.1949 -3.2186 1
-5.1841 -4.1616 1
-4.5606 -4.2227 1
-4.9050 -3.6934 1
-5.0906 -3.5063 1
-5.0061 -4.0094 1
-6.4968 -3.6126 1
-7.3184 -4.4275 1
-7.4112 -4.7924 1
-6.9132 -5.0629 1
-6.8667 -3.4671 1
-6.3851 -3.3701 1
-6.5567 -3.5132 1
-5.0471 -4.2680 1
-8.2726 -4.1770 1
-6.8539 -4.6472 1
-9.7733 -2.8652 2
-9.6204 -3.2616 2
-9.2698 -2.2476 2
-7.9591 -1.1070 2
-9.5814 -3.3954 2
-9.1192 -2.3994 2
-7.7447 -1.8711 2
-9.6438 -1.6262 2
-11.1114 -2.9716 2
-11.6430 -4.3584 2
-9.3341 -2.5217 2
-6.9566 -1.5436 2
-7.8707 0.4403 2
-6.7083 -1.3991 2
-8.6682 -2.9029 2
-8.8352 -2.3435 2
-8.2433 -1.7714 2
-9.5325 -2.4398 2
-9.6298 -0.7768 2
-10.4718 -2.6121 2
-9.1525 0.1746 2
-9.0167 -1.7777 2
-8.4638 -1.3696 2
-8.4494 -1.9454 2
-7.7684 -3.3592 2
-8.6726 -3.2767 2
-10.2567 -4.0340 2
-8.5867 -2.4968 2
-8.9905 -1.8253 2
-9.4171 -0.4495 2
-7.9016 -0.8943 2
-7.6892 -1.3259 2
-10.5376 -2.5668 2
-9.1299 -2.2513 2
-10.4999 -1.7911 2
-10.3272 -2.1004 2
-8.8646 -2.4562 2
-9.0524 -1.1461 2
-9.9926 -2.8003 2
-8.3738 -1.2996 2
-8.4043 -1.0713 2
-9.0431 -2.0132 2
-7.6133 0.7412 2
-11.2805 -3.0024 2
-8.2872 -1.4009 2
-7.9307 -1.4240 2
-8.2397 -2.5863 2
-8.7312 -0.9641 2
-11.4222 -3.0930 2
-9.7146 -1.6191 2
-7.6000 -2.7472 2
-8.7278 -1.0682 2
-7.3307 -1.3916 2
-7.1425 -1.8935 2
-7.7660 -1.2809 2
-11.3452 -2.8763 2
-8.3073 -3.2029 2
-8.3426 -0.5515 2
-8.3637 -1.2499 2
-8.6902 -2.4415 2
-10.0262 -2.2990 2
-9.8475 -2.1045 2
-10.6966 -2.1011 2
-9.1336 -2.5563 2
-10.5361 -3.7899 2
-8.8948 -3.3011 2
-8.9153 -0.2028 2
-10.6296 -2.5606 2
-9.0654 -3.0291 2
-9.2988 -2.9661 2
-10.0094 -2.3364 2
-9.9629 -1.8865 2
-9.8094 -2.5665 2
-10.0124 -2.2905 2
-7.9316 -3.1971 2
-8.0822 -1.9766 2
-11.0129 -3.0627 2
-9.7431 -0.7894 2
-9.5920 -3.5516 2
-6.9195 -2.4051 2
-8.8979 -1.6130 2
-8.9345 -4.1694 2
-8.2109 -1.8380 2
-8.2483 -0.7059 2
-9.6258 -1.7714 2
-7.1581 -0.8409 2
-8.3409 -0.2045 2
-10.0946 -2.4122 2
-9.1452 -1.6039 2
-9.4584 -2.7491 2
-10.3770 -2.5300 2
-9.0837 -3.1798 2
-10.3402 -2.8171 2
-8.5380 -1.3581 2
-9.3085 -0.6066 2
-8.8749 -4.1570 2
-9.4797 -1.1307 2
-9.5828 -1.7522 2
-11.1661 -1.1839 2
-9.5482 -2.0312 2
-8.7783 -2.9539 2
-8.3495 -0.5151 2
-7.8342 -1.1784 2
-9.7755 -3.6022 2
-10.5468 -1.9454 2
-8.9630 -2.2520 2
-9.2034 -3.7499 2
-8.7172 -0.9647 2
-7.8282 -0.7424 2
-9.9770 -3.2691 2
-9.1293 -2.3890 2
-9.3709 -1.0300 2
-8.8453 -2.8606 2
-8.4350 -2.2628 2
-9.9792 -1.7731 2
-9.3159 -0.8015 2
-8.9751 -1.6542 2
-11.1170 -2.4534 2
-8.2746 -2.5945 2
-7.4918 -2.5396 2
-8.9727 -2.7248 2
-7.6875 -0.9469 2
-8.7061 -1.3118 2
-8.5663 -2.8907 2
-8.6009 -1.3221 2
-10.3717 -2.1923 2
-8.6709 -0.6651 2
-9.7035 -4.0090 2
-7.8878 -2.0297 2
-7.9521 -0.3270 2
-10.0868 -3.5926 2
-7.7310 -1.1168 2
-8.8993 -1.8599 2
-10.0379 -2.5332 2
-8.5783 -2.2448 2
-8.8050 -4.6128 2
-10.2818 -2.4328 2
-10.0960 -1.5388 2
-9.3848 -5.0246 2
-9.9708 -3.7090 2
-9.9526 -2.0641 2
-6.7689 -2.0519 2
-8.1360 -1.2164 2
-9.3659 -2.4764 2
-9.2540 -0.5006 2
-9.9448 -2.2533 2
-8.9056 -0.9424 2
-7.9454 -1.6153 2
-10.3138 -2.6356 2
-9.0187 -3.6253 2
-9.6513 -1.1135 2
-8.3258 -1.6129 2
-10.0809 -3.1762 2
-7.0321 -0.9753 2
-9.4656 -2.2887 2
-7.9223 -2.2303 2
-9.7206 -2.0892 2
-8.9238 -2.0193 2
-9.1874 -1.0386 2
-7.9240 -0.6621 2
3.1365 -15.2699 3
3.9693 -14.3552 3
4.6058 -14.3462 3
3.6735 -15.1325 3
2.5988 -15.7675 3
2.4406 -16.4644 3
5.0686 -11.6293 3
2.2208 -13.2812 3
4.5495 -14.5012 3
1.8267 -14.9515 3
3.2484 -12.8858 3
1.3816 -15.3033 3
3.7632 -15.1836 3
3.3397 -13.8892 3
3.6275 -15.2553 3
1.6637 -15.4957 3
3.5862 -13.4124 3
3.2380 -15.4925 3
2.2905 -15.4060 3
3.1234 -16.6549 3
3.5048 -14.4701 3
2.5901 -14.2862 3
1.8340 -16.8924 3
1.1827 -14.3240 3
1.5475 -15.4668 3
2.6921 -15.8768 3
1.8347 -15.2892 3
2.8774 -15.0157 3
2.9730 -13.3960 3
3.4928 -16.0648 3
1.8843 -16.1369 3
1.9465 -14.5895 3
3.6569 -14.8156 3
2.6506 -15.6137 3
1.2269 -15.4710 3
3.8214 -15.2411 3
3.2877 -15.2506 3
3.2468 -14.4340 3
2.1348 -14.5850 3
1.3623 -16.9992 3
3.2178 -15.5894 3
2.5931 -17.3495 3
2.5765 -13.9194 3
3.5510 -15.3877 3
1.8214 -15.7740 3
3.2890 -15.6428 3
2.3241 -16.8157 3
1.4726 -15.3686 3
1.6995 -14.6189 3
4.6283 -15.0402 3
4.8291 -13.8983 3
2.8511 -15.8150 3
1.8879 -16.6368 3
3.4631 -15.7307 3
2.7290 -16.7798 3
2.6247 -13.9298 3
3.8182 -15.5171 3
3.4772 -13.9453 3
3.3244 -15.4297 3
3.0831 -13.4474 3
0.2049 -14.8863 3
2.4295 -14.8607 3
3.6357 -14.4027 3
4.1822 -12.8767 3
3.5120 -14.5880 3
1.8477 -16.6256 3
2.2509 -16.4802 3
3.5654 -14.6417 3
2.7921 -14.9990 3
3.6052 -15.6784 3
2.1152 -17.0279 3
3.7824 -15.0142 3
2.8306 -15.3990 3
1.1408 -17.0430 3
3.8305 -14.8126 3
2.5497 -14.9256 3
2.6109 -15.9721 3
3.2434 -14.1801 3
3.5362 -14.1704 3
3.3810 -14.0906 3
3.5545 -13.9713 3
2.3053 -14.2228 3
2.6898 -15.7729 3
4.2959 -13.1100 3
2.3309 -14.6243 3
3.5630 -15.5725 3
4.1331 -13.5282 3
2.8783 -15.9999 3
0.9412 -15.7343 3
3.5891 -15.0817 3
1.2950 -15.1483 3
2.4643 -15.2891 3
0.8967 -15.9366 3
3.3325 -12.2196 3
3.5758 -15.6007 3
3.0671 -14.3436 3
2.8695 -15.7704 3
1.2412 -15.8626 3
2.2453 -16.3811 3
1.1796 -15.6149 3
1.1582 -14.8865 3
3.1839 -12.4080 3
2.2032 -16.9994 3
3.8175 -14.9851 3
4.5981 -15.1592 3
3.6264 -13.3802 3
2.4630 -14.6953 3
3.9608 -15.5686 3
2.4396 -14.7081 3
4.0087 -14.4077 3
3.2398 -14.9040 3
2.8950 -16.3479 3
1.9298 -15.7685 3
2.5843 -16.1234 3
1.7504 -15.4386 3
3.0780 -13.9762 3
2.9623 -15.2045 3
2.1984 -15.3828 3
3.6561 -15.3344 3
2.0772 -15.8347 3
2.6893 -16.2408 3
2.6503 -16.3003 3
3.4286 -15.4268 3
4.8779 -14.8616 3
3.4573 -17.1146 3
2.6030 -14.6268 3
3.5053 -13.5763 3
4.7025 -14.5812 3
2.3916 -13.9760 3
3.8964 -14.7876 3
2.8076 -14.8998 3
4.0552 -14.9178 3
3.5091 -16.1403 3
4.6267 -14.3778 3
4.3923 -14.5037 3
4.0758 -13.7761 3
2.9488 -14.1458 3
2.7347 -15.3974 3
1.0899 -14.9919 3
3.3247 -14.9400 3
2.5342 -14.7089 3
3.5645 -14.2186 3
3.2504 -14.2698 3
3.6820 -15.7635 3
2.8719 -14.2594 3
2.1043 -14.3663 3
4.2424 -13.2462 3
2.5309 -14.6995 3
2.4530 -15.5530 3
3.4759 -14.4018 3
3.8373 -15.2509 3
2.8452 -15.9424 3
4.7604 -13.4682 3
1.9715 -15.4895 3
1.0421 -14.3240 3
1.1481 -15.3863 3
2.4553 -13.6691 3
2.4305 -15.2598 3
3.4208 -13.6741 3
1.7168 -15.4657 3
-5.4929 -8.4228 4
-4.0791 -9.0962 4
-2.8814 -8.5449 4
-3.4626 -10.0243 4
-4.7738 -9.1743 4
-5.7958 -8.2920 4
-5.4838 -9.0075 4
-2.0627 -9.6281 4
-3.9801 -9.6000 4
-5.4991 -8.3475 4
-2.6973 -7.9362 4
-3.5473 -8.2003 4
-2.6738 -8.3518 4
-5.0692 -8.6474 4
-4.9011 -10.9918 4
-5.0469 -8.5567 4
-4.1327 -9.7885 4
-4.6108 -10.8168 4
-3.1418 -9.8190 4
-3.2500 -8.3423 4
-5.5213 -10.1056 4
-2.9058 -6.9881 4
-2.8111 -6.2763 4
-4.7300 -9.5346 4
-5.0176 -9.4271 4
-4.6699 -9.6127 4
-4.2661 -9.3132 4
-2.8301 -8.9116 4
-4.3386 -9.7479 4
-3.3015 -8.2335 4
-4.0897 -9.4834 4
-2.0070 -6.6947 4
-5.5741 -9.4562 4
-3.8369 -8.6682 4
-4.4442 -8.6009 4
-2.9942 -8.6325 4
-4.6147 -9.7390 4
-3.4474 -8.0527 4
-4.1079 -9.2523 4
-5.0534 -8.2325 4
-3.4975 -9.4142 4
-4.4299 -8.4541 4
-5.2711 -8.3048 4
-5.2557 -9.2855 4
-4.6234 -8.5423 4
-4.6282 -8.9838 4
-2.6157 -8.5144 4
-4.7688 -9.2259 4
-6.9491 -10.4740 4
-2.8095 -8.3654 4
-3.8523 -8.2083 4
-2.7109 -9.1623 4
-2.7077 -9.5740 4
-5.0784 -8.6910 4
-4.6642 -10.3998 4
-1.0469 -7.8996 4
-2.2797 -7.4230 4
-4.0057 -8.4782 4
-4.1846 -10.3236 4
-3.9212 -8.2043 4
-3.2198 -7.5932 4
-4.7533 -9.0267 4
-4.0684 -8.9654 4
-2.2803 -7.8543 4
-4.2115 -8.2332 4
-4.4653 -8.1227 4
-4.9160 -7.4687 4
-3.3422 -8.0022 4
-3.7038 -7.8155 4
-3.9430 -9.1991 4
-3.2632 -10.3405 4
-5.5016 -7.3828 4
-4.5738 -11.0261 4
-2.6449 -7.0693 4
-3.6418 -8.0132 4
-4.6112 -9.8075 4
-5.3414 -9.4891 4
-5.4895 -10.1422 4
-3.3586 -7.4407 4
-3.4224 -9.4712 4
-3.5854 -9.9629 4
-3.4480 -8.5338 4
-4.1179 -8.8659 4
-5.8124 -8.7614 4
-5.4881 -9.2706 4
-3.7189 -9.0894 4
-3.9414 -9.6761 4
-3.8055 -9.9369 4
-3.9101 -7.5433 4
-4.3979 -9.0923 4
-2.6983 -9.9321 4
-3.5158 -8.5023 4
-4.9994 -8.8763 4
-5.5099 -10.1197 4
-2.7933 -8.2480 4
-3.3434 -8.5650 4
-4.0804 -9.5193 4
-4.6957 -8.4467 4
-5.0193 -9.0990 4
-3.9179 -7.3664 4
-4.3354 -10.1780 4
-4.5943 -9.0421 4
-3.1333 -10.1269 4
-3.5287 -8.5528 4
-5.5942 -10.0254 4
-4.7225 -9.0984 4
-5.9487 -9.1729 4
-4.1268 -9.3777 4
-4.5610 -8.3235 4
-6.1243 -11.2359 4
-2.5931 -7.8503 4
-3.8389 -7.9363 4
-2.8938 -8.5533 4
-3.8563 -9.3512 4
-5.7074 -10.6649 4
-4.7082 -10.1933 4
-2.4427 -8.9415 4
-5.1219 -9.5523 4
-2.6026 -9.5849 4
-3.6402 -9.0497 4
-4.1237 -9.9062 4
-2.0589 -8.5267 4
-4.2372 -9.7149 4
-2.9420 -7.3678 4
-5.1379 -10.0939 4
-4.1295 -7.7199 4
-4.5604 -8.3990 4
-3.5458 -9.5946 4
-4.3796 -9.7835 4
-1.3478 -8.1669 4
-1.1102 -8.1692 4
-4.3782 -7.7651 4
-5.2873 -11.7032 4
-3.8938 -8.8668 4
-4.2275 -10.1709 4
-3.3942 -8.5501 4
-4.7288 -10.7270 4
-1.9759 -8.7564 4
-2.1681 -7.5951 4
-2.3524 -8.6460 4
-4.8938 -9.0265 4
-4.1930 -10.2232 4
-4.8295 -9.1309 4
-4.0832 -9.1686 4
-3.2188 -8.1493 4
-4.0793 -7.7078 4
-3.1276 -9.4400 4
-4.3578 -8.7933 4
-2.8018 -7.7363 4
-3.8561 -8.0810 4
-3.5937 -8.4453 4
-3.3943 -9.6367 4
-4.0244 -8.6361 4
-4.5600 -8.9705 4
-4.6638 -10.4241 4
-2.1992 -8.5499 4
-5.1408 -8.8544 4
-4.4216 -7.5568 4
-2.2686 -8.6807 4
-3.2899 -8.4377 4
