13.4910 -12.2847 0
11.4683 -11.6388 0
13.5509 -10.3933 0
11.7820 -11.3579 0
11.3061 -12.3106 0
12.3500 -12.7500 0
12.1904 -12.5986 0
13.0581 -12.4871 0
13.4089 -12.1692 0
12.9100 -11.9243 0
10.5055 -12.5210 0
13.2230 -12.3758 0
10.9961 -12.5154 0
11.4504 -13.8058 0
13.0368 -11.1016 0
11.3957 -12.0224 0
13.2349 -9.5806 0
12.2237 -12.4306 0
12.8920 -11.9090 0
11.8520 -12.6946 0
10.8188 -13.3442 0
12.4938 -11.6483 0
10.4686 -13.5685 0
13.5785 -14.2096 0
11.3292 -13.3442 0
11.6329 -13.9328 0
12.5345 -12.8613 0
11.5582 -11.0213 0
13.6289 -11.9000 0
11.2762 -11.5866 0
12.1801 -12.0272 0
14.3485 -10.3234 0
13.1514 -11.4985 0
11.0655 -11.8410 0
10.7278 -10.4897 0
13.2834 -11.9682 0
12.4320 -11.0312 0
12.5481 -12.8668 0
11.2447 -12.3331 0
11.4122 -11.0581 0
12.9099 -11.0542 0
9.9818 -13.0733 0
11.8487 -12.8850 0
11.2247 -12.5870 0
12.0096 -12.4527 0
10.8144 -12.6281 0
12.6717 -13.0682 0
12.0413 -12.6400 0
12.2593 -11.6453 0
12.5019 -12.8968 0
12.9079 -12.2557 0
11.8608 -12.1077 0
10.3780 -13.5630 0
11.6978 -13.1241 0
12.4042 -12.3591 0
11.8239 -11.9554 0
12.6803 -11.4118 0
11.1156 -12.9935 0
11.6707 -11.5373 0
13.7762 -12.0950 0
12.6277 -11.1285 0
12.0138 -11.7326 0
12.1082 -12.5471 0
13.6103 -12.7917 0
12.6815 -12.0582 0
12.4446 -12.2841 0
13.0254 -12.6118 0
13.9812 -13.5793 0
11.7793 -12.3597 0
11.3760 -11.1144 0
11.8169 -12.8529 0
11.6460 -13.2789 0
12.5727 -11.3878 0
10.1118 -12.9915 0
12.6514 -12.5021 0
12.9657 -11.8847 0
12.0279 -11.6592 0
11.7421 -11.4071 0
12.5396 -12.8368 0
12.2897 -11.4177 0
13.3272 -9.9614 0
11.4648 -10.6302 0
11.3794 -12.0920 0
13.6939 -9.0315 0
10.8382 -13.3640 0
11.2462 -10.8362 0
13.3553 -12.1121 0
13.1513 -10.9740 0
12.0667 -11.9081 0
12.3408 -10.9693 0
12.5258 -12.2976 0
13.7278 -12.3980 0
11.2708 -14.4908 0
11.6838 -11.3032 0
11.5500 -10.5410 0
13.1565 -12.4360 0
8.8830 -13.0603 0
10.8870 -10.2598 0
11.6674 -11.0440 0
11.8832 -11.8697 0
10.0383 -13.5405 0
10.5387 -11.5695 0
11.9629 -11.1145 0
12.8092 -12.5797 0
12.1236 -13.5640 0
11.4612 -11.3736 0
13.6204 -12.7025 0
12.0930 -11.1237 0
14.1342 -10.9597 0
11.1789 -11.9395 0
12.5453 -12.3510 0
11.9827 -10.9349 0
12.4532 -12.0035 0
11.5232 -13.3261 0
12.0803 -11.7888 0
12.1271 -11.9713 0
13.0954 -12.3775 0
10.2550 -13.2285 0
11.6460 -12.6664 0
12.1066 -10.7336 0
12.5499 -11.2326 0
9.7545 -14.7353 0
11.4230 -11.4215 0
14.0617 -10.8602 0
12.7133 -12.4165 0
13.5640 -11.2858 0
12.4240 -12.6643 0
10.0476 -13.2099 0
10.7515 -12.3967 0
12.7897 -10.9686 0
12.4422 -10.4205 0
11.1615 -12.4649 0
11.6892 -12.9883 0
9.6865 -12.3491 0
12.0125 -11.7920 0
10.5580 -12.8469 0
11.6946 -11.0966 0
8.7631 -12.1552 0
11.8700 -11.2384 0
11.9672 -11.0429 0
12.9126 -12.9367 0
11.7724 -11.0231 0
11.6208 -14.4033 0
12.0681 -11.6608 0
11.0095 -11.7710 0
13.0505 -10.9008 0
11.4953 -10.6527 0
11.4287 -11.8266 0
11.6877 -12.7714 0
12.4823 -12.0144 0
13.6478 -12.0204 0
10.6167 -12.1761 0
12.2973 -11.8330 0
11.5476 -13.1764 0
12.1658 -13.1476 0
10.7098 -13.6831 0
11.5804 -14.0836 0
11.6690 -11.5520 0
13.0246 -11.5091 0
12.4187 -11.1987 0
5.9163 -2.7372 1
4.0707 -6.3409 1
5.2513 -5.0450 1
3.5097 -5.9316 1
4.9445 -5.6598 1
4.0564 -6.3702 1
4.4491 -5.2794 1
2.6299 -7.2494 1
4.2534 -5.6912 1
3.9990 -5.6978 1
3.5559 -4.8491 1
5.7869 -5.6038 1
3.8591 -5.6967 1
5.1022 -5.8637 1
6.7710 -5.2164 1
5.4302 -5.4046 1
5.4458 -5.1445 1
4.8786 -5.4139 1
5.0925 -4.7165 1
4.8996 -4.7878 1
5.0351 -7.3487 1
3.8163 -4.7868 1
3.5592 -3.8821 1
5.0389 -2.0694 1
4.6862 -4.5781 1
3.5921 -5.8415 1
5.8052 -4.9075 1
4.3068 -6.3038 1
5.9331 -4.5247 1
6.3582 -4.9312 1
5.4474 -4.5800 1
4.6775 -4.6101 1
4.3587 -3.1988 1
4.2908 -7.2250 1
5.4985 -4.5562 1
4.9432 -5.6809 1
5.0205 -4.2789 1
3.1671 -7.6251 1
4.6915 -7.0806 1
5.9154 -4.1651 1
5.6476 -4.8905 1
5.9496 -4.2125 1
5.9734 -3.2954 1
4.4354 -5.9426 1
4.1577 -5.0921 1
4.6401 -3.1019 1
5.2913 -4.4573 1
4.8908 -4.2633 1
5.7579 -5.5174 1
5.0470 -4.8182 1
4.2262 -5.9148 1
2.7821 -5.6778 1
4.5031 -6.3446 1
4.1834 -5.6788 1
4.8149 -5.5938 1
5.4424 -5.8963 1
5.5824 -4.5240 1
6.0746 -6.1255 1
4.9683 -5.3379 1
6.1020 -4.9375 1
3.1670 -7.2632 1
5.8769 -3.8940 1
6.8687 -5.7680 1
6.5533 -5.3025 1
3.2671 -5.5500 1
5.2813 -5.5428 1
5.8940 -6.7880 1
3.5767 -5.1197 1
4.3500 -4.6563 1
6.9947 -4.6591 1
4.0925 -5.1472 1
4.5266 -5.0961 1
4.1390 -3.9238 1
4.5982 -7.6950 1
5.4933 -3.9468 1
5.8295 -5.7048 1
7.5292 -3.1071 1
4.5495 -4.5279 1
3.8977 -3.8943 1
5.1274 -2.9608 1
4.0571 -5.6674 1
5.3575 -5.5375 1
5.1361 -6.0335 1
5.3326 -5.0029 1
5.5928 -5.3454 1
5.0331 -4.3696 1
4.7004 -4.2999 1
6.2117 -4.7355 1
5.5404 -5.2803 1
6.1735 -4.6936 1
4.6708 -5.0639 1
4.3290 -7.0043 1
4.7352 -7.2811 1
5.8250 -5.1831 1
4.2481 -4.7087 1
4.9506 -4.5102 1
5.6643 -4.7200 1
3.7051 -6.9614 1
4.1818 -5.3350 1
5.0317 -4.1753 1
5.0679 -4.8858 1
4.5936 -4.5140 1
5.1372 -4.3749 1
5.6032 -5.3381 1
5.5448 -5.2435 1
5.3419 -4.2201 1
5.9312 -4.6796 1
5.0942 -6.4031 1
3.6152 -4.4562 1
4.3038 -5.2645 1
3.8809 -6.6726 1
4.8763 -3.5000 1
4.4824 -6.0425 1
3.7534 -4.9062 1
3.4873 -5.1799 1
5.4460 -5.2684 1
3.4629 -7.1002 1
2.7615 -6.4008 1
3.5694 -4.4463 1
4.4098 -6.0414 1
4.2685 -4.2230 1
3.6793 -5.2063 1
4.3885 -4.2941 1
6.2192 -5.2720 1
3.7171 -4.1232 1
4.6081 -4.6288 1
5.0753 -4.8287 1
5.3166 -3.8263 1
4.4509 -6.2424 1
4.6483 -4.2860 1
4.0895 -4.4359 1
4.5876 -3.4582 1
4.8867 -5.9704 1
4.7849 -4.9369 1
4.4706 -6.4954 1
5.4675 -5.5244 1
4.9963 -4.6697 1
5.9803 -5.0008 1
7.6189 -5.9824 1
6.6119 -4.2634 1
6.4595 -3.4939 1
6.1292 -5.2820 1
4.2772 -5.5232 1
3.2149 -4.6954 1
4.6560 -4.3494 1
5.4985 -5.3175 1
5.1679 -4.4416 1
3.2679 -4.5668 1
5.9322 -5.6795 1
4.1431 -5.6937 1
2.0490 -5.7628 1
5.7671 -4.6958 1
4.8531 -4.3665 1
4.2250 -5.3341 1
3.8639 -5.2599 1
4.9265 -5.2255 1
4.8406 -4.4865 1
4.7731 -6.0494 1
5.6382 -4.5161 1
4.7960 -5.3012 1
-11.9970 3.7247 2
-10.9308 4.1834 2
-10.7225 5.4145 2
-10.3894 3.9101 2
-11.8434 0.9310 2
-11.2074 4.3912 2
-9.9880 2.5494 2
-9.4472 4.4442 2
-10.1896 3.0219 2
-11.8176 1.9128 2
-10.5695 1.5860 2
-12.4324 2.7005 2
-12.1502 2.8830 2
-13.0173 5.0811 2
-10.6796 2.3220 2
-10.7441 4.2448 2
-10.6039 3.9337 2
-11.2526 2.6867 2
-12.5087 2.9024 2
-11.1610 2.1811 2
-11.5947 3.8272 2
-9.9968 3.0372 2
-9.9649 3.5956 2
-10.6559 1.8706 2
-8.6535 4.8472 2
-12.2539 3.7676 2
-12.0348 2.1985 2
-11.8131 1.4343 2
-9.9493 2.4489 2
-11.6107 3.4493 2
-11.8204 5.4105 2
-11.7397 2.7239 2
-10.5500 2.7197 2
-10.3084 3.3012 2
-8.9255 4.5303 2
-12.2028 2.3278 2
-10.3196 3.8493 2
-11.9876 3.0681 2
-9.9286 4.3613 2
-9.7116 2.6228 2
-9.8943 4.7116 2
-10.3726 2.8362 2
-10.4666 4.2425 2
-11.4481 3.4154 2
-10.6540 2.5150 2
-10.5140 3.6506 2
-10.1758 5.5309 2
-10.7681 3.8302 2
-12.7490 2.3254 2
-10.2207 3.0045 2
-10.1210 4.8890 2
-11.5666 2.6712 2
-12.0383 3.2451 2
-10.2130 1.3632 2
-10.8020 4.1009 2
-11.5592 1.6833 2
-10.3418 4.5784 2
-10.5397 2.7659 2
-9.9718 3.4210 2
-11.0023 3.9466 2
-12.2503 2.8878 2
-11.6984 3.1600 2
-9.0835 4.2000 2
-10.6041 2.6338 2
-11.6316 2.9281 2
-10.8359 3.2299 2
-9.2100 4.3226 2
-11.2869 1.8216 2
-10.9714 2.5494 2
-11.9960 3.2109 2
-11.4109 1.8419 2
-9.9090 2.6321 2
-11.4444 1.5077 2
-10.1447 2.6961 2
-11.9472 3.1760 2
-8.4827 4.7851 2
-10.1288 2.6105 2
-11.1620 2.9246 2
-10.7980 3.7585 2
-12.2964 3.5665 2
-12.1980 2.2556 2
-11.3187 2.9033 2
-10.5021 3.8864 2
-12.1622 3.1561 2
-11.9838 2.1229 2
-13.6618 2.6114 2
-13.1819 2.6940 2
-11.1530 1.6588 2
-11.0902 2.2113 2
-12.2764 3.3474 2
-12.1198 1.6613 2
-8.6445 4.5166 2
-12.2560 2.1673 2
-10.8913 2.7074 2
-12.2255 2.5737 2
-10.8059 5.1149 2
-11.1505 2.2552 2
-10.9045 3.4616 2
-11.4268 2.4435 2
-11.5729 2.9761 2
-13.0718 2.5991 2
-11.4251 3.2364 2
-12.7891 3.3961 2
-10.8138 2.6449 2
-9.5073 5.0493 2
-11.0851 2.9172 2
-11.3156 0.6148 2
-11.0448 2.7418 2
-12.4048 2.9403 2
-11.4359 3.6747 2
-10.1020 2.5068 2
-10.1746 2.7619 2
-10.6938 2.2335 2
-11.2090 1.1741 2
-10.4024 3.0822 2
-10.4907 4.1973 2
-10.1722 2.7915 2
-10.7029 3.2274 2
-10.9680 3.8145 2
-10.4902 3.5506 2
-10.6353 4.4697 2
-13.6535 2.0012 2
-12.8392 2.7752 2
-11.1004 3.3417 2
-10.3408 2.5592 2
-12.0110 3.5838 2
-10.9868 3.7816 2
-11.2717 2.9022 2
-11.6311 2.6320 2
-10.3211 4.1472 2
-12.7634 1.1745 2
-10.1909 4.5996 2
-11.8187 1.5056 2
-10.7489 4.5227 2
-11.1964 3.2105 2
-10.3513 4.1813 2
-10.1486 4.6487 2
-11.4617 2.9140 2
-11.5970 3.3531 2
-9.8941 1.9843 2
-10.7314 2.5436 2
-10.7602 3.8888 2
-11.3450 0.7288 2
-12.5545 2.3260 2
-10.3769 1.8127 2
-10.8612 1.2573 2
-11.8487 1.7250 2
-12.5325 2.7535 2
-11.3187 2.9797 2
-11.9428 2.4880 2
-12.3609 2.7110 2
-11.5548 2.7996 2
-11.2399 2.8442 2
-11.5386 2.1887 2
-9.8617 4.5766 2
-11.4166 3.4732 2
-13.4731 3.2570 2
-10.5549 2.7231 2
-10.4734 2.7480 2
-10.8718 3.5581 2
-3.7611 -2.6367 3
-3.6385 -3.7914 3
-2.9699 -1.3076 3
-4.1151 -1.8846 3
-2.8276 -3.3251 3
-5.3137 -3.3780 3
-4.1812 -2.0046 3
-3.7264 -2.6497 3
-1.6895 -0.8612 3
-4.0452 -2.7784 3
-4.0995 -4.4831 3
-4.6009 -2.6763 3
-1.6731 -1.1356 3
-4.2221 -4.2096 3
-3.0682 -3.8788 3
-3.2044 -3.7529 3
-5.3148 -3.4009 3
-2.4360 -1.1598 3
-4.3020 -1.6389 3
-3.5122 -3.2897 3
-5.4106 -4.9082 3
-3.9635 -1.0327 3
-4.2987 -2.9166 3
-5.4988 -3.7202 3
-3.7418 -1.9748 3
-4.3766 -2.2031 3
-5.1623 -3.7519 3
-3.0441 -3.2161 3
-4.2089 -3.4273 3
-4.0437 -2.5722 3
-5.2863 -2.7579 3
-4.3274 -2.7520 3
-3.7701 -3.1756 3
-3.1062 -1.6817 3
-4.2434 -2.3873 3
-5.3274 -4.5801 3
-4.2795 -3.3630 3
-4.2304 -2.9685 3
-3.6321 -4.4225 3
-2.7036 -3.5425 3
-5.0830 -2.6485 3
-3.7211 -3.2463 3
-4.6288 -2.8913 3
-3.5869 -4.9157 3
-5.7676 -3.1390 3
-5.2819 -4.4635 3
-4.4578 -1.5768 3
-3.2964 -3.9322 3
-5.4885 -2.9817 3
-2.6965 -2.5825 3
-3.6610 -3.0041 3
-5.9791 -3.3640 3
-4.0406 -2.9752 3
-5.2167 -4.7509 3
-3.7441 -2.9135 3
-3.0677 -3.9073 3
-2.0081 -2.0635 3
-3.9823 -2.4375 3
-3.4559 -1.9337 3
-5.2713 -0.6429 3
-2.5264 -1.0781 3
-3.6898 -2.5202 3
-1.4315 -3.4929 3
-4.1414 -4.6455 3
-4.6174 -3.6021 3
-2.9817 -2.6954 3
-4.0763 -2.8809 3
-4.8052 -4.2048 3
-3.4489 -2.5630 3
-4.3390 -2.2891 3
-4.3535 -2.2404 3
-5.0011 -3.9487 3
-4.0282 -3.5007 3
-2.7501 -3.0167 3
-4.5470 -3.7722 3
-3.6466 -1.9445 3
-2.5433 -1.9870 3
-3.3279 -2.5698 3
-4.6933 -4.6010 3
-5.0400 -5.5762 3
-3.7164 -2.8018 3
-3.3200 -2.3215 3
-3.1734 -3.7563 3
-2.7530 -4.5878 3
-5.1092 -3.2241 3
-3.7501 -2.2785 3
-4.7627 -2.1921 3
-2.4994 -1.2427 3
-3.4566 -2.7212 3
-6.4871 -3.7112 3
-3.6285 -1.7989 3
-4.8316 -3.2934 3
-6.1515 -4.3550 3
-5.1907 -1.5885 3
-4.1457 -2.0059 3
-2.5452 -3.4620 3
-4.4541 -2.9309 3
-2.3863 -1.6372 3
-1.9332 -1.7995 3
-4.6809 -0.7043 3
-5.3910 -1.6399 3
-3.2253 -1.8391 3
-3.2257 -1.5023 3
-3.1012 -3.4164 3
-3.8507 -4.3142 3
-3.9593 -2.9177 3
-2.2065 -3.1470 3
-4.0058 -2.6835 3
-4.2298 -3.7903 3
-2.7989 -3.1381 3
-3.5318 -4.5050 3
-5.1740 -2.8799 3
-4.0085 -4.6019 3
-3.0396 -3.4232 3
-4.4615 -4.3138 3
-2.1286 -1.9974 3
-4.2168 -2.5418 3
-3.0329 -3.1291 3
-3.9144 -0.6021 3
-5.2789 -3.5786 3
-3.3459 -2.6964 3
-3.0361 -3.4913 3
-3.2771 -2.6913 3
-1.8070 -4.1370 3
-4.0067 -4.0177 3
-3.6174 -1.8912 3
-6.4166 -4.7788 3
-2.3298 -2.3573 3
-2.6840 -1.8107 3
-3.7539 -0.7187 3
-5.1726 -3.2635 3
-3.8710 -1.0843 3
-6.1684 -3.9739 3
-4.1517 -2.4196 3
-5.3992 -3.3052 3
-2.9112 -3.1084 3
-2.0919 -3.5571 3
-4.1422 -4.3575 3
-5.2012 -4.4245 3
-5.4354 -4.6176 3
-3.4637 -2.2816 3
-4.4659 -4.1202 3
-3.6500 -2.5469 3
-3.0571 -3.4265 3
-5.0463 -3.1881 3
-4.7802 -3.7331 3
-4.4453 -2.1945 3
-5.1053 -2.0465 3
-4.2074 -2.6858 3
-5.2772 -4.0612 3
-3.7669 -2.0910 3
-4.4977 -3.0229 3
-3.0479 -1.1798 3
-4.2480 -5.1552 3
-4.5835 -3.7951 3
-4.6272 -2.5387 3
-2.7806 -2.3531 3
-4.2195 -1.8737 3
-3.6022 -4.6320 3
-2.5158 -2.0089 3
14.1682 -8.9899 4
12.6378 -7.8009 4
13.7763 -8.3115 4
15.5820 -5.4406 4
14.8497 -6.3964 4
16.3857 -7.3104 4
13.9308 -7.0911 4
14.2039 -7.0981 4
12.8546 -7.8751 4
14.0874 -8.0512 4
13.7712 -8.3125 4
12.1628 -8.4135 4
13.7584 -7.3567 4
12.7334 -7.9714 4
13.4603 -7.3988 4
14.5675 -8.8212 4
13.9132 -8.9759 4
14.3044 -8.4253 4
13.4401 -6.6813 4
13.7182 -7.4331 4
14.5083 -8.9443 4
12.9983 -9.7409 4
13.5572 -8.6257 4
15.4054 -6.9563 4
13.7047 -7.4811 4
15.5571 -7.4195 4
15.6426 -8.3453 4
13.2416 -7.6671 4
15.2214 -7.6854 4
15.1168 -7.4305 4
16.0042 -6.4541 4
13.3800 -8.5978 4
16.0286 -6.4108 4
13.0002 -7.4701 4
13.8841 -7.7847 4
14.5018 -9.1165 4
13.9565 -8.6074 4
14.8140 -8.3914 4
15.5383 -7.3536 4
14.7225 -7.0949 4
13.7818 -7.9802 4
14.1164 -9.4604 4
13.4094 -8.0235 4
12.7001 -8.6580 4
13.4829 -8.1463 4
14.0899 -9.0051 4
15.3815 -6.5444 4
14.0498 -7.2289 4
16.1424 -6.0613 4
15.4011 -6.4010 4
14.2249 -7.2336 4
13.9269 -8.4729 4
12.1467 -8.9263 4
12.0503 -7.8647 4
14.2130 -8.1085 4
15.1626 -6.7927 4
14.1448 -8.7315 4
13.5445 -9.8772 4
13.4032 -9.0180 4
14.5529 -8.8934 4
14.7288 -8.0713 4
14.1717 -7.2044 4
13.8187 -7.2876 4
13.1063 -7.3834 4
14.7927 -7.9138 4
13.6916 -6.8603 4
14.4671 -9.0939 4
13.5244 -7.4844 4
15.0793 -7.1475 4
15.6763 -5.7616 4
12.2627 -8.8767 4
14.2087 -9.4903 4
14.1559 -8.4619 4
15.5841 -6.2216 4
14.1230 -7.8929 4
14.7326 -8.1719 4
14.1776 -7.8061 4
14.2992 -7.7951 4
13.0413 -8.7443 4
14.0799 -8.1242 4
14.5524 -8.5034 4
13.5167 -8.2128 4
13.7502 -9.1701 4
13.4857 -8.5807 4
16.0910 -6.6474 4
15.0173 -7.5643 4
12.3669 -9.6682 4
13.4791 -7.2696 4
12.9562 -9.1062 4
12.6293 -8.4637 4
14.1297 -8.7058 4
15.1854 -7.7602 4
11.5396 -9.6869 4
13.8146 -8.2199 4
14.4234 -7.6526 4
14.0720 -8.8663 4
13.3298 -8.4279 4
13.8590 -7.3076 4
13.5777 -8.7396 4
14.1047 -9.4333 4
13.6131 -7.6320 4
12.9818 -9.2830 4
14.1312 -6.8611 4
13.8701 -7.4642 4
12.4715 -9.3072 4
12.1292 -8.3656 4
14.6671 -8.0039 4
12.9562 -9.0173 4
13.2744 -7.9835 4
13.1872 -8.7707 4
11.9576 -8.5444 4
13.5554 -8.7418 4
13.4388 -8.4961 4
13.1014 -9.6017 4
15.2690 -7.4904 4
14.4318 -7.8495 4
12.1370 -10.2560 4
13.8237 -7.1905 4
12.0377 -8.7453 4
17.1562 -5.9768 4
13.5134 -6.8114 4
13.9717 -8.6217 4
13.1315 -6.0376 4
15.3820 -8.9003 4
13.1424 -8.7938 4
15.1700 -9.1543 4
16.8628 -6.7549 4
14.0175 -7.3840 4
14.0166 -8.4852 4
13.7201 -8.2406 4
14.5684 -7.1980 4
15.3671 -8.2206 4
15.2938 -8.5090 4
13.6285 -8.8258 4
13.7907 -7.2303 4
14.3753 -6.7573 4
12.6179 -7.0386 4
15.0030 -7.7056 4
13.1776 -6.9654 4
13.3996 -9.8758 4
11.8466 -9.9116 4
13.8826 -7.9935 4
14.9545 -7.6883 4
15.2641 -8.6418 4
13.4136 -7.8452 4
15.4993 -6.5628 4
13.7679 -8.4292 4
13.2527 -9.7578 4
14.9702 -9.5695 4
13.3394 -8.2882 4
15.6404 -7.3471 4
13.2006 -9.3787 4
14.1609 -9.5966 4
14.0072 -8.4043 4
14.0936 -7.5217 4
12.9471 -8.8861 4
12.0078 -7.9165 4
14.6419 -8.3123 4
13.7181 -9.1957 4
13.8599 -7.7089 4
