1.9847 7.6994 0
3.0676 6.8732 0
1.7864 6.3882 0
2.1528 8.7200 0
2.9725 8.6635 0
2.5151 7.8654 0
2.4179 7.5340 0
1.9930 7.7320 0
1.7226 8.8663 0
2.0374 8.1595 0
1.9064 7.9923 0
2.5757 8.6237 0
2.4460 7.2620 0
0.5716 6.1903 0
1.4535 7.4000 0
3.5085 8.7174 0
3.2128 8.8705 0
1.5089 7.7381 0
1.3028 6.1336 0
1.9148 7.8302 0
1.5693 8.2597 0
0.3233 6.1854 0
1.1547 6.8071 0
-0.3475 7.3160 0
2.3180 8.6403 0
1.5354 7.7804 0
3.3054 8.4325 0
1.6220 6.6084 0
2.6300 8.7235 0
2.4625 8.7318 0
2.1614 6.7377 0
2.3222 7.9662 0
2.3820 8.3840 0
3.1260 9.0022 0
1.9404 6.3229 0
2.3345 8.2531 0
2.3431 9.3622 0
2.6547 7.4870 0
0.5881 7.2117 0
1.9786 10.1065 0
0.2373 7.0391 0
0.6671 7.4264 0
1.7933 6.4776 0
2.1910 8.2108 0
1.7796 7.8614 0
1.8548 6.9014 0
1.2077 6.9764 0
1.4467 9.0905 0
3.2620 6.9469 0
0.6341 6.5144 0
2.8186 8.4595 0
3.0582 8.1003 0
2.8030 10.3332 0
4.0524 8.4287 0
2.0095 8.9143 0
0.3213 6.8730 0
3.6726 9.7547 0
2.2817 7.9956 0
2.1344 7.6252 0
2.1430 8.1061 0
3.3225 8.0968 0
0.4787 7.7210 0
3.0893 9.2050 0
2.2147 8.2872 0
2.7984 8.2563 0
2.3362 8.4009 0
3.0702 9.0109 0
1.0140 7.8761 0
2.3201 7.8828 0
2.8270 9.6355 0
3.0275 8.0340 0
0.5703 6.4847 0
0.4437 6.8741 0
2.0372 8.3060 0
2.5810 6.2139 0
2.4483 7.4372 0
2.3973 8.2801 0
2.4164 8.4529 0
1.0918 7.3247 0
1.8690 7.9667 0
1.2436 8.6717 0
1.4769 8.3757 0
0.5444 7.4468 0
1.7213 7.8958 0
1.3375 7.4081 0
1.5434 8.1294 0
3.6043 9.8017 0
3.4874 7.8822 0
1.3455 7.7490 0
2.3332 8.2015 0
1.6481 8.6977 0
2.5112 8.2629 0
1.9496 7.3357 0
3.7961 8.5610 0
2.7986 8.8816 0
1.1456 7.2290 0
1.8877 6.3322 0
0.2735 7.1174 0
2.2168 7.6993 0
1.1703 7.9983 0
1.6517 8.1114 0
0.9121 7.4779 0
1.8633 7.8433 0
1.5377 8.4736 0
2.0916 8.9727 0
1.7764 9.5068 0
3.8545 7.7165 0
1.4647 7.1853 0
3.4802 9.7596 0
1.0742 8.2766 0
2.0158 8.3408 0
1.1128 8.6830 0
1.9913 6.4926 0
2.5063 6.8544 0
2.9318 8.6775 0
2.1959 8.1309 0
1.9146 8.1344 0
-0.1160 5.9710 0
1.9336 9.3911 0
2.5799 8.7562 0
1.6742 6.9726 0
1.1555 8.0531 0
2.4671 7.0848 0
1.1288 8.2506 0
0.8699 6.3935 0
3.0806 9.3250 0
2.0930 7.4289 0
1.6882 9.1266 0
1.5070 7.1136 0
2.8271 9.8475 0
1.7896 6.8966 0
0.6865 5.8034 0
2.0448 8.8609 0
1.8118 8.4509 0
1.0956 8.8517 0
1.8914 8.9363 0
1.2920 7.5554 0
0.8117 7.7497 0
1.0785 8.4234 0
1.5553 7.6506 0
2.8119 7.6733 0
1.7810 7.2740 0
1.1511 6.2963 0
3.6869 8.1842 0
3.6978 8.9703 0
2.4749 7.1849 0
1.5873 8.5828 0
2.3786 9.5241 0
1.8904 7.7374 0
2.3841 8.4393 0
1.8011 8.7951 0
2.6410 8.1348 0
2.6715 8.8176 0
1.7744 7.6502 0
1.1477 8.4671 0
-0.0913 7.2160 0
1.1511 8.6849 0
3.2702 9.4482 0
3.5238 9.0721 0
0.4922 9.4207 0
14.0609 -12.1071 1
14.0715 -15.6255 1
12.7451 -13.0253 1
14.7495 -12.5003 1
12.8862 -13.7017 1
13.6277 -13.2877 1
13.1972 -11.6082 1
12.7165 -13.7672 1
14.9172 -10.9790 1
14.3345 -10.9531 1
15.0552 -12.4102 1
14.8804 -11.5145 1
15.0236 -13.6073 1
14.0056 -12.2311 1
13.5874 -13.8095 1
14.5012 -13.0299 1
15.5614 -13.4241 1
14.2311 -13.3419 1
13.1540 -12.9437 1
13.5138 -14.1580 1
14.4716 -13.5344 1
13.1352 -12.6414 1
13.2499 -14.1534 1
13.5538 -13.6093 1
14.2508 -12.4567 1
14.9420 -14.3689 1
14.4136 -12.5911 1
13.4742 -12.1800 1
13.3257 -13.4674 1
12.8481 -13.8060 1
14.2397 -10.9124 1
12.9117 -13.8624 1
14.0163 -14.2252 1
15.4553 -11.9703 1
14.1414 -14.1625 1
14.5944 -13.7843 1
14.0603 -12.9422 1
14.1479 -13.5508 1
12.8330 -12.6043 1
14.0473 -11.5700 1
14.3854 -13.6889 1
14.8131 -11.5110 1
14.3758 -13.0550 1
14.7016 -14.0899 1
13.4722 -12.9547 1
12.8061 -13.9970 1
13.1671 -13.6385 1
13.7177 -13.1392 1
12.3021 -12.4242 1
13.9884 -12.2393 1
14.8829 -11.7715 1
13.9934 -12.9417 1
14.2115 -11.2369 1
14.1754 -12.1047 1
15.2963 -12.3134 1
14.6862 -13.0645 1
13.3921 -12.8731 1
13.3561 -14.5080 1
13.9441 -13.2271 1
11.6735 -13.5553 1
15.9313 -10.8190 1
14.3075 -12.4264 1
12.8742 -13.5704 1
13.6453 -12.4939 1
13.0983 -12.9432 1
12.9780 -13.0114 1
14.7433 -13.3208 1
12.7282 -14.9513 1
15.9506 -12.2271 1
15.6895 -12.1562 1
14.7972 -12.4644 1
13.0048 -13.6332 1
15.8050 -12.9885 1
12.5238 -12.1929 1
14.7100 -13.2033 1
14.4857 -12.5027 1
14.2807 -12.8419 1
14.2064 -12.5592 1
14.0874 -12.2055 1
12.7208 -12.8737 1
12.9887 -12.7935 1
14.2330 -14.0989 1
11.9662 -13.5824 1
14.8469 -15.7090 1
15.1666 -11.9658 1
13.6324 -14.3130 1
16.3092 -11.8328 1
13.9431 -13.5193 1
13.9412 -13.3730 1
13.6902 -13.7938 1
14.3075 -11.7451 1
12.7837 -13.1513 1
13.9702 -13.4317 1
12.0612 -13.0092 1
15.1811 -11.1866 1
14.0360 -11.7819 1
14.5726 -14.0587 1
15.4581 -13.6139 1
14.2833 -11.5057 1
14.8923 -13.8699 1
14.5968 -13.1803 1
13.5535 -14.1149 1
14.8411 -13.4918 1
14.1238 -12.1740 1
13.4980 -12.3737 1
14.9915 -12.1712 1
14.1942 -13.8816 1
13.1050 -13.0358 1
14.5169 -13.3693 1
14.5059 -12.5134 1
14.4119 -12.6259 1
14.3516 -12.4758 1
14.7394 -14.8051 1
13.5261 -14.1790 1
14.7318 -11.3828 1
13.5422 -13.8769 1
13.9404 -13.8149 1
15.1239 -14.0070 1
14.7538 -11.6989 1
15.1471 -11.4350 1
14.4850 -14.8966 1
14.7205 -12.2373 1
15.9141 -11.2142 1
13.1548 -14.5403 1
14.3074 -13.9652 1
13.3734 -12.3199 1
13.3093 -14.6583 1
12.8705 -12.9041 1
13.9114 -14.0025 1
13.4568 -13.7231 1
13.0825 -13.2985 1
14.7596 -13.5671 1
15.4355 -12.8750 1
11.2119 -14.0406 1
12.9134 -12.8531 1
13.5074 -14.4877 1
14.4878 -12.0206 1
14.0215 -12.9838 1
12.6094 -14.8493 1
14.0529 -12.8493 1
14.5415 -11.6601 1
15.1925 -12.3170 1
13.1780 -13.1781 1
14.9904 -14.1099 1
17.3909 -11.4511 1
14.0719 -11.6310 1
14.2832 -13.7524 1
14.2613 -12.9351 1
12.8792 -15.1654 1
15.5132 -13.3575 1
13.3165 -13.8669 1
15.5504 -10.7167 1
13.9031 -12.9477 1
14.7969 -13.3764 1
14.5875 -13.8520 1
15.3068 -12.1563 1
12.8677 -12.9838 1
15.2394 -12.6377 1
13.4338 -13.5983 1
15.1161 -12.4771 1
-10.6891 7.1757 2
-12.4452 8.3518 2
-11.3998 7.5725 2
-12.0340 8.2594 2
-10.8275 9.5406 2
-10.9255 7.7828 2
-10.9342 9.3927 2
-10.4552 8.6137 2
-11.1828 7.6725 2
-11.9361 9.6562 2
-12.6024 8.4968 2
-11.0633 10.1902 2
-10.7637 6.4367 2
-12.0227 8.5674 2
-13.3406 7.3478 2
-10.9785 8.0059 2
-11.4721 7.3724 2
-11.5638 8.0864 2
-11.8832 9.0351 2
-11.9754 8.8739 2
-11.4277 7.9642 2
-10.8282 9.1576 2
-10.6194 9.0312 2
-11.1919 7.4888 2
-12.5833 5.5226 2
-10.8627 7.7198 2
-10.8190 8.3303 2
-11.4407 8.4878 2
-10.7291 8.0149 2
-12.6455 7.4445 2
-11.0729 8.0894 2
-10.3907 9.5800 2
-12.5392 7.8049 2
-13.5455 7.6544 2
-10.8860 7.4551 2
-12.4103 6.9561 2
-12.0347 8.5480 2
-11.3653 8.0957 2
-12.3876 8.2097 2
-13.4707 7.2518 2
-12.1980 6.8063 2
-12.2773 7.6543 2
-12.2865 7.4146 2
-11.9592 7.4921 2
-12.4638 8.4179 2
-10.8501 7.2877 2
-11.8311 7.9951 2
-11.3619 7.6349 2
-11.7890 8.8296 2
-11.5500 7.6482 2
-12.2565 8.0966 2
-11.3334 6.7432 2
-11.1227 7.7317 2
-11.8516 8.1465 2
-11.4547 8.6068 2
-12.5230 8.8502 2
-12.9393 7.5396 2
-11.9590 7.8268 2
-13.7481 7.9827 2
-13.5293 6.8816 2
-12.9844 8.6496 2
-12.8097 7.0497 2
-13.1497 9.0156 2
-10.3258 10.7384 2
-10.5521 7.4041 2
-11.6160 7.2983 2
-13.1357 6.8348 2
-11.7972 8.2880 2
-12.5876 9.5714 2
-12.9328 6.7115 2
-13.4405 8.7310 2
-13.9644 5.8186 2
-10.0264 7.9421 2
-12.1197 6.8464 2
-11.7303 7.9110 2
-12.2647 8.9498 2
-11.5582 9.1378 2
-10.4319 9.9409 2
-11.4926 6.5211 2
-12.2995 8.0965 2
-14.3356 7.5605 2
-12.3612 6.9370 2
-10.9030 8.4582 2
-11.5918 7.6910 2
-11.4249 8.5651 2
-12.0829 6.8145 2
-11.0182 7.9168 2
-10.3049 7.9082 2
-13.3206 7.7822 2
-11.4220 7.8560 2
-12.7488 8.0868 2
-12.5471 6.5952 2
-14.1490 7.0894 2
-11.0513 7.9237 2
-11.5057 7.6506 2
-13.4051 6.9245 2
-12.2695 9.0373 2
-11.2968 8.1322 2
-13.9639 5.2137 2
-10.9289 8.2704 2
-11.7294 7.6187 2
-12.3404 8.7308 2
-11.7939 7.2630 2
-13.9692 5.7505 2
-12.9634 5.6559 2
-10.9861 7.5888 2
-11.5262 7.0407 2
-12.5008 6.7638 2
-11.9068 9.0773 2
-12.9698 6.3262 2
-13.7864 6.5568 2
-11.1761 7.7395 2
-10.1258 8.1326 2
-10.3241 8.9833 2
-12.0555 7.3274 2
-11.8303 7.0430 2
-10.6992 7.7794 2
-11.9664 7.2292 2
-11.4155 7.7049 2
-11.7586 6.9358 2
-11.7703 9.4654 2
-10.9576 7.7292 2
-12.7262 7.0182 2
-13.9087 8.5654 2
-14.0769 6.4197 2
-11.4716 8.0602 2
-12.0288 9.3352 2
-10.9994 9.2573 2
-11.9623 8.2059 2
-10.4404 6.9276 2
-12.2382 7.0107 2
-12.3676 8.2253 2
-11.9244 8.4847 2
-12.9691 7.2069 2
-11.6507 6.7314 2
-11.1008 8.2697 2
-12.2018 6.9576 2
-11.8827 6.5864 2
-12.3731 8.6540 2
-11.4358 7.7914 2
-10.9095 8.4383 2
-12.1169 8.3870 2
-12.6623 9.8323 2
-11.4397 8.1556 2
-10.4718 8.4416 2
-12.0842 7.4916 2
-13.5473 7.2489 2
-12.1251 7.3066 2
-13.4151 7.6352 2
-13.7231 8.1360 2
-12.0427 7.8267 2
-10.9157 7.7688 2
-12.3806 7.6505 2
-13.4218 7.9519 2
-9.8708 8.1577 2
-12.5132 9.2324 2
-11.0053 6.7519 2
-11.8992 8.1473 2
-12.2577 8.2603 2
-12.2144 8.6977 2
9.8020 14.2108 3
9.7826 14.7941 3
10.6739 13.8949 3
9.9736 12.9134 3
12.7997 15.3940 3
8.5932 12.8249 3
10.7572 13.6018 3
11.0036 13.5120 3
11.0882 13.1456 3
9.9042 14.1737 3
12.1105 13.6816 3
9.4859 12.7385 3
11.7565 11.6413 3
11.0164 13.5809 3
12.2179 13.7462 3
9.4081 13.3138 3
10.1247 12.2387 3
9.9987 13.1953 3
11.2951 13.6243 3
11.7065 12.0158 3
12.0091 13.8113 3
10.4314 14.0845 3
10.4863 13.9040 3
10.3363 13.2462 3
9.6022 11.8336 3
11.5968 13.8106 3
11.1563 15.6056 3
10.8002 12.9650 3
10.4961 14.9812 3
11.9923 15.1884 3
10.9497 14.3403 3
11.9506 13.5378 3
10.8481 14.0364 3
10.4387 14.5313 3
11.8500 14.9368 3
10.9872 13.5123 3
10.9376 15.1753 3
12.0652 15.2855 3
10.7193 13.8768 3
10.9686 15.4059 3
10.5570 16.2672 3
10.4172 14.5826 3
11.1375 14.8358 3
12.8169 15.4075 3
11.6333 13.4024 3
12.5982 15.0478 3
10.1855 13.0892 3
12.8528 15.4601 3
11.3928 15.4633 3
10.9306 14.7987 3
11.2418 13.9613 3
11.5245 13.4807 3
12.2846 15.8430 3
10.8779 12.9715 3
11.2052 13.7697 3
10.5590 13.2849 3
11.0854 13.7234 3
9.0464 13.6090 3
10.2818 13.2663 3
8.6790 13.0882 3
10.5367 14.0073 3
10.1093 13.2615 3
12.3954 15.4007 3
10.4062 13.2492 3
9.8050 12.9251 3
10.8315 13.1648 3
11.2294 15.4046 3
10.0371 14.6461 3
11.0374 15.5723 3
10.8330 13.8788 3
11.3280 13.3281 3
12.2381 14.4364 3
11.0238 14.3074 3
11.4157 13.4022 3
10.5676 12.8660 3
11.1356 13.1701 3
10.3181 12.5165 3
12.2297 14.0266 3
10.5077 13.3108 3
9.8315 14.8216 3
10.8638 13.1912 3
10.2885 12.6629 3
12.6223 13.4160 3
11.2602 13.6293 3
10.5771 14.2092 3
10.9924 12.6708 3
10.8232 13.6246 3
12.6466 14.5028 3
12.4492 17.7225 3
9.5196 12.1069 3
11.3328 13.7761 3
10.9223 14.0181 3
10.0948 13.4219 3
10.3548 13.7440 3
11.7756 14.1992 3
10.4131 13.6524 3
12.3373 15.7475 3
10.9933 13.1849 3
11.0953 13.6891 3
13.0611 14.2560 3
11.7258 16.5188 3
10.2299 12.6289 3
11.9371 13.9068 3
10.4516 13.7964 3
9.6144 14.0273 3
11.7141 14.1743 3
10.3502 14.4632 3
9.6199 14.0066 3
12.2269 17.5119 3
10.8465 14.0618 3
12.2906 15.6507 3
11.5785 14.0405 3
8.5708 12.5612 3
11.8140 12.7949 3
8.7472 14.5941 3
10.8622 15.1353 3
10.4505 13.8679 3
10.3326 14.6727 3
11.8359 14.5511 3
10.4546 14.4504 3
10.9046 13.6823 3
10.6255 13.0238 3
10.0379 13.5311 3
11.0194 15.6432 3
9.2386 12.9326 3
9.6421 14.4548 3
12.0492 15.4384 3
12.0421 14.0105 3
12.6132 15.9420 3
9.8044 13.7190 3
10.7849 14.0479 3
11.1353 13.9040 3
11.4088 12.5336 3
11.8586 15.2726 3
11.2153 13.3510 3
11.8401 15.3197 3
10.7523 14.5081 3
11.8582 13.3811 3
11.5037 13.9327 3
10.6403 13.1964 3
12.3823 14.1455 3
10.7033 15.2198 3
11.0745 14.8229 3
11.1991 13.8270 3
12.5205 14.5708 3
8.8390 12.9627 3
11.8852 13.1018 3
10.4145 15.8266 3
11.1068 15.6210 3
10.9260 13.6613 3
12.5239 14.2187 3
7.9237 11.8365 3
9.9643 14.1336 3
11.4278 13.8123 3
11.3584 14.5607 3
11.3736 15.2784 3
12.2013 14.9249 3
11.6594 13.7201 3
11.3234 14.0958 3
9.2482 13.4868 3
-6.6582 -9.7777 4
-7.7850 -10.8136 4
-8.4480 -10.4381 4
-8.7422 -10.4956 4
-7.7235 -10.1250 4
-6.0147 -9.3839 4
-7.2487 -9.2053 4
-7.9341 -9.4753 4
-7.3391 -8.5147 4
-10.0121 -9.6014 4
-8.6305 -10.5831 4
-8.7318 -9.9078 4
-8.0799 -8.9863 4
-7.8052 -8.3947 4
-7.2968 -8.0964 4
-10.2507 -9.9939 4
-6.0372 -9.5352 4
-6.3335 -8.8476 4
-8.7101 -10.6759 4
-7.8732 -8.9243 4
-8.3020 -9.8379 4
-8.0710 -9.5156 4
-9.6216 -11.7521 4
-9.0088 -9.7074 4
-8.3097 -9.6895 4
-7.6854 -10.9914 4
-7.6539 -9.9065 4
-8.2133 -11.8825 4
-8.3912 -10.0750 4
-8.2731 -9.8672 4
-8.6891 -10.8547 4
-8.8385 -10.5097 4
-6.5825 -8.2962 4
-8.9202 -10.3223 4
-10.0662 -12.5283 4
-7.1401 -10.6539 4
-9.9375 -12.0051 4
-7.4848 -9.0473 4
-7.3794 -9.6586 4
-8.8858 -9.7514 4
-8.6979 -9.6840 4
-7.7305 -10.5370 4
-9.1566 -9.6922 4
-8.1329 -9.5070 4
-8.7617 -11.0700 4
-8.4234 -9.9598 4
-6.3908 -10.0730 4
-6.1241 -9.4796 4
-8.0250 -8.2395 4
-8.3962 -9.1051 4
-8.2067 -8.9599 4
-7.1720 -8.7646 4
-7.7836 -9.8158 4
-6.4257 -8.7982 4
-7.9972 -10.4810 4
-7.5267 -9.4019 4
-7.0879 -11.2891 4
-7.4552 -9.5223 4
-7.3781 -11.7132 4
-8.9781 -9.9972 4
-9.5662 -10.2934 4
-7.2191 -9.1224 4
-8.0112 -9.0603 4
-7.5491 -10.1497 4
-7.0164 -10.5561 4
-8.9468 -9.2824 4
-7.9078 -10.6800 4
-8.6522 -11.9167 4
-7.1308 -7.8636 4
-9.2430 -10.3307 4
-6.1751 -9.3350 4
-9.2192 -10.0669 4
-8.9751 -8.1629 4
-8.4775 -11.0267 4
-9.7891 -9.4849 4
-8.5198 -10.6290 4
-6.6679 -11.7439 4
-5.3883 -9.7148 4
-8.4638 -9.4841 4
-8.0913 -11.8846 4
-8.2218 -10.6901 4
-6.6979 -7.2478 4
-8.3917 -11.2530 4
-7.4565 -9.3211 4
-7.1460 -9.2157 4
-6.3909 -8.6619 4
-7.0327 -11.1314 4
-8.5089 -9.4555 4
-6.7767 -10.2734 4
-8.2093 -9.8571 4
-6.4105 -7.7687 4
-7.0138 -8.6645 4
-6.9478 -9.6010 4
-6.3941 -8.5977 4
-8.4258 -10.7390 4
-9.0955 -9.6862 4
-8.3037 -10.8347 4
-8.2904 -10.8036 4
-9.9767 -11.3648 4
-7.7624 -10.1700 4
-8.4431 -10.1299 4
-6.9698 -9.8722 4
-8.2610 -10.7722 4
-9.0708 -9.4696 4
-8.3824 -10.1314 4
-8.7162 -11.8525 4
-8.0555 -9.2486 4
-6.7970 -9.7878 4
-7.4840 -10.0694 4
-6.0371 -9.8682 4
-7.3180 -8.3919 4
-7.9086 -10.8269 4
-5.4650 -7.5328 4
-7.7119 -11.0996 4
-9.1861 -10.5747 4
-7.7118 -10.3637 4
-9.1103 -10.1575 4
-7.8512 -11.2280 4
-7.8386 -9.8700 4
-6.2280 -8.8553 4
-7.8227 -7.8298 4
-7.8004 -10.6198 4
-6.7603 -9.4858 4
-7.1606 -11.1115 4
-9.1990 -9.3903 4
-7.3113 -9.1057 4
-9.2908 -11.3872 4
-7.8148 -10.1498 4
-6.7574 -8.0202 4
-7.9329 -10.1056 4
-9.2429 -11.0496 4
-7.9639 -9.5286 4
-5.3549 -10.2870 4
-6.8278 -9.7367 4
-8.8218 -9.0467 4
-7.0779 -10.1281 4
-8.4858 -8.7931 4
-7.7512 -10.2956 4
-6.8012 -10.8396 4
-6.0602 -8.5781 4
-8.7145 -8.6978 4
-6.6057 -9.3756 4
-7.2664 -9.7102 4
-7.0571 -9.4973 4
-9.4364 -10.6057 4
-7.5401 -10.2487 4
-8.3846 -10.1152 4
-9.3556 -11.2487 4
-7.5935 -10.4155 4
-7.3045 -9.7424 4
-7.7665 -10.0191 4
-9.8473 -10.7855 4
-7.3528 -9.0782 4
-7.8931 -9.4430 4
-6.3232 -9.9286 4
-7.9593 -11.7448 4
-7.7441 -8.9461 4
-9.0009 -9.9857 4
-6.8941 -9.7031 4
-8.0477 -9.4921 4
