89.8128 48 0
49.4424 61 1
88.452 45 0
85.2768 47 0
66.6792 43 0
88.9056 46 0
73.0296 31 1
66.2256 41 0
82.5552 40 1
78.0192 35 1
95.256 34 1
76.4316 38 0
68.04 25 0
62.8236 34 0
79.38 49 1
83.0088 40 1
67.3 27 0
63.8 46 0
94.0 47 1
60.3288 34 0
58.0608 40 0
67.1328 39 0
64.5 30 1
75.0 44 0
62.9 38 1
75.0 39 1
81.3 35 0
70.0 28 0
64.1 33 1
55.566 40 1
81.6 36 0
70.0 40 0
69.6 34 1
73.0 37 0
50.8 30 0
87.0 38 0
82.7 45 0
62.6 29 1
72.6 48 0
72.9 34 0
87.0 27 0
69.0 37 1
61.4 35 0
87.2 49 0
75.7 34 0
77.8 33 0
102.7 43 1
63.3 30 0
67.7 24 1
71.0 67 1
74.5 31 0
61.6 43 0
77.5 39 0
79.4 37 0
68.2668 25 0
88.9056 50 0
74.1636 32 0
74.48112 40 0
78.4728 30 0
92.62512 26 1
87.9984 47 0
72.8028 29 0
53.298 36 0
100.2456 29 0
85.7304 29 1
81.8748 41 0
70.62552 33 0
66.6792 28 0
80.15112 27 0
71.2 54 1
81.6 41 0
85.5 36 1
78.6 33 0
64.0 35 0
59.0 48 0
75.5 28 0
72.7 39 0
71.3 25 0
99.792 36 0
70.4 42 0
104.0 33 0
52.0 36 0
54.5 39 0
58.6 28 0
67.0 20 0
80.0 27 0
61.0 39 0
90.5 37 0
60.3 27 1
72.5 31 0
79.2 27 0
69.0 37 0
78.5 40 0
82.5 20 0
73.0 31 0
63.5 36 0
67.5 37 0
69.0 22 1
86.6376 34 1
83.4624 33 1
77.112 64 0
79.8336 41 0
63.2772 28 1
79.38 47 0
73.9368 70 0
72.576 27 0
86.184 42 1
65.772 37 0
74.844 30 0
91.6272 40 0
78.9264 35 0
78.0192 36 0
86.184 37 0
83.0088 37 0
75.7512 27 0
66.2256 45 0
84.8232 32 0
82.5552 29 0
55.3392 40 0
72.1224 47 1
44.226 31 0
78.9264 50 0
83.916 34 0
92.988 41 0
58.5144 24 0
84.3696 39 0
111.0 41 0
84.3696 28 0
86.184 29 0
57.6072 42 1
88.452 30 0
66.2256 27 0
62.8236 33 0
69.4008 44 0
78.4728 48 0
64.4112 37 0
82.5552 43 0
77.5656 50 0
68.4936 28 0
80.514 26 1
76.2048 27 0
88.452 49 0
71.1 28 0
77.112 30 0
63.504 25 0
87.5448 37 0
109.5 42 0
75.7 39 0
61.0 30 0
74.844 25 0
63.4 41 0
71.0 24 0
79.8 29 0
79.2 31 0
66.5 27 0
69.1 30 1
71.85024 35 0
77.5 37 0
91.6 27 0
64.4 36 0
78.0 40 0
55.566 23 1
89.9 41 1
59.9 28 0
75.0 28 0
103.2 34 0
90.5 32 1
76.5 42 0
72.7 43 1
75.5 22 0
77.2 65 1
70.8 29 1
85.0 31 0
82.7 42 0
105.6888 34 0
72.7 45 0
80.5 35 0
75.5 30 0
65.5 34 0
72.576 50 0
70.6 38 0
97.9 29 0
65.7 35 0
80.7408 54 0
74.3904 32 0
69.0 45 1
63.2 37 0
64.8 37 1
65.3184 35 1
71.4 39 0
85.7304 37 1
78.9264 30 0
74.3904 35 0
85.2768 30 0
69.8544 37 1
67.1328 34 0
75.7512 36 1
117.936 50 0
76.0 31 1
71.0 44 0
69.5 38 1
87.2 51 0
74.844 27 0
79.1532 33 0
71.442 39 0
75.2976 25 0
89.8128 40 0
78.9264 40 0
87.5448 30 0
67.3596 30 1
78.0192 38 0
73.9368 43 1
70.5 29 0
70.7616 33 0
115.2144 28 0
71.4 33 0
67.1 45 0
51.6 60 0
83.0 29 0
70.0 34 0
70.9 31 0
70.0 32 0
72.0 33 0
77.112 46 0
81.648 40 0
79.0 38 0
73.0296 43 0
96.1632 35 0
74.3904 42 0
72.576 59 1
86.184 39 0
75.2976 36 0
69.4008 32 0
80.2872 39 1
78.0192 37 1
78.0192 55 0
57.6072 37 0
72.1224 48 0
59.4216 30 0
87.9984 59 0
85.7304 27 0
73.4832 41 0
79.38 38 0
75.7512 40 0
79.8336 40 0
78.4728 50 1
74.5 45 1
64.4112 47 0
100.0 49 0
66.6792 46 0
68.9472 28 0
72.5 36 0
83.0 31 0
73.4832 63 0
74.3904 43 0
67.5 37 1
74.3904 63 0
65.3184 38 0
67.5 38 0
83.0 39 1
80.5 34 1
87.5448 59 0
68.04 36 0
70.5 44 0
67.1328 33 0
84.3696 28 0
90.0 55 0
72.576 43 0
85.2768 44 0
84.0 59 1
72.5 28 0
90.5 68 0
74.6172 29 0
66.0 33 0
66.0 33 0
66.6792 34 0
49.80528 29 0
78.4 28 1
86.2 38 1
85.5036 28 0
59.0 21 0
71.6688 22 0
59.8752 59 1
73.0296 35 0
75.5 36 0
91.1736 48 0
87.318 46 0
73.0296 31 0
65.3184 25 0
88.5 38 1
71.5 54 0
85.7304 43 0
68.4936 54 1
92.0808 40 1
80.7408 46 1
87.5448 34 0
84.0 32 0
79.8336 31 0
71.8956 33 0
77.0 35 0
55.0 33 0
68.6 33 0
81.5 32 0
81.5 39 0
123.3792 46 0
65.772 50 0
74.844 26 0
72.1224 45 0
75.7512 28 0
87.0 23 0
50.3496 42 0
57.8 42 0
71.8 31 0
91.1736 42 0
90.72 40 0
71.6688 31 0
84.3696 41 0
78.3 33 0
81.648 27 0
111.5856 29 0
80.0604 39 0
96.6168 21 0
87.9984 35 0
62.5968 30 0
111.3588 38 0
63.2772 57 0
92.5344 33 0
85.7304 38 0
82.5552 44 1
88.9056 30 0
73.4832 41 0
84.3696 66 1
91.0 53 1
87.9984 31 0
74.52648 40 1
72.5 37 0
78.5 44 1
83.1 56 0
80.8 39 0
78.2 38 0
66.1 29 0
67.1 52 1
76.9 37 0
78.3 34 0
75.6 39 1
73.0 47 0
76.2048 40 0
72.576 48 0
76.2048 54 1
92.0808 57 1
57.1536 43 1
86.184 32 1
83.0088 48 0
98.658 32 1
70.7616 42 1
68.9472 32 0
84.8232 30 0
57.1536 33 0
79.6 34 0
95.0 38 1
73.8 34 1
95.0 31 0
77.4 26 0
89.7 29 1
97.0 33 1
83.4 29 0
76.7 28 0
73.0 25 0
88.3 36 0
91.2 47 0
67.2 28 0
65.1 28 1
68.1 48 0
58.2876 22 0
78.4728 40 0
50.3496 25 1
70.7616 34 0
47.4012 20 0
78.0192 36 0
68.04 34 1
58.968 28 0
89.3592 37 0
81.4212 45 1
73.6 30 0
71.8 27 0
86.184 33 0
81.4212 43 0
76.2048 29 0
74.6172 46 0
108.864 30 0
73.71 36 0
63.9576 21 0
63.0504 35 0
75.2976 25 1
70.308 27 0
70.7616 28 0
63.0504 48 1
101.8332 26 0
84.8232 29 0
73.4832 29 0
79.8336 48 1
69.4008 35 1
71.6688 39 0
99.9 39 1
85.7304 36 1
63.0504 28 0
69.8544 33 0
71.71416 29 0
74.844 26 0
83.916 48 0
60.7824 32 0
80.7408 41 0
73.4832 33 0
75.9 27 0
68.9472 28 1
56.4732 63 1
68.9472 47 1
83.916 36 1
57.1536 37 0
68.4936 42 0
69.4008 35 0
78.0192 33 1
77.5656 34 0
59.8752 39 0
77.112 38 0
55.7928 33 0
76.2048 32 0
86.6376 31 0
85.2768 36 0
61.236 27 0
59.0 15 0
92.7 17 0
68.9472 38 0
72.576 43 0
85.9572 39 0
82.5552 38 1
76.6584 31 1
83.0088 35 0
86.8644 38 0
87.9984 41 0
82.5552 32 0
92.0808 46 0
78.4728 32 1
73.9368 29 0
79.8336 29 0
71.442 34 0
70.7616 33 1
72.576 20 0
70.0812 49 0
85.2768 31 0
84.5964 30 1
69.8544 33 0
60.5556 32 0
82.5552 32 0
74.3904 33 0
65.772 35 0
64.638 22 0
78.0192 26 1
77.3388 37 1
78.4728 29 0
62.5968 34 0
70.7616 30 0
78.0192 30 0
92.0808 32 0
73.2564 31 0
75.2976 39 0
93.4416 35 1
67.5864 28 0
64.8648 30 0
89.3592 43 0
82.5552 30 0
83.4624 37 0
72.576 52 1
83.4624 37 0
72.576 60 0
51.4836 30 0
73.0296 36 0
86.4108 31 0
74.3904 27 0
67.1328 33 0
68.04 38 1
79.8336 37 1
79.38 39 0
67.8132 26 1
73.0296 45 0
90.0396 49 1
73.9368 30 0
63.0504 42 0
82.782 34 0
68.04 38 0
85.2768 42 0
95.256 31 1
69.8544 39 0
83.4624 38 0
68.2 37 0
78.0 33 0
69.8544 33 1
75.0 36 1
78.6 43 0
66.6 37 1
63.504 32 0
82.5552 36 0
64.4112 50 1
74.3904 37 0
75.3 41 0
74.3904 35 0
80.0 57 0
76.4 43 0
83.4624 62 0
68.0 29 1
78.9264 38 0
60.7824 49 0
71.2152 27 0
68.04 19 0
80.0 41 0
65.5 28 1
70.0812 26 0
68.0 28 0
70.7616 68 1
73.0296 33 0
97.524 35 1
66.2256 31 0
74.844 39 0
62.1432 43 0
48.0816 42 1
79.38 38 1
64.4112 47 0
73.9368 41 1
69.8544 38 0
87.5448 32 0
96.1632 51 0
56.7 35 0
73.8 40 0
59.1 42 0
81.0 26 0
66.2256 35 0
80.5 39 0
60.5 31 0
79.0 42 0
86.9 32 0
81.0 46 0
80.3 58 0
61.2 33 0
92.5 43 0
107.1 37 0
75.1 41 0
66.4 23 0
76.4 35 0
79.2 34 0
80.0 32 0
59.9 30 1
69.8 35 0
78.0192 40 0
53.9784 45 0
78.0192 47 0
67.3596 30 1
57.1536 34 0
72.576 42 0
75.5244 32 1
84.8232 36 1
47.4012 26 0
78.9264 32 0
55.3392 38 0
59.8752 27 0
82.1016 55 0
66.6792 35 0
70.308 32 0
94.8024 35 1
71.2152 27 0
55.7928 22 0
45.36 28 1
75.2976 31 1
70.7616 24 0
60.3288 44 1
79.1532 33 1
63.1 26 0
84.1428 23 0
78.4728 29 0
78.4728 32 1
77.112 27 0
118.3896 36 0
83.4624 35 0
87.0912 30 1
72.3 64 0
68.04 36 1
75.7512 30 1
69.8544 33 0
63.0504 25 1
73.71 28 0
63.504 32 0
72.576 22 0
70.5348 33 0
77.112 43 1
64.638 34 0
89.8128 30 0
61.6896 24 1
90.72 32 0
75.978 32 0
66.6792 45 0
66.6792 20 0
66.8 30 0
68.81112 28 0
75.2976 31 1
77.5656 26 1
64.95552 46 1
63.7308 50 1
65.772 37 1
73.9 35 1
62.5968 36 0
47.8 37 0
68.04 37 0
78.10992 25 0
80.0 33 0
67.5 38 0
104.0 39 0
65.5 37 0
62.5968 39 0
77.0 37 0
90.35712 31 0
68.4936 58 0
80.514 32 0
64.1844 32 0
65.3184 27 0
65.772 31 0
78.9264 36 1
66.2256 39 0
93.4416 38 1
74.3904 40 0
64.8648 38 0
120.6576 36 0
87.5448 32 1
50.8032 15 0
85.2768 28 0
77.112 41 0
51.2568 44 1
73.4832 37 0
77.112 30 1
110.6784 25 0
74.6172 34 1
74.844 34 0
70.9884 37 0
56.8 37 0
48.762 35 1
66.906 39 0
77.112 46 1
79.8336 41 0
68.4936 51 0
59.6484 27 0
81.648 39 1
82.87272 45 0
97.2972 30 0
84.3 41 0
80.0 36 0
78.0 22 0
69.0 45 0
108.864 34 0
90.5 28 0
71.2152 44 0
80.7408 29 0
81.648 37 0
67.5864 33 1
69.4008 32 0
76.6584 33 1
64.4112 25 1
63.504 58 0
59.8752 25 0
68.04 52 0
58.2 26 1
104.5 44 0
55.2 42 0
72.0 46 0
96.5 34 0
79.0 26 0
59.4216 32 0
73.2 41 0
75.0 38 0
57.2 32 0
70.7616 30 0
88.2252 33 0
61.8 26 0
64.4112 29 0
111.132 25 0
60.3288 51 0
60.3288 28 0
90.2664 33 1
78.9264 33 0
72.3492 40 0
88.452 28 0
74.6172 46 0
66.2256 49 1
80.4 43 0
83.5 34 1
74.1 36 1
71.8 39 0
81.8 43 0
69.5 39 0
66.0 20 1
88.6 27 0
75.9 40 0
68.2 50 0
56.4 34 0
81.8 39 1
55.9 27 0
79.5 32 0
77.5 35 1
68.2 34 0
84.1 49 1
85.5 41 0
77.112 36 0
81.0 43 0
66.4 45 0
92.0808 63 1
70.0812 43 0
78.2 38 1
94.1 43 1
75.0 34 1
105.9 29 0
75.0 35 1
88.6 31 0
76.0 45 1
88.6 36 0
79.6068 38 1
59.0 45 0
81.1944 30 0
79.0 34 1
87.0 38 0
71.2152 29 1
69.1 29 0
86.6376 35 0
91.0 34 0
75.9 27 0
84.3696 31 0
75.9 43 0
64.0 48 0
70.308 29 0
75.9 46 1
71.8956 30 1
82.3 35 0
92.3 31 1
93.6 53 0
67.7 34 0
63.6 49 0
78.2 27 1
83.3 50 0
67.0 36 0
70.5 33 1
60.7824 55 0
83.6892 25 0
94.5 39 1
67.7 46 1
59.5 38 0
72.5 44 1
82.7 50 1
73.6 39 0
76.4 44 1
80.9 27 1
80.9 34 0
63.6 27 0
64.5 30 0
77.5 50 0
71.1 20 0
77.7 38 0
70.5 48 0
60.5 65 1
70.0 34 0
82.7 44 0
69.4008 43 0
77.3 29 0
82.7 33 0
78.1 33 0
70.0 29 1
90.9 37 0
83.1 31 0
77.9 37 1
62.0 23 0
74.3 35 0
95.2 42 1
86.1 46 1
74.6 42 1
90.4 38 0
74.1 37 0
73.4832 30 0
66.0 35 1
62.0 45 1
90.2 32 1
78.5 42 0
88.5 43 0
86.0 59 0
93.5 37 1
99.0 49 1
78.4 40 0
70.5 48 0
76.1 45 0
70.0 38 0
85.5 45 0
73.0 41 0
78.1 31 0
89.9 33 1
66.4 28 0
68.4 47 1
59.5 38 0
91.0 58 0
81.2 38 0
98.5 53 1
64.4 30 0
56.7 27 0
76.1 42 1
64.5 39 0
76.7 38 1
79.9 29 0
87.0 27 1
72.0 27 0
74.7 29 1
80.4 25 0
83.9 37 0
69.4 31 0
75.1 38 0
74.6 42 1
94.4 35 1
78.5 27 0
85.4 42 0
68.1 28 0
84.3 31 1
78.9 31 0
72.2 31 1
57.5 26 0
119.7 29 0
79.4 26 0
72.5 43 0
67.4 33 1
77.5 48 0
72.6 31 0
67.7 33 0
64.0 31 0
71.3 26 0
75.5 41 0
71.7 29 0
73.5 32 1
67.9 27 1
86.0 39 0
76.1 35 1
83.5 35 0
75.7 29 0
74.9 34 0
69.3 36 0
76.0 41 0
67.5 36 0
71.1 36 0
70.2 38 0
73.3 38 0
85.8 32 0
45.6 37 1
75.5 28 0
89.5 32 0
68.2 30 1
65.2 39 1
68.3 39 0
78.8 33 0
87.3 31 0
60.1 31 0
102.1 44 1
89.5 26 0
78.1 27 0
87.2 35 1
81.7 39 0
81.2 27 1
85.7 35 0
90.7 24 0
79.3 31 0
62.7 30 0
72.2 40 0
79.5 30 1
59.1 25 0
94.6 49 1
74.57184 30 0
69.31008 36 0
78.9264 31 1
89.22312 32 0
86.36544 44 0
77.7 48 1
65.0916 63 0
79.92432 24 0
80.7 39 0
81.37584 29 0
71.442 29 0
79.9 31 0
58.10616 33 0
57.3804 31 0
85.77576 31 0
71.07912 65 0
79.1532 46 0
72.576 32 0
83.50776 30 0
44.18064 28 0
84.1428 25 1
63.504 26 0
69.4008 43 1
90.72 46 0
69.4008 29 0
83.32632 28 0
82.1 26 0
97.0704 50 1
94.8024 37 0
77.7924 55 1
74.3904 34 0
58.8 31 1
82.3284 48 0
88.9056 29 0
71.8956 36 1
77.112 43 0
82.1016 32 0
98.4312 30 0
73.0296 36 0
66.5 25 0
62.1432 41 1
45.4 48 0
67.5864 45 0
60.102 30 1
65.772 43 0
74.3904 41 0
42.4116 31 0
82.1016 44 0
57.1536 29 0
69.4008 43 0
79.38 27 1
92.7 28 0
45.8136 39 0
97.5 35 0
88.6788 35 0
76.2048 27 0
57.834 26 1
63.0504 36 0
90.0396 30 0
63.6 26 0
81.4212 29 1
57.1536 57 1
63.0504 41 0
81.1944 36 0
78.9264 45 0
75.2976 40 0
78.0 30 0
88.6788 37 0
73.0296 39 0
53.16192 27 1
77.112 26 1
130.6368 38 0
79.38 29 0
83.8 30 0
59.1948 49 0
50.3496 36 0
51.2568 17 0
72.3 47 0
73.8 41 0
76.6584 55 0
78.2 40 1
68.04 34 1
57.6072 31 0
62.23392 46 0
68.04 31 0
72.7 34 0
77.112 22 0
75.4 33 0
68.9472 29 0
70.7616 37 1
82.782 45 0
66.2256 36 0
69.4008 29 1
74.3904 37 0
105.6888 22 1
82.1016 56 0
85.2768 39 0
48.3084 25 0
71.2152 56 0
71.8 29 0
77.7 35 0
75.4 36 1
63.6 37 0
84.3696 44 0
115.668 49 0
69.8544 45 0
65.0 50 0
81.1 35 1
88.6 29 0
83.6 38 0
62.5 28 0
73.4 32 0
77.3 30 0
76.5 49 0
93.2 47 0
110.7 39 0
58.6 59 0
49.8 38 0
95.4 62 0
65.4 42 1
73.2 33 0
61.4 29 0
92.7 32 1
77.3 44 0
59.1 37 1
71.4 32 1
80.9 39 0
82.2 38 0
62.3 35 0
70.0 31 0
70.5 43 0
86.8 31 0
79.0 35 0
86.184 32 0
57.6072 27 0
71.6688 33 1
100.6992 32 0
80.7408 30 0
102.06 31 0
71.6688 45 0
67.7 33 1
58.0608 36 0
98.4312 39 0
84.3696 36 0
86.184 36 0
67.5864 25 1
95.2 47 1
82.1016 44 0
79.38 40 0
85.7304 37 0
76.6584 32 0
70.7616 30 1
85.2768 47 0
84.3696 36 0
78.4728 39 0
73.9368 35 1
61.236 24 1
66.6792 33 0
103.4208 42 0
76.2048 38 0
64.4112 29 0
71.2152 47 0
69.8544 42 0
80.2872 31 0
69.8544 37 0
67.1328 42 0
61.6896 34 0
86.8644 42 1
58.2876 29 0
70.7616 30 0
59.4216 27 0
100.3 34 0
63.0 37 0
41.0 31 0
72.7 40 0
79.5 30 0
69.0 31 0
77.0 32 0
61.2 34 1
68.0 33 0
95.5 38 0
69.5 45 0
69.0 37 1
60.0 24 0
67.6 26 0
43.8 33 0
127.7 39 0
58.0608 31 0
70.7616 38 0
55.3392 34 0
61.236 41 0
58.5144 45 0
57.1536 33 0
64.4112 45 1
53.5248 50 0
71.6688 40 0
73.0296 42 0
57.6072 31 0
55.3392 52 0
76.2048 41 0
47.628 22 0
45.8136 29 0
79.8336 33 0
80.7408 36 1
84.8232 20 0
58.5144 37 0
100.4724 39 0
63.5 35 0
74.3904 38 1
88.2 38 0
149.0 30 1
60.3288 35 0
72.1224 31 1
68.4936 45 0
71.442 41 0
69.4008 41 0
74.3904 40 0
61.6896 34 0
73.9 32 1
89.3592 38 1
66.6792 35 0
83.916 44 0
75.978 35 0
64.638 47 1
89.04168 37 0
67.5864 26 0
69.4008 31 0
69.4008 41 1
81.648 39 0
53.0712 29 1
76.4316 62 1
60.7824 33 0
89.8128 30 1
66.6792 36 1
91.1736 49 0
67.8132 33 0
70.7616 32 0
93.4416 42 0
71.6688 24 0
82.1016 49 1
83.4624 55 1
76.4316 37 1
65.3184 27 0
86.6376 31 1
96.1632 39 0
97.524 53 0
91.6272 42 1
60.7824 54 1
72.7 20 0
69.4008 26 0
53.3 30 1
81.8748 31 1
82.3 30 0
83.2 32 1
75.7 31 0
65.5 29 0
64.5 30 1
85.5 23 1
80.1 33 0
72.7 30 0
62.0 27 0
75.8 27 0
78.9264 37 0
87.318 27 0
92.5344 37 0
67.2 20 0
78.4728 29 0
78.0192 37 1
81.8748 30 0
80.514 33 0
76.2048 33 0
76.6584 37 0
65.3184 26 0
81.3 30 0
78.4728 23 0
81.648 69 0
76.7 46 0
65.772 36 1
50.8032 19 0
78.9264 28 0
69.8544 29 0
100.6992 29 1
68.4936 34 0
69.8544 48 0
86.184 27 1
63.0504 70 0
80.2872 28 0
65.772 28 0
62.5968 27 0
77.112 36 0
73.0 42 1
71.2152 55 0
69.0 44 0
57.6072 30 0
72.0 41 0
64.4112 43 1
78.4728 38 0
72.2 32 0
112.0 48 1
66.3 40 0
91.0 39 0
73.71 35 0
50.0 38 1
129.0 30 0
61.5 29 0
58.0 41 0
69.5 36 1
65.9 36 0
63.6 32 0
63.6 28 0
59.1 35 0
72.576 42 1
55.7928 38 0
62.1432 35 0
66.6792 29 1
99.0 35 0
62.7 36 0
78.246 36 0
70.9 45 0
75.3 27 0
78.5 37 0
61.236 42 0
63.59472 34 0
61.236 43 0
74.844 29 1
88.9056 40 1
57.6072 34 0
86.184 45 1
89.3592 33 0
64.4112 34 0
74.844 32 0
71.8956 48 0
64.4112 38 1
73.0296 45 1
86.6376 45 0
62.5968 42 1
72.48528 33 0
69.8544 30 0
68.4936 34 0
71.8956 43 0
90.9468 35 1
73.71 29 1
78.4728 32 1
73.2564 54 0
70.308 42 1
76.8852 34 0
53.9784 23 1
67.5864 35 0
85.2768 30 0
73.0296 40 1
77.112 32 0
68.9472 26 1
71.6688 42 1
82.3284 38 0
76.6584 26 0
87.0912 35 0
78.6996 33 0
81.78408 27 0
63.9576 39 1
82.5552 48 0
77.7924 38 0
92.5344 40 0
92.0808 26 0
66.2256 44 0
65.3184 29 0
82.782 37 0
81.1944 28 0
63.0504 45 0
54.8856 46 0
90.72 26 0
112.4928 21 0
102.06 24 0
91.1736 34 1
97.9776 27 1
70.7616 27 0
86.72832 29 0
90.58392 52 0
78.0192 29 0
68.04 26 0
78.4728 28 0
74.3904 36 1
80.7408 32 0
91.6272 43 0
68.4936 38 1
100.6992 35 0
78.0192 35 0
59.10408 28 0
66.906 23 0
95.256 26 0
100.6992 34 0
84.8232 33 0
84.8232 32 1
77.5656 30 0
70.7616 24 0
68.9472 34 0
83.4624 41 0
58.0608 34 1
83.916 41 1
100.2456 44 0
77.8 33 0
76.6584 48 1
83.6892 36 0
59.8752 29 0
59.8752 28 1
69.4008 33 0
76.4316 35 0
78.0192 42 0
80.7408 26 1
81.648 42 0
69.4008 28 1
63.9576 41 0
81.648 35 0
86.6376 47 0
71.6688 33 0
73.71 23 0
56.2464 36 0
68.9472 32 1
73.4832 31 0
67.1328 44 1
71.2152 32 0
68.2668 34 1
73.0296 43 1
75.7512 32 1
65.0916 39 1
103.4208 28 0
52.6176 29 0
73.0296 41 0
52.3908 35 0
68.9472 51 0
82.1016 67 1
55.3392 27 0
89.3592 31 1
89.8128 45 0
78.0192 33 1
64.4112 27 0
55.566 26 0
82.1016 26 0
80.7408 49 0
78.9264 36 0
89.3592 39 1
69.8544 32 0
95.256 44 0
64.638 30 1
91.6272 26 0
70.7616 35 0
79.8336 42 1
78.0192 45 0
67.1328 49 1
86.6376 27 1
76.2048 33 0
67.5864 27 0
75.7512 40 0
112.4928 26 1
79.1 39 0
68.4936 29 1
92.7612 34 0
66.6792 36 0
65.5452 21 0
69.8544 25 0
59.6484 30 0
66.8 38 0
74.5 54 1
68.04 35 1
73.0296 46 0
77.7 35 0
78.246 35 0
76.6584 28 0
86.184 49 0
76.2048 34 0
76.2048 30 0
46.8 56 0
85.5 40 0
77.7 41 0
67.5864 22 0
72.1224 44 0
61.4628 35 0
62.1432 40 0
79.6068 35 0
68.04 33 0
90.2664 37 0
67.1328 28 0
76.2048 37 0
87.0912 28 0
67.1328 27 0
70.7616 36 0
52.164 30 0
75.2976 27 0
76.2048 39 0
96.1632 39 1
73.0296 51 0
65.3184 52 0
98.4312 41 1
64.8648 34 0
79.38 32 0
74.75328 28 0
68.4 28 1
95.7096 45 0
109.3176 45 0
68.9472 41 0
89.6 35 1
77.112 33 0
75.0708 56 1
93.8952 37 1
58.0 42 1
67.8132 42 0
82.23768 31 0
73.2 30 0
67.5864 34 0
78.4728 27 0
51.4 52 1
56.4732 24 1
97.7 42 0
74.6 43 1
114.534 31 0
63.6 20 0
77.112 43 0
69.6276 48 0
95.7096 49 0
58.0608 29 0
66.6792 28 1
74.5 29 0
79.1 28 1
97.524 27 0
81.1944 22 1
85.5036 34 0
87.9984 47 1
64.8648 31 0
91.1736 38 0
115.9 32 0
70.308 21 0
105.0084 34 1
72.8028 31 0
67.1328 32 0
65.3184 38 0
75.2976 25 0
81.648 34 0
89.8128 44 0
73.9368 28 0
93.8952 27 0
58.968 21 0
91.1736 32 0
71.442 53 0
83.4624 26 1
71.2152 32 1
66.906 33 0
64.4112 35 0
79.38 38 0
79.6068 26 0
73.9368 45 1
79.8336 32 0
65.772 37 0
74.3904 34 0
72.1224 31 0
95.256 43 0
73.2564 27 0
65.3184 34 0
73.4832 26 1
48.3084 25 0
71.6688 40 0
62.37 42 0
70.308 31 1
65.3184 37 1
72.1224 36 0
99.792 21 0
65.3184 28 0
83.4624 48 1
94.8024 29 0
127.008 45 0
68.4936 29 1
68.04 40 0
83.4 48 0
65.2 43 1
72.0 31 0
103.6 31 0
77.6 36 0
102.5 32 0
102.5 38 0
83.0 35 0
76.5 31 0
99.0 39 0
90.3 31 1
101.0 43 0
62.8 39 0
99.0 31 0
57.5 34 1
102.8 33 0
67.7 27 0
79.6 29 0
80.0 30 0
74.2 28 0
69.8 32 0
91.2 45 0
67.9 24 0
87.6 23 0
65.3 29 1
65.5 24 0
65.5 34 1
71.5 24 0
82.5 31 1
62.2 36 0
83.0 29 0
82.4 35 0
75.2 36 0
74.7 31 1
88.9 36 0
70.308 23 0
63.7 26 0
70.8 29 0
57.3 20 0
86.8 32 0
61.2 35 0
66.3 38 0
60.7 37 0
71.0 35 0
79.5 25 0
75.7512 41 0
78.7 33 1
78.0192 29 0
77.112 36 0
86.184 36 0
84.8232 40 1
69.6276 39 1
65.772 30 1
82.5552 40 1
62.1432 41 0
78.4728 35 0
76.2048 42 1
80.7408 26 1
84.3696 30 0
70.7616 38 1
75.2976 39 0
101.0 27 0
63.504 39 0
64.8648 35 0
82.5552 39 0
65.772 29 0
84.3696 33 0
70.7616 29 1
73.9368 26 0
85.2768 47 0
88.452 43 0
61.236 25 0
78.9264 33 0
84.3696 27 0
79.38 37 1
75.5244 25 0
71.6688 28 0
76.8852 28 0
113.4 36 0
57.0 37 0
67.5864 25 0
114.3072 36 0
69.4008 30 0
54.8856 39 1
63.504 34 0
78.246 45 1
85.05 41 0
62.5968 22 0
97.88688 40 1
104.1012 47 0
70.7616 32 0
83.0088 31 0
80.2872 31 0
71.2152 57 1
49.4424 35 0
70.308 48 0
67.5864 34 0
78.38208 36 0
76.6584 39 0
76.2048 38 0
76.2048 49 0
75.5244 35 1
67.5864 36 0
82.1016 37 0
72.1224 42 0
70.308 34 0
73.9368 35 0
70.308 37 0
81.8748 40 0
77.112 25 0
86.6376 34 0
64.4112 31 0
72.3492 36 0
51.4836 25 0
74.98008 33 0
55.7928 30 0
72.576 32 0
80.2872 39 1
41.2776 32 0
75.978 40 0
76.0 40 0
52.164 23 0
83.0088 27 1
77.3388 30 0
49.4424 31 0
125.6472 28 0
58.968 29 0
76.2048 37 0
70.67088 50 0
87.5448 44 0
89.3592 44 0
82.1016 37 0
100.0188 29 0
76.4316 37 0
81.1944 57 1
51.7104 45 1
86.6376 54 0
86.184 43 0
91.6272 44 0
83.4624 50 0
58.5144 30 0
69.4008 36 0
81.648 30 1
78.0192 39 1
83.2356 28 1
65.5452 46 0
78.0192 38 1
89.3592 29 0
76.6584 37 0
85.7304 28 0
62.8236 34 0
79.8336 26 0
61.4628 52 0
70.21728 25 0
58.0608 32 0
64.638 30 0
59.4216 49 0
92.5344 35 0
57.6072 36 1
50.8032 32 0
79.38 40 1
90.4932 44 1
66.4524 27 0
64.8648 32 0
47.628 26 0
84.0 40 0
65.0 30 0
72.576 50 1
78.4 33 0
64.8648 32 0
75.2 38 0
110.4516 40 0
66.2256 38 0
67.1328 47 0
81.1944 37 0
97.524 43 0
63.9576 29 0
77.112 29 0
122.472 31 0
98.4312 39 0
83.4624 27 0
63.0504 31 0
59.8752 19 0
63.504 37 1
78.246 58 1
67.1328 40 1
61.6896 31 0
69.6276 40 0
66.2256 24 1
91.6272 44 0
62.37 31 0
68.2668 35 0
56.9268 33 0
56.2464 26 0
117.0288 36 0
71.2152 33 0
61.0092 30 0
53.3 59 1
64.04832 24 0
89.5 41 1
72.8028 33 0
93.1 36 0
62.1432 24 0
72.3 29 1
70.9884 29 1
67.94928 35 0
79.7 25 1
68.0 35 0
58.0 32 0
95.5 31 0
77.9 21 0
73.0296 41 0
68.0 30 1
72.5 24 0
57.28968 18 0
59.0 47 0
79.4 38 0
65.5 40 0
74.4 23 1
71.8 37 0
72.576 33 0
70.5 27 0
70.7616 27 1
65.0916 41 0
75.2976 33 0
80.7408 39 1
82.3 38 0
65.4 33 1
59.0 24 1
71.3 40 0
63.9576 30 0
72.7 45 0
65.0 14 0
79.38 37 1
72.3 31 0
84.2 34 0
64.8 28 1
59.8752 26 0
102.3 32 0
53.298 22 1
64.1844 31 0
86.4 18 0
82.3 42 0
94.3 39 0
60.3288 22 0
66.3 28 0
74.844 47 0
66.2256 25 0
51.5 36 0
84.18816 25 1
81.10368 37 1
63.59472 25 1
68.4936 28 0
94.89312 27 1
83.28096 37 0
67.1 38 0
68.3 25 1
71.6 40 0
74.0 34 0
65.2 24 1
91.0 40 0
66.1 37 0
93.5 42 1
159.93936 28 0
56.42784 49 0
86.00256 34 0
85.14072 31 1
65.5 29 0
81.1 24 0
56.3 31 1
69.8 61 1
101.0 33 1
82.2 26 0
83.1 32 0
69.1 30 0
69.8 38 0
86.2 46 0
91.9 36 0
69.3 32 0
103.5 25 1
75.3 45 0
72.4 46 0
67.2 26 0
63.2 34 0
62.3 22 0
84.8232 32 1
67.8132 23 0
68.4936 24 1
76.8852 32 0
74.1636 33 0
96.3 35 1
73.9 29 0
76.3 30 0
72.9 38 0
82.1 23 0
71.3 24 0
85.4 48 0
89.1 47 0
60.8 30 0
69.0 26 0
97.9 32 1
86.6 27 0
81.5 32 0
103.4208 27 1
77.7924 30 0
66.6 27 0
53.1 25 0
113.4 39 0
68.7204 40 0
64.4112 32 0
84.8232 46 1
67.1328 32 0
57.1536 22 0
61.6896 36 0
77.5656 39 0
112.7196 35 1
92.3076 41 0
93.8952 36 0
47.628 37 0
107.5032 53 1
65.3184 32 0
94.5756 45 0
86.184 41 0
55.5 44 0
79.38 44 0
62.5 42 1
78.83568 30 0
80.5 40 0
83.4624 36 1
135.1728 30 0
83.0088 33 1
75.0708 39 1
85.7304 31 0
70.0812 40 0
76.2048 42 1
70.5348 33 0
92.5344 29 0
93.6684 40 0
87.0912 41 0
68.2668 45 0
73.2564 41 1
94.8024 29 0
88.9056 37 1
60.7824 45 1
72.576 34 0
56.7 31 0
64.77408 27 0
52.6176 30 0
63.504 31 0
87.0912 37 0
105.9156 26 1
76.2048 40 0
68.4936 33 0
76.8852 45 0
96.1632 32 0
65.3184 27 0
66.6792 37 0
73.0296 37 0
69.8544 43 0
58.5144 28 0
70.308 41 0
74.6172 39 0
83.916 38 0
69.8544 53 0
73.6 33 1
86.184 36 0
86.6376 32 0
78.0192 41 1
81.648 49 0
83.916 40 1
78.9264 31 0
63.0504 39 0
62.5968 30 0
78.0192 46 0
72.576 35 0
77.112 28 0
66.6792 44 0
75.7512 26 0
58.968 37 0
48.0816 30 0
72.2 29 1
105.0 37 0
56.2464 25 0
74.844 19 0
60.4 27 0
53.9784 27 0
73.2564 48 1
104.0 41 0
88.6 28 0
73.8 30 0
56.2 42 0
72.0 20 0
86.6376 29 0
120.6576 33 1
70.308 34 1
61.236 52 0
66.6792 32 1
73.9368 30 0
98.8848 28 0
66.2256 41 0
54.432 19 0
50.8032 57 1
68.04 42 0
68.2668 28 0
79.6068 32 0
61.4628 29 0
72.1224 48 0
50.3496 26 1
92.0808 30 0
43.00128 33 0
63.9576 29 0
77.112 40 0
81.648 37 0
82.1016 36 0
65.4 32 1
56.8 26 0
48.62592 32 1
61.6896 28 1
50.3496 28 0
72.576 34 0
68.4936 33 0
52.70832 27 0
59.8752 38 0
67.1328 39 1
79.8336 43 0
63.86688 27 0
73.9368 39 0
52.164 28 0
68.9472 31 0
58.968 21 0
82.1016 34 0
90.2664 45 1
70.7616 27 0
83.0088 43 0
103.194 38 0
63.7308 38 0
70.7616 36 0
76.4316 35 0
75.7512 36 0
67.3596 36 0
94.8024 43 0
80.5 29 0
73.4832 34 1
63.504 33 0
80.9676 39 0
70.7616 28 0
73.0296 33 0
78.6996 29 0
70.5348 42 0
67.1328 30 1
69.8544 40 0
74.844 33 0
68.04 51 0
77.5656 44 0
83.4624 41 1
87.9984 28 1
73.0296 39 0
89.3592 35 0
86.6376 63 0
66.4524 33 0
70.9884 30 0
84.8 47 0
70.5348 27 0
70.0812 26 0
62.5968 27 0
81.33048 45 1
70.5 35 1
74.844 27 0
102.3 51 0
58.7 25 0
75.5 54 1
83.0088 28 1
70.4 40 0
65.8 60 0
64.1844 32 1
63.5 41 0
75.5 33 1
74.43576 39 1
72.8 31 0
66.4 34 0
74.4 33 0
77.0 36 0
84.1 32 0
67.6 28 0
78.0192 32 0
88.9 28 0
71.8 31 1
36.78696 30 0
69.5 47 1
85.5 40 1
61.0 28 0
55.5 35 0
96.1 27 0
73.5 28 1
83.9 39 0
72.5 37 1
69.5 36 0
67.4 33 0
75.9 30 1
112.5 39 0
78.0 45 0
87.0 37 0
71.3 39 0
77.0 21 0
57.5 36 0
49.5 42 0
64.2 35 0
45.0 31 1
84.3 45 0
80.5 31 1
89.7 37 0
54.0 29 1
60.5 23 0
55.3 51 0
64.2 29 1
67.7 29 1
94.5 38 1
63.1 39 1
119.2968 51 1
55.7 49 0
84.91392 38 1
77.5656 31 0
64.4112 32 1
85.7304 39 0
86.184 26 1
65.0 33 1
68.4936 51 0
80.2872 41 1
60.0 41 0
62.5 43 0
88.17984 29 1
74.9 25 0
70.1 34 0
87.0 40 0
90.08496 27 0
81.1944 31 0
71.3 30 0
67.5864 29 0
53.9784 47 0
85.7304 35 0
70.7616 27 0
76.11408 31 0
72.5 27 0
71.3 45 1
91.1736 52 0
68.9 29 0
86.184 37 0
63.6 32 0
78.9264 40 0
62.5968 47 1
62.5968 39 0
98.8848 62 0
72.1224 34 0
62.5968 40 1
83.916 36 0
93.8952 23 0
53.5248 44 0
59.0 43 0
96.6168 34 0
77.112 44 0
72.3 39 0
68.0 21 0
70.2 27 0
62.5 29 0
75.0 32 0
74.1636 38 1
58.0608 16 0
80.7408 24 0
52.75368 22 0
81.1944 44 0
32.6592 13 0
83.916 17 0
90.0 24 0
57.834 30 0
85.7304 35 0
63.1 23 0
77.112 20 1
84.7 33 0
72.2 32 0
63.9576 23 0
62.37 25 0
73.0296 33 0
72.576 33 0
80.7408 23 0
81.648 62 0
77.88312 19 0
60.01128 42 0
92.5344 30 0
108.4104 28 0
70.308 19 0
114.7608 28 0
93.2148 54 0
81.1944 48 1
82.1016 44 0
49.896 24 0
54.2052 14 0
54.8856 16 0
66.906 23 0
56.8 18 1
74.3 32 0
72.03168 28 1
75.2976 18 0
83.82528 30 0
92.0 37 1
65.95344 32 1
62.86896 21 0
89.8128 24 1
41.4 12 0
62.86896 13 0
81.8 31 0
80.514 21 1
80.2872 25 0
76.8852 28 0
115.53192 33 0
70.2 32 0
74.844 42 1
80.2872 52 1
80.0604 44 0
41.0508 14 0
71.9 20 1
80.514 35 0
64.4 21 1
85.4 38 0
86.4108 40 0
60.3288 27 0
53.1 12 0
60.6 27 0
68.2 28 1
31.0 12 1
64.3 14 1
73.0296 30 0
83.0 24 0
46.8 15 1
75.4 21 1
41.0 16 0
60.0 16 0
93.6 21 0
73.2 35 0
66.4 24 1
58.0608 27 0
82.3284 31 0
85.7304 40 0
94.5756 27 0
97.9776 50 1
48.5352 13 0
53.7516 32 0
76.6584 36 0
81.1944 25 1
60.64632 47 0
75.7512 18 0
57.6072 23 0
60.23808 22 0
79.38 29 0
56.2464 41 1
73.4832 25 0
51.7104 30 0
55.3392 20 0
61.9164 32 0
48.3084 14 0
57.2 29 0
77.2 48 0
82.7 37 0
64.5 27 0
74.5 23 0
80.4 18 0
84.0 47 0
82.7 38 1
78.5 25 0
57.8 16 0
85.9 22 0
85.8 27 0
77.0 18 1
66.2 23 0
99.6 22 1
73.0 33 0
55.0 41 0
60.0 36 1
71.0 24 0
70.9 23 0
52.3 21 1
70.5 25 0
55.0 26 1
55.0 16 1
66.0 24 1
65.0 25 0
63.0 16 1
78.0 25 0
72.4 20 0
80.2872 27 0
64.8648 39 1
53.298 21 0
102.9672 17 0
69.8544 53 0
60.0 14 1
77.3 45 0
