1.62 64.0 0
1.52 56.0 0
1.8 77.0 0
1.8 87.0 1
1.78 89.8 2
1.62 53.0 0
1.5 55.0 0
1.64 53.0 0
1.78 64.0 0
1.72 68.0 0
1.85 105.0 3
1.72 80.0 2
1.65 56.0 0
1.8 99.0 3
1.77 60.0 0
1.7 66.0 0
1.93 102.0 2
1.53 78.0 3
1.71 82.0 2
1.65 70.0 1
1.65 80.0 2
1.69 87.0 3
1.65 60.0 0
1.6 82.0 3
1.85 68.0 0
1.6 50.0 0
1.7 65.0 0
1.6 52.0 0
1.75 76.0 0
1.68 70.0 0
1.77 83.0 1
1.58 68.0 2
1.77 76.0 0
1.79 90.0 2
1.65 62.0 0
1.5 65.0 2
1.56 49.0 0
1.6 48.0 0
1.65 67.0 0
1.75 88.0 2
1.67 75.0 1
1.68 60.0 0
1.66 64.0 0
1.66 62.0 0
1.81 80.0 0
1.53 65.0 2
1.82 72.0 0
1.75 72.0 0
1.66 60.0 0
1.55 50.0 0
1.61 54.5 0
1.5 44.0 0
1.64 52.0 0
1.63 55.0 0
1.6 55.0 0
1.68 62.0 0
1.7 70.0 0
1.64 65.0 0
1.65 67.0 0
1.76 55.0 4
1.55 49.0 0
1.65 58.0 0
1.67 62.0 0
1.68 55.0 0
1.66 57.0 0
1.62 69.0 1
1.8 90.0 2
1.65 95.0 3
1.76 112.0 5
1.8 60.0 0
1.65 80.0 2
1.67 50.0 4
1.65 60.0 0
1.85 65.0 0
1.7 85.0 2
1.63 45.0 4
1.6 45.0 4
1.7 80.0 2
1.65 90.0 3
1.65 60.0 0
1.63 58.0 0
1.8 91.0 2
1.67 85.5 3
1.6 45.0 4
1.7 83.0 2
1.65 58.5 0
1.85 83.0 0
1.82 87.0 1
1.65 65.0 0
1.7 78.0 2
1.63 93.0 5
1.61 64.0 0
1.78 84.0 1
1.6 57.0 0
1.6 48.0 0
1.7 70.0 0
1.66 60.0 0
1.52 42.0 4
1.52 42.0 4
1.72 70.0 0
1.69 63.0 0
1.7 66.4 0
1.55 57.0 0
1.65 58.0 0
1.56 80.0 3
1.57 55.0 0
1.57 55.0 0
1.88 90.0 1
1.75 95.0 3
1.65 88.0 3
1.75 75.0 0
1.58 58.0 0
1.56 51.0 0
1.5 49.0 0
1.61 62.0 0
1.75 57.0 0
1.65 86.0 3
1.7 85.0 2
1.62 53.0 0
1.63 76.0 2
1.67 75.0 1
1.87 95.0 2
1.75 50.0 4
1.66 67.0 0
1.76 90.0 2
1.75 80.0 1
1.67 68.0 0
1.65 61.0 0
1.72 70.0 0
1.7 78.0 2
1.58 53.0 0
1.62 58.0 0
1.65 56.0 0
1.65 66.0 0
1.77 109.0 3
1.7 75.0 1
1.79 72.0 0
1.6 80.0 3
1.76 75.0 0
1.7 68.0 0
1.89 65.0 4
1.87 66.0 0
1.74 93.5 3
1.68 75.0 1
1.61 67.0 1
1.62 70.0 1
1.56 51.0 0
1.63 80.0 3
1.6 61.0 0
1.67 90.0 3
1.78 78.0 0
1.62 59.0 0
1.5 60.0 1
1.69 84.0 2
1.74 94.0 3
1.68 63.0 0
1.53 45.0 0
1.67 60.0 0
1.55 62.0 1
1.64 78.0 2
1.83 72.0 0
1.65 80.0 2
1.63 60.0 0
1.89 75.0 0
1.77 85.0 2
1.92 130.0 5
1.74 72.0 0
1.65 80.0 2
1.73 79.0 1
1.63 77.0 2
1.72 82.0 2
1.6 58.0 0
1.65 59.0 0
1.74 64.0 0
1.62 70.0 1
1.64 59.8 0
1.57 48.0 0
1.84 84.0 0
1.91 84.0 0
1.62 70.0 1
1.58 48.0 0
1.68 67.0 0
1.68 52.0 4
1.48 60.0 2
1.62 70.0 1
1.62 68.0 1
1.78 96.0 3
1.78 98.0 3
1.78 105.0 3
1.63 62.0 0
1.6 56.0 0
1.75 80.0 1
1.83 85.0 1
1.78 68.0 0
1.6 83.0 3
1.8 85.0 1
1.75 74.0 0
1.75 118.0 5
1.59 40.0 4
1.66 60.0 0
1.63 83.0 3
1.54 80.0 3
1.56 102.0 6
1.69 90.0 3
1.83 71.0 0
1.6 78.0 3
1.75 100.0 3
1.75 73.0 0
1.69 65.0 0
1.69 65.0 0
1.8 114.0 5
1.63 51.0 0
1.5 63.0 2
1.8 62.0 0
1.65 53.0 0
1.68 70.0 0
1.6 63.0 0
1.71 75.0 1
1.5 42.3 0
1.6 68.0 1
1.75 78.0 1
1.72 82.0 2
1.72 66.5 0
1.61 63.0 0
1.63 82.0 3
1.83 121.0 5
1.6 50.0 0
1.62 58.0 0
1.68 80.0 2
1.75 120.0 5
1.9 91.0 1
1.63 66.0 0
1.59 50.0 0
1.68 77.0 2
1.59 49.0 0
1.69 70.0 0
1.66 59.0 0
1.64 53.0 0
1.62 53.0 0
1.7 64.0 0
1.63 65.0 0
1.6 66.0 1
1.63 64.0 0
1.85 99.0 2
1.54 49.0 0
1.64 49.0 4
1.57 60.0 0
1.62 52.0 0
1.72 72.0 0
1.76 78.0 1
1.65 75.0 2
1.67 78.0 2
1.79 90.0 2
1.59 47.0 0
1.64 56.0 0
1.78 81.0 1
1.75 85.0 2
1.85 115.0 3
1.7 80.0 2
1.67 91.0 3
1.72 75.0 1
1.7 73.0 1
1.74 70.0 0
1.74 53.0 4
1.87 67.0 0
1.7 50.0 4
1.65 50.0 4
1.7 78.0 2
1.67 60.0 0
1.72 66.0 0
1.82 107.0 3
1.5 50.0 0
1.7 60.0 0
1.71 71.0 0
1.61 61.0 0
1.5 50.0 0
1.67 50.0 4
1.82 67.0 0
1.57 57.0 0
1.79 52.0 4
1.75 62.0 0
1.7 55.0 0
1.62 55.0 0
1.69 60.0 0
1.77 70.0 0
1.79 105.0 3
1.6 61.0 0
1.6 58.0 0
1.56 51.0 0
1.88 79.0 0
1.82 71.0 0
1.8 58.0 4
1.7 65.0 0
1.82 75.0 0
1.86 110.0 3
1.66 58.0 0
1.53 53.0 0
1.74 80.0 1
1.8 80.0 0
1.7 75.0 1
1.7 70.0 0
1.72 55.0 0
1.84 45.0 4
1.57 49.0 0
1.8 85.0 1
1.75 120.0 5
1.56 60.0 0
1.59 48.0 0
1.8 75.0 0
1.66 58.0 0
1.79 57.0 4
1.72 62.0 0
1.6 57.0 0
1.66 56.0 0
1.65 63.0 0
1.7 72.0 0
1.75 75.0 0
1.75 70.0 0
1.56 45.0 0
1.55 63.0 1
1.67 67.0 0
1.75 75.0 0
1.75 56.0 4
1.8 72.0 0
1.65 71.0 1
1.55 58.0 0
1.7 55.3 0
1.72 76.0 1
1.74 74.0 0
1.65 82.0 3
1.8 50.0 4
1.74 56.0 0
1.85 75.0 0
1.7 56.0 0
1.45 53.0 1
1.7 50.0 4
1.7 65.0 0
1.78 64.4 0
1.6 65.0 1
1.53 42.0 4
1.8 72.0 0
1.6 50.0 0
1.74 105.0 3
1.65 66.0 0
1.87 173.0 6
1.7 55.0 0
1.54 47.0 0
1.8 97.0 2
1.82 80.0 0
1.98 125.0 3
1.75 70.0 0
1.65 60.0 0
1.6 53.0 0
1.6 51.0 0
1.6 59.0 0
1.55 62.0 1
1.9 60.0 4
1.7 56.0 0
1.75 110.0 5
1.56 48.0 0
1.87 75.0 0
1.56 80.0 3
1.65 73.0 1
1.8 80.0 0
1.84 86.0 1
1.7 68.0 0
1.72 83.0 2
1.58 63.0 1
1.68 83.0 2
1.58 74.0 2
1.8 60.0 0
1.62 69.0 1
1.62 58.0 0
1.54 56.0 0
1.76 70.0 0
1.8 92.0 2
1.58 60.0 0
1.76 68.0 0
1.73 70.0 0
1.7 70.0 0
1.7 83.0 2
1.8 75.0 0
1.6 56.0 0
1.7 98.0 3
1.6 60.0 0
1.55 45.0 0
1.59 53.0 0
1.5 75.0 3
1.78 108.0 3
1.61 65.0 1
1.71 50.0 4
1.7 50.0 4
1.76 69.5 0
1.7 78.0 2
1.53 55.0 0
1.54 39.0 4
1.55 59.0 0
1.66 60.0 0
1.85 125.0 5
1.65 60.0 0
1.65 70.0 1
1.83 82.0 0
1.83 99.0 2
1.66 112.0 6
1.78 73.0 0
1.74 86.0 2
1.76 66.5 0
1.51 59.0 1
1.81 79.0 0
1.55 55.0 0
1.83 66.0 0
1.6 65.0 1
1.85 85.0 0
1.75 85.0 2
1.83 113.0 3
1.71 72.0 0
1.84 88.0 1
1.77 87.0 2
1.7 90.0 3
1.62 89.0 3
1.85 60.0 4
1.84 60.0 4
1.75 58.0 0
1.85 93.0 2
1.74 76.0 1
1.61 53.8 0
1.75 70.0 0
1.67 60.0 0
1.7 69.0 0
1.9 80.0 0
1.65 85.0 3
1.6 55.0 0
1.8 70.0 0
1.64 59.0 0
1.89 87.0 0
1.76 80.0 1
1.56 55.0 0
1.6 56.0 0
1.67 64.0 0
1.6 60.0 0
1.55 56.0 0
1.55 50.0 0
1.72 65.0 0
1.72 53.0 4
1.7 60.0 0
1.51 45.0 0
1.83 82.0 0
1.8 87.0 1
1.6 100.5 5
1.63 63.0 0
1.71 71.0 0
1.7 65.0 0
1.75 69.0 0
1.62 50.0 0
1.68 68.0 0
1.85 66.0 0
1.59 60.0 0
1.5 45.0 0
1.69 60.0 0
1.76 79.0 1
1.62 55.0 0
1.71 100.0 3
1.72 88.0 2
1.8 68.0 0
1.93 86.0 0
1.6 51.0 0
1.74 75.0 0
1.74 75.0 0
1.62 45.0 4
1.54 42.0 4
1.56 51.5 0
1.6 83.0 3
1.54 71.0 2
1.63 51.0 0
1.78 64.0 0
1.62 68.0 1
1.71 75.0 1
1.64 56.0 0
1.69 65.0 0
1.58 50.0 0
1.57 50.0 0
1.74 64.0 0
1.58 53.5 0
1.5 58.0 1
1.65 80.0 2
1.8 73.0 0
1.75 75.0 0
1.84 104.0 3
1.88 84.0 0
1.56 50.0 0
1.75 84.0 2
1.66 68.0 0
1.7 86.0 2
1.8 65.0 0
1.67 66.0 0
1.8 60.0 0
1.72 53.0 4
1.56 45.0 0
1.686306 104.572712 6
1.683124 126.67378 6
1.622397 110.79263 6
1.755643 137.796884 6
1.843419 165.057269 6
1.7456 133.03441 6
1.630927 111.485516 6
1.629191 104.826776 6
1.770612 133.963349 6
1.743702 54.927529 4
1.771915 55.695036 4
1.75376 55.879263 4
1.675446 51.154201 4
1.666203 49.869791 4
1.711467 51.965521 4
1.598019 44.845655 4
1.59611 42.848033 4
1.57206 43.919835 4
1.586952 43.087508 4
1.59559 44.581159 4
1.6 45.0 4
1.688025 45.0 4
1.556211 42.339767 4
1.564199 42.096062 4
1.56948 41.324558 4
1.52 42.0 4
1.550648 44.641796 4
1.520997 42.0 4
1.528011 42.0 4
1.52 42.0 4
1.733263 50.890363 4
1.722527 50.833029 4
1.734832 50.0 4
1.882779 64.106108 4
1.854592 63.611109 4
1.835643 58.854416 4
1.755507 52.0 4
1.71266 51.598593 4
1.694265 52.0 4
1.586895 41.452385 4
1.579561 41.890204 4
1.564568 41.397378 4
1.670635 49.742931 4
1.688426 49.660995 4
1.66084 49.039794 4
1.710182 50.287967 4
1.755978 53.699561 4
1.728834 51.442293 4
1.662017 49.838965 4
1.7 50.0 4
1.661403 49.932199 4
1.610863 49.516027 4
1.640688 46.655622 4
1.64603 49.839685 4
1.710564 51.588874 4
1.752755 50.0 4
1.691007 52.629374 4
1.753349 51.457226 4
1.781543 50.869704 4
1.755823 52.331172 4
1.836669 58.943347 4
1.768493 57.790381 4
1.777108 57.145917 4
1.640824 43.365005 4
1.584951 44.411801 4
1.818268 47.124717 4
1.793926 59.682591 4
1.809251 58.968994 4
1.767335 55.700497 4
1.699568 54.98774 4
1.759358 55.01045 4
1.740295 54.166453 4
1.739354 49.649613 4
1.647811 49.603807 4
1.768435 49.597765 4
1.7 50.0 4
1.699464 49.676046 4
1.74379 50.0 4
1.590317 42.367615 4
1.527133 42.0 4
1.530875 42.0 4
1.848294 59.409018 4
1.824414 59.295172 4
1.856633 59.258372 4
1.715597 50.0 4
1.675054 49.945233 4
1.717601 51.073918 4
1.710756 50.0 4
1.7 50.0 4
1.7 50.0 4
1.573816 39.850137 4
1.530884 39.371523 4
1.529724 40.343463 4
1.767563 56.307019 4
1.883364 60.0 4
1.824655 58.621349 4
1.840138 60.0 4
1.819557 58.325122 4
1.798645 59.612717 4
1.7108 50.92538 4
1.70653 51.121749 4
1.716691 51.149283 4
1.555431 44.188767 4
1.603923 45.0 4
1.602082 45.0 4
1.53777 42.0 4
1.538398 42.0 4
1.520862 42.0 4
1.717826 51.7325 4
1.753389 54.121925 4
1.70165 50.157707 4
1.75336 54.997374 4
1.672007 49.980968 4
1.593847 44.050251 4
1.584785 44.376637 4
1.600264 45.0 4
1.549311 41.557468 4
1.534385 41.96525 4
1.725548 49.815599 4
1.868931 63.199726 4
1.686936 51.256059 4
1.589829 40.202773 4
1.653209 49.026214 4
1.740108 53.65727 4
1.7 50.0 4
1.689141 50.0 4
1.691206 50.0 4
1.788459 51.552595 4
1.811238 58.83071 4
1.830068 43.534531 4
1.782756 56.029418 4
1.751691 55.967655 4
1.78656 50.0 4
1.71367 50.0 4
1.540375 42.006282 4
1.896734 59.895052 4
1.710129 50.079991 4
1.704193 50.631889 4
1.556611 39.695295 4
1.845399 60.0 4
1.834637 59.990861 4
1.721854 52.514302 4
1.605521 44.661461 4
1.530266 42.0 4
1.71889 52.058335 4
1.756338 54.98234 4
1.770324 55.695253 4
1.767479 56.265959 4
1.704223 51.437985 4
1.667852 49.803921 4
1.722461 51.881263 4
1.588046 44.236067 4
1.598612 42.993937 4
1.592379 44.00945 4
1.555778 42.3601 4
1.596466 44.594588 4
1.598393 44.918255 4
1.633316 45.0 4
1.559567 42.12617 4
1.546551 42.069992 4
1.566501 41.706283 4
1.52 42.0 4
1.599486 44.810751 4
1.559186 41.952805 4
1.523426 42.0 4
1.52 42.0 4
1.689441 51.107925 4
1.737453 50.479039 4
1.732096 50.0 4
1.869098 61.411141 4
1.851123 61.264785 4
1.787264 58.585146 4
1.787787 52.0 4
1.712515 51.710723 4
1.698914 51.692272 4
1.533609 41.669346 4
1.567981 41.934368 4
1.544263 41.535047 4
1.670552 49.804245 4
1.676346 49.105025 4
1.667404 49.125955 4
1.70011 50.173425 4
1.75633 54.567343 4
1.703584 51.607091 4
1.690727 49.895716 4
1.713564 50.0 4
1.67231 49.713944 4
1.660446 49.558304 4
1.630379 46.062954 4
1.655413 50.424661 4
1.732862 51.216463 4
1.74402 50.0 4
1.757958 52.09432 4
1.786758 51.524444 4
1.767058 51.132809 4
1.699437 52.08657 4
1.82525 58.913579 4
1.793315 58.19515 4
1.776989 57.275946 4
1.609495 42.656563 4
1.777929 44.762023 4
1.710948 45.248627 4
1.854162 59.881316 4
1.821514 59.605028 4
1.762073 55.511075 4
1.732307 54.835576 4
1.759933 55.003417 4
1.741377 54.877111 4
1.731195 49.650897 4
1.74823 49.928447 4
1.756865 49.699672 4
1.701378 50.088468 4
1.699956 49.98297 4
1.723328 50.0 4
1.585886 42.541794 4
1.524926 42.0 4
1.52337 42.0 4
1.844749 59.313525 4
1.853325 59.619485 4
1.854706 59.20945 4
1.72064 50.0 4
1.704167 50.165754 4
1.71746 51.491957 4
1.708406 50.0 4
1.763465 50.279053 4
1.7 50.0 4
1.574017 41.220175 4
1.537739 39.101805 4
1.534223 41.268597 4
1.76033 55.3707 4
1.841879 60.0 4
1.856406 58.673963 4
1.829142 59.933015 4
1.822084 58.443049 4
1.80671 59.243506 4
1.707259 50.664459 4
1.708107 51.314659 4
1.739344 50.951444 4
1.573987 44.316254 4
1.58092 44.753943 4
1.603435 45.0 4
1.53535 42.0 4
1.53161 42.0 4
1.525691 42.0 4
1.719827 52.289828 4
1.722547 53.783977 4
1.738702 50.248677 4
1.816298 86.963765 1
1.638085 70.0 1
1.813678 85.637789 1
1.697228 75.5771 1
1.617469 68.869791 1
1.855543 88.965521 1
1.721854 82.919584 1
1.855353 86.413388 1
1.696336 75.0 1
1.751631 80.0 1
1.698346 75.0 1
1.642971 74.803157 1
1.613668 68.126955 1
1.605404 68.226511 1
1.529834 62.903938 1
1.55 62.337721 1
1.731261 78.175706 1
1.629194 70.0 1
1.62 70.0 1
1.62 70.0 1
1.633491 68.803694 1
1.752391 79.109637 1
1.818226 85.833029 1
1.809101 85.0 1
1.709484 75.0 1
1.607082 67.722222 1
1.718939 75.951472 1
1.831357 89.652557 1
1.6 66.401407 1
1.754813 77.929204 1
1.778447 80.273807 1
1.709561 75.0 1
1.674568 71.602622 1
1.755317 82.228794 1
1.708071 75.0 1
1.806947 85.079589 1
1.599697 64.808022 1
1.721903 72.748903 1
1.712556 75.480764 1
1.551288 54.93242 1
1.603842 65.0 1
1.588597 62.339003 1
1.673482 73.193589 1
1.858624 88.675503 1
1.593894 63.320629 1
1.62 69.529625 1
1.616366 67.183128 1
1.637396 70.0 1
1.550723 60.628321 1
1.6 65.0 1
1.820471 87.668828 1
1.657496 73.641633 1
1.752123 80.0 1
1.857231 88.138777 1
1.76 79.544998 1
1.644682 68.392133 1
1.737165 76.699774 1
1.507853 64.259379 1
1.81006 87.286783 1
1.80179 86.981202 1
1.625891 70.0 1
1.64037 70.0 1
1.791047 83.26312 1
1.679306 75.0 1
1.615145 68.653347 1
1.616467 68.77185 1
1.816783 86.522799 1
1.812472 86.748295 1
1.768231 75.62931 1
1.870931 89.251639 1
1.863685 89.558854 1
1.670227 75.0 1
1.717288 75.948164 1
1.750359 79.828725 1
1.707557 75.306702 1
1.672446 74.812707 1
1.675979 74.959747 1
1.611239 67.939653 1
1.611356 68.06609 1
1.62 70.0 1
1.508908 63.183846 1
1.561109 62.871794 1
1.554728 63.011645 1
1.730182 78.55444 1
1.743841 78.88036 1
1.62 70.0 1
1.62 70.0 1
1.62 70.0 1
1.62 70.0 1
1.62 70.0 1
1.642506 69.906708 1
1.69308 71.927379 1
1.752115 79.414603 1
1.745033 80.0 1
1.820643 85.0 1
1.80733 85.073801 1
1.8 85.0 1
1.814255 85.255631 1
1.700181 75.057177 1
1.604697 68.016472 1
1.611 68.107866 1
1.754497 77.956921 1
1.752944 77.965532 1
1.859927 87.105828 1
1.896073 90.52446 1
1.605314 66.621646 1
1.758628 78.370039 1
1.755427 78.300084 1
1.779882 80.091886 1
1.712061 75.0 1
1.676014 75.0 1
1.7 74.244004 1
1.765874 82.045045 1
1.74595 80.018571 1
1.690196 75.0 1
1.81748 85.0 1
1.580964 65.363941 1
1.652084 73.575981 1
1.645511 69.168978 1
1.707968 75.383716 1
1.456346 55.523481 1
1.498561 55.376512 1
1.603501 65.0 1
1.558045 63.597633 1
1.55 62.877347 1
1.647514 73.91692 1
1.855779 86.098523 1
1.853223 87.083266 1
1.570811 62.211572 1
1.617124 67.913561 1
1.644053 67.439589 1
1.608914 65.0 1
1.647971 68.818893 1
1.624831 69.975607 1
1.508267 61.10403 1
1.518917 60.267427 1
1.6 65.0 1
1.838791 87.85785 1
1.730379 75.920519 1
1.759117 80.0 1
1.755254 80.0 1
1.804099 85.196279 1
1.813567 86.144904 1
1.75655 78.721696 1
1.756774 79.989789 1
1.62 69.3899 1
1.709585 75.0 1
1.535618 57.259124 1
1.818848 87.032398 1
1.817641 87.107317 1
1.636592 70.0 1
1.621412 70.0 1
1.802871 85.770013 1
1.696201 75.399191 1
1.694633 75.0522 1
1.618148 68.981403 1
1.856811 88.633616 1
1.738321 86.934846 1
1.739293 80.914382 1
1.807538 85.316125 1
1.849425 85.228116 1
1.712473 75.0 1
1.753471 80.0 1
1.717432 75.371244 1
1.677573 75.0 1
1.679725 74.885222 1
1.600914 68.058902 1
1.617749 68.908136 1
1.610209 68.865008 1
1.612556 69.463458 1
1.548178 62.341438 1
1.568441 62.855073 1
1.532322 62.417228 1
1.730199 78.997062 1
1.730167 78.429312 1
1.627396 70.0 1
1.62 70.0 1
1.62 70.0 1
1.62 70.0 1
1.638744 69.242354 1
1.680858 71.81338 1
1.758372 79.469513 1
1.822573 85.084364 1
1.815409 85.302146 1
1.698049 75.0 1
1.60681 67.773914 1
1.610327 67.999778 1
1.710415 75.142858 1
1.716289 75.688433 1
1.834715 89.429199 1
1.611822 67.140367 1
1.6 66.126964 1
1.753578 77.97917 1
1.742364 78.664618 1
1.775626 80.113493 1
1.714253 75.0 1
1.693628 75.0 1
1.659172 71.170001 1
1.776347 82.329047 1
1.767806 82.694689 1
1.702516 75.0 1
1.814182 85.301029 1
1.59994 65.423942 1
1.666023 72.906186 1
1.701584 75.093569 1
1.713343 75.828119 1
1.489409 53.620604 1
1.518067 55.822119 1
1.616533 65.062945 1
1.589616 65.127324 1
1.675612 73.501233 1
1.874061 89.754302 1
1.580765 62.631382 1
1.62 69.575315 1
1.613921 66.738769 1
1.618683 67.193585 1
1.637537 70.0 1
1.566524 61.616 1
1.542328 63.856193 1
1.6 65.0 1
1.600184 65.0 1
1.773656 87.070234 1
1.64602 74.147443 1
1.65015 73.810728 1
1.751029 80.0 1
1.838266 89.496905 1
1.824449 87.656029 1
1.76 79.349221 1
1.622241 68.250249 1
1.729996 75.816864 1
1.725233 75.970712 1
1.541039 64.726948 1
1.773766 89.28282 2
1.75463 89.068227 2
1.674327 80.0 2
1.72 80.555875 2
1.913241 101.482054 2
1.737984 82.523113 2
1.703688 82.207978 2
1.716308 80.0 2
1.65 80.0 2
1.57856 65.522744 2
1.780846 85.687751 2
1.823168 91.630257 2
1.525234 65.220249 2
1.481682 61.373868 2
1.768578 87.803311 2
1.569878 69.743323 2
1.568188 67.904023 2
1.792527 89.994415 2
1.795311 89.868784 2
1.700038 80.0 2
1.668649 80.458343 2
1.7 84.687554 2
1.713825 83.952968 2
1.7 78.055968 2
1.835381 91.059595 2
1.7 80.761409 2
1.7 78.0 2
1.7 83.199034 2
1.659877 77.272652 2
1.836943 96.192662 2
1.819614 93.086419 2
1.717775 85.312639 2
1.791867 90.0 2
1.7 80.749657 2
1.68108 83.568035 2
1.660756 78.574786 2
1.769269 80.491339 2
1.765188 85.0 2
1.65 80.0 2
1.654757 80.0 2
1.647768 79.165306 2
1.691303 80.539 2
1.532897 65.031879 2
1.565288 64.848627 2
1.5 63.65233 2
1.507106 64.814109 2
1.70074 81.32297 2
1.715118 81.650778 2
1.696423 78.967919 2
1.653088 80.0 2
1.681842 77.426465 2
1.652202 77.13322 2
1.848683 99.0 2
1.835678 96.01851 2
1.560029 71.728069 2
1.621048 72.105856 2
1.699474 78.0 2
1.745528 82.130728 2
1.720379 85.0 2
1.758787 85.050558 2
1.704908 81.384224 2
1.691322 77.561602 2
1.78629 95.277392 2
1.705617 83.016968 2
1.733439 84.75383 2
1.701397 83.0 2
1.625236 74.433362 2
1.545196 72.467862 2
1.843172 92.69551 2
1.705813 82.011962 2
1.704141 78.790936 2
1.706082 78.073528 2
1.842943 93.798055 2
1.880992 99.623778 2
1.726774 82.853749 2
1.73196 84.315608 2
1.751278 86.963628 2
1.780448 88.431954 2
1.85 97.92035 2
1.785241 88.03748 2
1.718845 86.319887 2
1.530248 68.85097 2
1.664927 80.386078 2
1.673333 77.205685 2
1.725587 82.480214 2
1.733875 86.94538 2
1.675953 79.66832 2
1.786238 89.802492 2
1.718534 80.0 2
1.919543 101.544589 2
1.707613 82.586893 2
1.658393 80.0 2
1.536819 65.912688 2
1.805459 90.13868 2
1.521008 67.083121 2
1.744733 87.27989 2
1.529223 65.140408 2
1.799742 89.98168 2
1.681314 80.037202 2
1.706912 85.743727 2
1.663509 80.0 2
1.752265 88.096062 2
1.735343 83.337721 2
1.7 78.0 2
1.7 83.414072 2
1.633794 77.858532 2
1.856759 95.887056 2
1.77433 90.0 2
1.7 78.0 2
1.719509 84.416515 2
1.658202 78.0 2
1.657221 80.993213 2
1.713348 84.722222 2
1.677178 80.379575 2
1.67805 77.224574 2
1.717722 81.92991 2
1.486484 60.117993 2
1.503379 64.342459 2
1.718981 81.66995 2
1.688354 79.278896 2
1.665807 77.098973 2
1.838441 97.029249 2
1.653431 75.090439 2
1.699818 78.0 2
1.718097 88.600878 2
1.731389 84.064875 2
1.699667 79.67793 2
1.698626 78.637307 2
1.823765 96.945262 2
1.708742 83.001642 2
1.667469 80.993373 2
1.588147 73.939268 2
1.835024 92.368359 2
1.7088 83.520113 2
1.680991 79.752916 2
1.835271 97.58826 2
1.742819 86.565148 2
1.741192 84.773349 2
1.759721 86.0805 2
1.810616 92.860254 2
1.763101 88.532032 2
1.543338 71.799982 2
1.651812 79.437921 2
1.732492 84.557797 2
1.706349 85.720788 2
1.780679 89.667406 2
1.758687 89.673648 2
1.704573 80.0 2
1.716545 80.005809 2
1.903832 99.812443 2
1.742538 83.390983 2
1.747739 83.314157 2
1.717037 80.0 2
1.65 80.0 2
1.577921 65.293179 2
1.746055 83.282232 2
1.841151 91.798103 2
1.517998 64.696248 2
1.483284 62.894283 2
1.758972 87.861431 2
1.562434 70.442775 2
1.547066 67.473282 2
1.792435 89.998729 2
1.784555 89.836692 2
1.700216 80.473587 2
1.672101 80.939733 2
1.7 84.849349 2
1.721348 83.986714 2
1.7 78.008388 2
1.803129 91.052215 2
1.70002 80.420434 2
1.7 78.041338 2
1.713599 83.285753 2
1.662728 77.473204 2
1.837399 95.952027 2
1.80827 91.363293 2
1.714508 85.137113 2
1.793451 89.909259 2
1.700499 81.108599 2
1.694997 84.451423 2
1.688911 78.434492 2
1.673394 80.400306 2
1.769499 85.0 2
1.65 80.0 2
1.662669 79.863546 2
1.67861 79.849252 2
1.694423 80.311273 2
1.505437 63.892071 2
1.505387 63.715219 2
1.491441 62.269912 2
1.509408 64.852953 2
1.685045 81.022119 2
1.723072 82.338464 2
1.696954 78.156035 2
1.676095 79.079738 2
1.681021 77.392179 2
1.654067 79.697278 2
1.840708 98.259423 2
1.836007 97.416417 2
1.556789 71.788181 2
1.5891 72.713611 2
1.700627 78.048207 2
1.743935 84.729197 2
1.742654 85.0 2
1.754441 85.002884 2
1.719342 80.790813 2
1.682253 77.431678 2
1.799902 95.419668 2
1.709428 83.014033 2
1.752456 84.783756 2
1.685947 83.3258 2
1.599999 73.513873 2
1.550053 72.9518 2
1.828092 91.495718 2
1.71338 82.085549 2
1.680764 79.621463 2
1.705584 78.025625 2
1.841852 93.614246 2
1.834986 99.083478 2
1.724839 82.27635 2
1.685127 83.986895 2
1.750097 86.372141 2
1.757961 87.906019 2
1.848965 98.912261 2
1.789193 89.393589 2
1.716677 85.261339 2
1.550122 69.936073 2
1.663178 80.135167 2
1.679299 77.355417 2
1.729177 82.52724 2
1.719153 86.464843 2
1.687326 80.413997 2
1.772449 105.0 3
1.837117 105.712219 3
1.784377 102.872505 3
1.792507 101.780099 3
1.556579 78.233341 3
1.585547 80.351263 3
1.569234 81.827288 3
1.583943 81.936398 3
1.621233 82.0 3
1.6084 82.603984 3
1.733439 97.911865 3
1.65 88.472359 3
1.650052 87.272552 3
1.644161 84.340406 3
1.559499 77.26813 3
1.734237 95.0 3
1.775815 97.813023 3
1.640426 87.344156 3
1.65 82.13682 3
1.753321 107.998815 3
1.553026 77.74518 3
1.706525 90.500055 3
1.560648 80.0 3
1.673352 90.0 3
1.660324 94.189167 3
1.786318 98.447311 3
1.757691 95.361795 3
1.712163 98.699971 3
1.78 100.84763 3
1.6 82.040318 3
1.61082 82.532994 3
1.665199 83.15115 3
1.542122 80.0 3
1.507867 79.58958 3
1.660955 90.0 3
1.553127 78.0 3
1.781952 102.910613 3
1.75 96.940255 3
1.615854 80.615325 3
1.793378 105.655037 3
1.85478 114.77484 3
1.685633 90.032671 3
1.706343 93.348843 3
1.791415 105.138073 3
1.753716 106.49141 3
1.780503 103.189532 3
1.819867 106.038468 3
1.791174 108.9606 3
1.82093 108.742005 3
1.627812 82.0 3
1.632118 82.0 3
1.773594 105.000789 3
1.930416 118.560509 3
1.947406 116.893105 3
1.610867 80.0 3
1.513202 75.410647 3
1.738465 97.185474 3
1.567915 76.129784 3
1.587546 76.126112 3
1.820385 108.395005 3
1.792239 108.244379 3
1.82697 108.751502 3
1.670058 86.242679 3
1.639383 91.267087 3
1.682916 89.991671 3
1.609321 84.493156 3
1.690437 96.366777 3
1.700164 99.204695 3
1.60074 82.249831 3
1.801848 104.741914 3
1.844751 105.025808 3
1.811602 106.042142 3
1.787521 100.624553 3
1.789109 100.066268 3
1.533364 78.030383 3
1.580858 79.713492 3
1.64639 86.639861 3
1.643786 81.978743 3
1.634342 82.414477 3
1.604893 82.0 3
1.654961 94.790579 3
1.701986 95.0 3
1.65 89.139209 3
1.657995 90.0 3
1.634688 82.628 3
1.628168 84.49798 3
1.557808 79.661693 3
1.560199 80.0 3
1.750384 95.324282 3
1.753081 95.269089 3
1.65 88.126544 3
1.650012 87.676154 3
1.65 85.583485 3
1.634832 85.803809 3
1.770126 108.602715 3
1.758189 108.721893 3
1.595165 77.354744 3
1.567756 79.493626 3
1.702825 93.638318 3
1.735659 93.429205 3
1.62901 80.0 3
1.615385 80.0 3
1.671705 90.0 3
1.676595 89.993812 3
1.699998 95.564428 3
1.722785 94.094184 3
1.670667 90.575934 3
1.789992 98.021766 3
1.768834 97.449743 3
1.761008 97.829344 3
1.78 102.265955 3
1.810215 105.254354 3
1.608469 82.954796 3
1.630357 83.1011 3
1.62826 82.967937 3
1.605662 82.470375 3
1.567973 81.056851 3
1.548403 80.0 3
1.681855 90.0 3
1.688436 90.0 3
1.577115 78.0 3
1.586751 79.109029 3
1.710616 99.860254 3
1.721384 99.430612 3
1.624367 82.0 3
1.622787 82.0 3
1.855433 112.875283 3
1.856315 118.183797 3
1.681719 90.671871 3
1.722884 92.949254 3
1.799406 106.528811 3
1.819875 106.048516 3
1.790172 105.042194 3
1.783782 105.000276 3
1.783906 109.207614 3
1.844218 109.195529 3
1.631662 82.0 3
1.649553 82.323954 3
1.754711 105.000706 3
1.762515 105.000097 3
1.942725 121.657979 3
1.975663 120.702935 3
1.586301 80.0 3
1.598448 80.0 3
1.703098 98.296651 3
1.706996 99.544696 3
1.526472 75.150345 3
1.501993 76.642944 3
1.784402 108.413119 3
1.792687 108.204547 3
1.814052 109.411622 3
1.789421 109.599453 3
1.686904 90.004046 3
1.703259 91.499683 3
1.665798 89.738596 3
1.66671 89.048151 3
1.65 84.210535 3
1.649439 84.897738 3
1.702002 97.971598 3
1.69382 99.530971 3
1.622999 82.403076 3
1.633675 82.459577 3
1.836669 105.257543 3
1.798354 103.705418 3
1.824432 105.131956 3
1.830384 105.479313 3
1.829907 105.436173 3
1.823755 105.800158 3
1.834842 105.19936 3
1.783901 103.771371 3
1.782067 103.586342 3
1.781032 96.303855 3
1.557943 77.647716 3
1.560258 78.435904 3
1.596586 80.726195 3
1.62093 81.718232 3
1.571417 81.918809 3
1.584322 80.986496 3
1.582523 81.919454 3
1.572791 80.086524 3
1.627908 82.0 3
1.620938 82.283185 3
1.613119 82.636162 3
1.62686 82.410189 3
1.728183 97.959899 3
1.732694 98.44113 3
1.65 88.129437 3
1.65 88.026943 3
1.66913 86.002736 3
1.669136 85.568385 3
1.611058 84.191125 3
1.649736 84.134712 3
1.532643 77.550345 3
1.524293 76.202761 3
1.701634 95.0 3
1.723921 94.743892 3
1.769484 96.078462 3
1.777416 97.842406 3
1.64456 88.119139 3
1.641149 88.079177 3
1.642892 82.144405 3
1.65 82.01831 3
1.777251 106.452367 3
1.814696 107.55963 3
1.559005 77.601483 3
1.556028 77.684229 3
1.653751 91.204753 3
1.680171 91.068054 3
1.552648 80.0 3
1.560215 80.0 3
1.672959 90.0 3
1.680058 89.994351 3
1.664752 94.256547 3
1.668553 94.454394 3
1.785286 100.431625 3
1.780725 98.790167 3
1.751046 95.285898 3
1.751365 95.290429 3
1.717262 98.579156 3
1.741393 98.182498 3
1.7921 101.285765 3
1.785957 99.199287 3
1.609068 83.785312 3
1.603963 82.012637 3
1.605495 82.528575 3
1.607182 82.368441 3
1.661715 82.595793 3
1.655742 82.46376 3
1.549257 80.0 3
1.549748 80.0 3
1.52906 79.760922 3
1.517248 79.843221 3
1.65731 90.0 3
1.673287 90.0 3
1.581527 78.089575 3
1.562724 80.535698 3
1.781251 102.950929 3
1.775584 103.605896 3
1.746645 96.875502 3
1.741353 96.738014 3
1.571812 78.997166 3
1.589027 80.553067 3
1.803245 105.686091 3
1.792646 105.619143 3
1.87199 115.627554 3
1.859056 111.235188 3
1.692242 90.019501 3
1.683 90.924208 3
1.738397 93.890682 3
1.694969 92.508122 3
1.785718 105.055686 3
1.7425 105.028665 3
1.803132 106.329569 3
1.774644 105.966894 3
1.782269 104.97003 3
1.780791 102.921218 3
1.790151 106.320686 3
1.818641 105.496975 3
1.806827 108.829395 3
1.811189 108.800964 3
1.811738 108.897324 3
1.799779 108.934574 3
1.632605 82.0 3
1.623377 82.851318 3
1.618686 81.281578 3
1.616085 82.582954 3
1.769328 105.000576 3
1.807029 105.696358 3
1.882533 117.468516 3
1.879144 112.932984 3
1.931263 118.20313 3
1.861358 115.39792 3
1.567131 80.0 3
1.565366 80.0 3
1.516007 77.033049 3
1.549812 76.082517 3
1.714143 96.568814 3
1.723191 97.350366 3
1.562889 76.65949 3
1.502609 75.279605 3
1.544937 77.053948 3
1.592316 77.00103 3
1.787733 108.019211 3
1.782722 108.044313 3
1.797523 108.316462 3
1.803527 108.251044 3
1.801224 108.15619 3
1.829239 107.10819 3
1.692913 89.93889 3
1.668555 85.607466 3
1.652971 93.310284 3
1.661277 90.744965 3
1.641784 89.424947 3
1.673767 89.995034 3
1.617192 83.121811 3
1.602129 82.412665 3
1.701413 96.710735 3
1.709731 95.032177 3
1.698829 98.572753 3
1.705304 99.873716 3
1.61291 82.193405 3
1.605469 82.039 3
1.80416 104.40682 3
1.785062 104.187314 3
1.755926 112.289883 5
1.787802 115.127662 5
1.704877 107.94747 5
1.695347 102.810704 5
1.908608 128.828122 5
1.819296 122.137917 5
1.773259 118.154345 5
1.774647 120.151967 5
1.773664 116.160329 5
1.793476 112.725005 5
1.82559 120.860386 5
1.885543 121.253083 5
1.75 120.0 5
1.87407 128.867444 5
1.755967 112.256165 5
1.757069 117.298233 5
1.75 116.594351 5
1.704028 101.634313 5
1.849003 121.414744 5
1.841989 122.024954 5
1.613491 98.490766 5
1.647821 106.509947 5
1.75834 112.010504 5
1.758398 112.089022 5
1.670774 101.626189 5
1.665585 98.66176 5
1.914186 129.852531 5
1.899588 124.269251 5
1.75 118.102897 5
1.75 119.434645 5
1.773664 116.160329 5
1.792998 116.102615 5
1.82559 120.860386 5
1.827279 120.996074 5
1.775416 121.204668 5
1.766975 118.363376 5
1.754218 117.384745 5
1.754996 119.087557 5
1.748103 108.308112 5
1.73325 103.669116 5
1.84995 121.786485 5
1.849601 122.333425 5
1.606066 99.961731 5
1.611434 103.175516 5
1.762887 113.90198 5
1.755938 112.287678 5
1.787052 115.428276 5
1.765258 114.330023 5
1.726279 110.714711 5
1.735851 109.889334 5
1.699793 103.841672 5
1.703202 103.0344 5
1.906821 128.856677 5
1.910987 129.935666 5
1.784049 120.644178 5
1.783914 120.549592 5
1.863883 120.202596 5
1.812259 118.277657 5
1.75015 118.206565 5
1.815347 120.399758 5
1.767077 114.133149 5
1.762461 115.531622 5
1.779049 112.438508 5
1.780731 112.957922 5
1.872517 120.898397 5
1.801224 119.050381 5
1.876898 121.277832 5
1.77558 120.589419 5
1.76569 120.082941 5
1.759772 118.382361 5
1.823545 126.460936 5
1.868923 125.064264 5
1.77151 113.207124 5
1.77219 114.097656 5
1.858265 117.57457 5
1.830596 118.424156 5
1.765836 118.533246 5
1.770278 117.29188 5
1.673491 103.706181 5
1.703346 102.686239 5
1.842906 121.142535 5
1.779547 118.740035 5
1.873368 121.82962 5
1.755902 120.021161 5
1.617655 100.941357 5
1.644517 100.004418 5
1.701284 104.578255 5
1.65891 104.548794 5
1.759324 112.000381 5
1.758382 112.10074 5
1.622297 99.982541 5
1.623278 97.582959 5
1.918859 129.991623 5
1.913252 129.232216 5
1.75 118.07381 5
1.75 119.029103 5
1.784994 113.714521 5
1.792533 116.157766 5
1.829757 120.980508 5
1.796415 120.988454 5
1.75 120.0 5
1.762389 118.548733 5
1.825718 121.236915 5
1.839699 120.431551 5
1.749405 109.908779 5
1.75 115.806977 5
1.849998 122.119682 5
1.84998 122.609911 5
1.607939 100.618239 5
1.603226 99.605527 5
1.770663 112.471118 5
1.758038 112.395309 5
1.786997 115.025361 5
1.771837 114.906095 5
1.722396 109.349025 5
1.701387 107.025415 5
1.697421 103.017623 5
1.696365 102.815983 5
1.909198 129.679131 5
1.909105 129.874864 5
1.801368 121.094257 5
1.860292 123.721352 5
1.819535 118.332689 5
1.793174 118.165082 5
1.75015 118.299585 5
1.754956 120.098812 5
1.773115 115.089316 5
1.772731 115.828167 5
1.787933 112.536367 5
1.785277 112.740797 5
1.817572 120.8158 5
1.84342 120.420406 5
1.874519 121.244969 5
1.796332 120.901591 5
1.756221 119.117122 5
1.757132 118.565568 5
1.889104 129.157346 5
1.869323 127.507411 5
1.757154 112.200812 5
1.764484 113.234349 5
1.774775 117.398976 5
1.769933 117.708705 5
1.760175 117.651046 5
1.763029 116.974504 5
1.679515 102.872802 5
1.699354 100.176866 5
1.849307 121.658729 5
1.86741 121.684311 5
1.86714 121.835883 5
1.848553 121.421121 5
1.61981 98.54302 5
1.647807 99.592225 5
1.619128 104.303711 5
1.64187 104.270062 5
1.787379 112.173731 5
1.758355 112.007101 5
1.76414 113.089716 5
1.767186 112.226032 5
1.67782 102.022057 5
1.668478 100.543983 5
1.685462 99.540122 5
1.694642 99.709329 5
1.886109 129.349471 5
1.915 129.966428 5
1.841908 124.070717 5
1.868127 123.172214 5
1.751688 119.205308 5
1.755333 118.237782 5
1.754217 117.8972 5
1.76071 118.668332 5
1.755938 116.311962 5
1.765137 116.669906 5
1.788239 115.382519 5
1.767121 116.164351 5
1.840039 120.975489 5
1.824901 120.805715 5
1.828391 120.998266 5
1.829529 120.996581 5
1.779325 120.751656 5
1.781139 120.794535 5
1.764166 119.373019 5
1.754796 118.805937 5
1.756509 117.368716 5
1.756772 117.326523 5
1.754439 119.441207 5
1.755142 119.192922 5
1.706741 108.012603 5
1.74285 106.421042 5
1.6811 102.523111 5
1.705682 103.067766 5
1.849507 121.560938 5
1.853373 121.737836 5
1.84753 122.06261 5
1.87034 121.458232 5
1.607787 100.783434 5
1.603091 100.209405 5
1.620109 103.393354 5
1.610647 100.642257 5
1.758618 113.501549 5
1.763259 113.215814 5
1.764138 112.323213 5
1.75596 112.277567 5
1.783381 115.347176 5
1.786532 114.534678 5
1.766626 114.187096 5
1.765464 114.144378 5
1.75853 111.635463 5
1.758539 111.950413 5
1.748015 109.758736 5
1.744974 111.169678 5
1.701566 103.743534 5
1.696412 103.250355 5
1.680489 102.004554 5
1.703317 102.592171 5
1.877732 127.161381 5
1.909639 129.013178 5
1.909188 129.19449 5
1.910672 129.232708 5
1.779136 120.60094 5
1.767485 120.158049 5
1.783953 120.613561 5
1.76714 120.344402 5
1.816197 119.622764 5
1.839941 119.956651 5
1.84842 117.631707 5
1.830317 117.75701 5
1.750085 118.114184 5
1.763582 117.86159 5
1.816547 120.699119 5
1.805445 119.484614 5
1.770124 114.163921 5
1.77274 114.254278 5
1.763215 115.10813 5
1.766547 115.45845 5
1.773181 112.348722 5
1.76003 112.409191 5
1.780089 113.15464 5
1.766946 113.235538 5
1.885119 121.065052 5
1.828276 120.872294 5
1.806227 120.423567 5
1.812919 119.841446 5
1.859717 121.284533 5
1.86516 121.527369 5
1.783609 120.921535 5
1.794827 120.919703 5
1.759647 120.009392 5
1.773521 120.209711 5
1.753327 118.26569 5
1.761068 118.370628 5
1.848845 125.077863 5
1.842812 125.973927 5
1.825449 124.95278 5
1.86198 126.418413 5
1.763987 113.069667 5
1.761519 112.835195 5
1.772045 114.067936 5
1.771817 114.004832 5
1.79858 117.93329 5
1.788586 117.849351 5
1.803207 118.332966 5
1.836592 118.377601 5
1.762921 118.40174 5
1.752863 119.201465 5
1.768235 117.792268 5
1.766888 118.134898 5
1.603501 101.038263 5
1.690262 103.180918 5
1.712905 103.276087 5
1.695735 102.784864 5
1.829971 121.04172 5
1.84629 121.248035 5
1.774983 119.081804 5
1.78968 118.436166 5
1.852664 121.310257 5
1.872561 121.471077 5
1.81955 120.775439 5
1.815514 120.337664 5
1.614075 100.245302 5
1.609418 100.078367 5
1.650189 101.141277 5
1.653876 102.583895 5
1.657132 105.580491 5
1.644751 101.067988 5
1.660761 104.321463 5
1.69151 102.59518 5
1.611462 102.093223 6
1.584782 105.055597 6
1.792378 137.859737 6
1.802257 149.935848 6
1.65632 111.93301 6
1.600762 105.448264 6
1.678658 104.954834 6
1.678201 109.900472 6
1.65563 121.205171 6
1.694952 133.76473 6
1.622771 109.959714 6
1.583889 110.545378 6
1.729045 131.529267 6
1.664622 114.465425 6
1.747773 127.902844 6
1.730113 152.094362 6
1.746652 133.800129 6
1.719365 114.511537 6
1.632377 111.946655 6
1.642572 111.868169 6
1.654875 104.758713 6
1.627567 107.482662 6
1.736276 130.927138 6
1.737056 132.527011 6
1.580968 102.003378 6
1.607128 103.026858 6
1.821566 142.102468 6
1.82773 152.720545 6
1.656504 111.993054 6
1.637725 111.208963 6
1.669701 104.585783 6
1.668709 104.754958 6
1.668642 124.704781 6
1.690614 129.769141 6
1.622418 110.676343 6
1.643332 110.824698 6
1.733383 135.524857 6
1.748313 133.573787 6
1.812963 138.730619 6
1.80734 155.872093 6
1.745644 133.665587 6
1.753266 133.852432 6
1.632193 111.886611 6
1.641098 111.818345 6
1.640741 104.808542 6
1.618573 104.928643 6
1.757442 133.365094 6
1.763343 133.952675 6
1.610086 102.38745 6
1.664463 102.781971 6
1.602025 104.899348 6
1.632896 104.988925 6
1.771043 137.044959 6
1.789555 137.767787 6
1.801746 141.166265 6
1.787195 151.975864 6
1.644141 111.942544 6
1.643355 111.600553 6
1.623707 105.037463 6
1.610636 105.423532 6
1.629491 104.839068 6
1.684768 104.821175 6
1.66494 110.92217 6
1.655646 110.21734 6
1.666194 124.805868 6
1.707508 121.864326 6
1.754174 133.783955 6
1.714193 131.866734 6
1.62439 110.008636 6
1.638836 110.970479 6
1.621245 111.267334 6
1.623514 109.980145 6
1.736215 132.145549 6
1.732951 132.904884 6
1.69135 114.480696 6
1.635062 113.277388 6
1.746061 128.261402 6
1.746529 129.363771 6
1.746516 144.302261 6
1.751118 149.291106 6
1.741014 132.57927 6
1.748533 133.94608 6
1.694726 112.776612 6
1.674515 112.879662 6
1.631332 111.829957 6
1.641918 111.86899 6
1.640125 111.539494 6
1.649178 111.914361 6
1.603404 105.031908 6
1.644199 105.036075 6
1.628909 106.875927 6
1.628019 108.265922 6
1.71818 133.466763 6
1.708581 131.274851 6
1.724983 132.94066 6
1.739991 133.485478 6
1.568543 102.000122 6
1.579893 102.134646 6
1.782714 154.618446 6
1.793824 160.935351 6
1.659557 111.999096 6
1.65782 111.95611 6
1.684082 104.592372 6
1.68395 104.846817 6
1.716521 127.642324 6
1.680762 125.418548 6
1.623303 110.81746 6
1.631856 110.804337 6
1.747479 136.516648 6
1.782453 137.852618 6
1.809871 152.394739 6
1.803677 160.639405 6
1.745602 133.554686 6
1.751038 133.843033 6
1.631547 111.588625 6
1.635905 111.571076 6
1.616975 104.846218 6
1.62788 104.92057 6
1.76416 133.888629 6
1.763847 133.937873 6
1.608808 102.083964 6
1.610488 102.174953 6
1.621231 104.986792 6
1.642392 104.988082 6
1.801983 138.034526 6
1.787614 137.858254 6
1.801478 151.417292 6
1.807576 152.567671 6
1.650125 111.939671 6
1.652674 111.919155 6
1.663632 105.122109 6
1.627818 105.428628 6
1.66877 104.774144 6
1.642098 104.966758 6
1.65757 109.931233 6
1.643111 109.910012 6
1.675562 121.639178 6
1.661415 120.748213 6
1.713133 133.735889 6
1.7199 133.886031 6
1.622701 109.982692 6
1.622468 110.400847 6
1.618867 110.777391 6
1.600905 110.074946 6
1.730636 131.902591 6
1.729719 131.877558 6
1.677672 114.470482 6
1.637524 113.90506 6
1.738717 128.114161 6
1.741193 128.763843 6
1.792833 152.43563 6
1.810427 152.217135 6
1.743589 133.281333 6
1.747962 133.936535 6
1.71146 113.372851 6
1.685482 113.451224 6
1.639251 111.927001 6
1.654784 111.933152 6
1.641209 111.856492 6
1.643167 111.894229 6
1.63073 104.790549 6
1.649867 104.791035 6
1.613574 107.012256 6
1.627532 106.69053 6
1.726606 131.76807 6
1.721476 131.042274 6
1.742901 132.8071 6
1.737313 133.166595 6
1.62414 102.233445 6
1.644078 102.277765 6
1.592529 102.874549 6
1.607734 102.305767 6
1.817271 141.917802 6
1.808765 140.292018 6
1.817231 152.371911 6
1.819728 151.278532 6
1.656465 111.949972 6
1.648143 111.950113 6
1.622703 111.216192 6
1.640606 111.036881 6
1.683502 104.759643 6
1.669039 104.593929 6
1.673665 104.704707 6
1.668931 104.768318 6
1.700996 126.490236 6
1.734092 125.117633 6
1.708291 130.986338 6
1.716497 130.871127 6
1.62495 111.00492 6
1.594776 110.640929 6
1.626503 110.818757 6
1.624576 110.803117 6
1.729099 134.842656 6
1.73581 135.346677 6
1.748524 133.878843 6
1.748951 133.662583 6
1.777971 137.785027 6
1.73995 135.693381 6
1.816868 153.959945 6
1.8002 155.242672 6
1.74647 133.644711 6
1.759091 133.903612 6
1.752531 133.618706 6
1.761773 133.903469 6
1.633195 111.883747 6
1.633945 111.9307 6
1.641601 111.830924 6
1.641132 111.841706 6
1.638218 104.810024 6
1.627483 104.881994 6
1.610225 104.936381 6
1.61739 105.013901 6
1.744319 133.45249 6
1.755467 133.478611 6
1.746416 133.747012 6
1.746411 133.676663 6
1.611452 102.363149 6
1.596813 102.320437 6
1.610126 102.686908 6
1.623113 102.555691 6
1.618348 104.94582 6
1.609401 104.854928 6
1.621671 105.313967 6
1.614484 104.999403 6
1.789143 138.202869 6
1.774207 138.143162 6
1.792933 137.832414 6
1.758959 137.79299 6
1.807406 141.799429 6
1.75091 142.545183 6
1.805803 153.149491 6
1.796538 152.473675 6
1.634894 111.946321 6
1.639524 111.945588 6
1.643017 111.720238 6
1.641849 111.682693 6
1.621167 104.947703 6
1.638075 105.036522 6
1.60937 105.407313 6
1.608283 105.359688 6
1.629442 104.835346 6
1.629225 104.838425 6
1.680218 104.807284 6
1.686033 104.772164 6
1.662978 110.930509 6
1.675185 110.621723 6
1.62456 110.10589 6
1.626179 110.074019 6
1.682594 127.427458 6
1.669354 126.088301 6
1.68838 121.889803 6
1.694439 122.813033 6
1.755476 133.870501 6
1.748106 133.259033 6
1.719913 131.567481 6
1.723587 131.929712 6
1.623812 109.996742 6
1.624099 109.978402 6
1.632983 111.157811 6
1.640745 110.919646 6
1.629727 111.275646 6
1.624134 111.531208 6
1.623938 109.984263 6
1.593321 110.168166 6
1.730333 132.116491 6
1.721057 132.054793 6
1.71978 132.262558 6
1.699315 133.10761 6
1.681394 114.479459 6
1.697421 114.482386 6
1.650726 113.774198 6
1.667383 112.982549 6
1.746277 128.705761 6
1.735461 126.798173 6
1.747714 128.148108 6
1.71582 129.466541 6
1.747987 147.296186 6
1.817917 142.559161 6
1.80835 150.51648 6
1.739457 150.37757 6
1.742062 133.779919 6
1.741925 133.017105 6
1.751067 133.845064 6
1.749118 133.955091 6
1.663341 113.077187 6
1.668537 112.555456 6
1.668951 112.249699 6
1.661712 112.098616 6
1.633442 111.821817 6
1.63302 111.863186 6
1.633887 111.878132 6
1.643421 111.939983 6
1.640535 111.555967 6
1.626483 111.357062 6
1.64599 111.922491 6
1.643892 111.884535 6
1.617817 104.950776 6
1.626449 104.879602 6
1.62658 105.037203 6
1.606474 104.954291 6
1.628855 108.090006 6
1.628205 107.378702 6
1.62847 107.218949 6
1.627839 108.10736 6
1.724268 133.033523 6
1.732383 133.043941 6
1.72692 131.335786 6
1.71073 131.408528 6
1.748584 133.742943 6
1.752206 133.689352 6
1.73945 133.346641 6
1.738836 133.472641 6
