-13.5216 -6.3827 0
-15.4790 -8.6259 0
-15.2705 -7.8187 0
-13.8740 -8.0679 0
-17.8832 -8.2417 0
-15.5735 -8.2276 0
-16.6417 -9.9557 0
-16.3830 -9.8114 0
-15.3762 -9.1957 0
-15.0317 -7.5834 0
-13.8078 -6.6152 0
-14.2757 -7.3374 0
-15.2706 -8.0421 0
-15.6007 -7.8710 0
-14.8884 -7.6096 0
-14.4591 -5.7859 0
-14.6174 -7.9404 0
-14.9116 -8.0568 0
-15.7167 -11.0604 0
-16.8505 -10.1861 0
-14.3086 -7.3417 0
-16.3926 -8.3108 0
-14.1782 -7.6020 0
-15.1614 -9.5262 0
-14.3703 -6.5022 0
-15.9819 -8.9277 0
-16.2417 -8.2215 0
-16.1412 -8.9737 0
-16.0786 -7.1136 0
-14.6588 -7.6198 0
-13.6210 -7.0756 0
-15.0097 -7.4157 0
-13.9201 -7.1193 0
-15.6489 -8.1609 0
-14.3809 -7.7339 0
-12.8345 -5.8360 0
-14.5122 -7.0229 0
-14.6400 -6.7511 0
-14.5330 -8.9650 0
-16.5494 -7.8445 0
-14.0614 -5.7263 0
-14.9586 -9.5438 0
-14.4663 -4.6772 0
-14.4022 -9.3417 0
-15.9249 -6.4699 0
-14.2896 -7.6159 0
-16.0999 -8.3277 0
-14.1771 -7.2123 0
-15.3049 -10.1501 0
-15.4408 -7.1806 0
-14.3725 -7.0459 0
-14.7283 -7.4802 0
-15.9254 -9.1702 0
-14.4056 -8.4368 0
-14.4164 -7.3535 0
-13.5314 -7.3163 0
-15.3021 -9.2245 0
-15.0625 -8.4488 0
-14.7112 -7.9672 0
-13.5824 -7.1080 0
-13.8116 -7.6663 0
-15.7368 -9.9758 0
-14.1414 -8.0838 0
-14.5034 -7.1990 0
-15.8635 -8.5540 0
-17.1373 -8.0613 0
-13.5006 -9.3343 0
-15.1950 -7.9141 0
-15.0388 -8.3186 0
-15.0456 -6.8101 0
-16.0016 -9.2450 0
-14.3183 -7.6894 0
-16.1160 -8.6474 0
-14.5895 -8.2100 0
-12.5675 -8.4679 0
-16.0080 -10.1297 0
-16.1535 -8.8360 0
-14.2444 -5.0159 0
-16.6598 -7.7422 0
-14.8086 -8.5804 0
-14.7571 -8.0829 0
-14.8226 -8.8301 0
-14.6274 -6.7029 0
-14.3367 -7.3268 0
-16.0098 -8.6133 0
-12.7502 -6.9044 0
-14.8522 -8.6160 0
-13.6365 -6.9834 0
-15.2208 -7.8048 0
-15.0922 -8.0412 0
-16.1368 -8.6485 0
-17.2740 -8.9280 0
-15.2035 -8.6616 0
-14.2503 -8.3195 0
-15.0109 -7.6564 0
-16.7659 -6.6634 0
-14.4159 -9.1258 0
-13.4591 -5.0715 0
-14.9156 -7.9702 0
-15.7907 -9.0560 0
-15.2097 -5.7614 0
-14.3107 -8.2148 0
-14.6551 -7.6948 0
-14.1551 -8.4088 0
-15.2635 -7.3654 0
-16.3522 -9.6035 0
-15.1759 -9.2193 0
-16.4593 -7.7241 0
-15.0823 -7.8967 0
-14.5807 -7.5274 0
-16.3318 -8.2481 0
-15.8401 -9.5552 0
-14.5263 -8.2140 0
-13.7904 -7.9637 0
-12.8014 -8.3961 0
-14.5874 -7.4583 0
-16.8250 -7.9232 0
-14.6617 -6.5819 0
-13.3066 -6.3344 0
-14.0222 -7.9330 0
-15.6916 -8.2547 0
-16.1861 -8.5812 0
-14.5447 -8.1349 0
-14.2324 -7.8970 0
-14.1347 -8.5358 0
-16.5686 -9.1093 0
-15.8735 -8.9259 0
-15.5276 -6.5270 0
-15.9612 -7.3053 0
-15.7535 -8.1333 0
-16.7110 -9.0457 0
-15.1242 -7.9055 0
-14.8947 -8.8390 0
-14.3490 -6.8517 0
-15.1346 -7.3027 0
-16.1491 -8.6946 0
-14.3416 -8.2282 0
-13.9001 -7.7358 0
-14.9253 -6.8057 0
-15.5197 -9.2648 0
-14.0394 -8.7325 0
-14.4016 -8.0118 0
-15.3143 -8.4242 0
-15.7992 -9.1360 0
-14.2730 -7.8579 0
-16.0486 -7.5907 0
-14.8211 -7.1364 0
-15.0292 -9.0398 0
-13.7283 -7.6698 0
-14.8423 -7.5631 0
-14.6687 -7.9381 0
-16.5127 -9.0055 0
-15.1156 -8.1168 0
-15.3882 -8.9809 0
-15.7860 -8.3502 0
-13.8226 -8.6080 0
-14.3377 -7.2092 0
-14.7467 -7.9147 0
-15.1286 -6.7955 0
-13.8093 -8.0526 0
2.7592 12.5458 1
2.3148 12.8373 1
2.3582 11.9851 1
2.9877 13.5346 1
2.6062 14.3894 1
2.5047 13.4752 1
1.7183 11.3540 1
2.8198 12.4810 1
2.6645 13.7188 1
2.2740 12.4726 1
1.4895 12.4409 1
3.2411 12.7543 1
4.2216 13.2644 1
6.1854 14.3595 1
2.6576 12.5128 1
4.0084 14.4287 1
3.5970 12.6887 1
1.8533 11.9185 1
4.0435 14.1249 1
2.9157 14.9394 1
3.1081 12.9015 1
4.3719 13.1049 1
2.1354 12.0893 1
3.0730 13.6288 1
2.8606 12.5677 1
4.7764 12.8699 1
3.1266 11.6412 1
2.7852 13.4821 1
3.8620 14.1128 1
2.5781 12.3299 1
3.7339 12.7611 1
3.1294 12.4395 1
1.7443 12.1025 1
4.0892 13.6645 1
2.1776 12.7503 1
2.5697 13.5218 1
2.8092 11.4548 1
2.7873 12.0756 1
2.7132 13.7738 1
3.1660 12.6813 1
2.8666 11.2538 1
2.5083 12.6440 1
3.6294 12.6109 1
3.7479 12.4326 1
5.5107 13.7995 1
3.3522 11.6318 1
3.3872 12.9550 1
3.3351 13.8506 1
2.4442 14.3578 1
2.9813 13.5286 1
3.5447 13.8053 1
2.9204 14.5231 1
2.2591 13.8410 1
2.6424 12.6070 1
4.2914 15.9171 1
4.5136 14.4245 1
2.9372 12.7782 1
0.7275 9.0650 1
2.7094 13.6589 1
3.4864 12.3813 1
2.8694 12.9591 1
3.1037 12.7555 1
2.5995 13.3845 1
3.4554 12.8223 1
3.4613 10.6571 1
2.8567 12.9174 1
2.8219 14.0857 1
3.2517 12.7303 1
3.6147 12.7105 1
2.7666 12.6145 1
2.3116 11.9731 1
5.1467 13.0957 1
2.9170 12.8018 1
2.5481 12.7488 1
3.6476 13.7130 1
3.5836 13.4856 1
2.4564 12.2997 1
4.5396 12.7239 1
4.0499 13.7907 1
1.2300 12.2678 1
3.7249 12.5775 1
3.7275 14.8517 1
5.3290 13.9407 1
3.7372 12.5368 1
1.8514 13.5336 1
2.6815 12.7287 1
2.5134 12.6339 1
2.0669 11.6895 1
2.5509 13.2616 1
4.1977 13.4664 1
2.1475 12.9674 1
3.0452 13.3665 1
3.7413 14.4861 1
2.6303 12.1483 1
3.4891 14.8599 1
4.6400 14.6248 1
4.0472 13.1750 1
3.9131 12.1189 1
2.0406 12.7031 1
2.8671 12.4350 1
2.2265 13.0347 1
2.4483 12.5490 1
2.2658 13.4124 1
2.7825 12.0860 1
2.7933 11.9872 1
2.4133 12.6421 1
2.4534 12.0803 1
4.5961 15.5485 1
2.8069 14.6236 1
2.2052 12.3564 1
2.5728 13.3674 1
4.1359 14.5084 1
3.1129 15.1844 1
1.6375 11.4766 1
3.1196 12.4081 1
5.7092 13.7597 1
2.5722 12.6038 1
3.1801 12.1431 1
4.6180 14.0243 1
2.3365 13.6847 1
2.2591 14.9013 1
2.6077 13.5602 1
3.4161 12.1173 1
4.1812 13.1911 1
3.3954 12.7821 1
3.1797 12.6371 1
3.1276 13.1118 1
2.2711 12.5141 1
2.4501 12.6398 1
3.8083 12.3237 1
3.2360 12.4043 1
2.3744 14.6785 1
3.3756 13.9144 1
4.1245 13.1662 1
1.3266 12.3467 1
3.2885 13.2218 1
4.2724 14.5544 1
3.2123 11.0202 1
3.1117 11.8446 1
2.3853 12.0483 1
3.9936 14.5793 1
3.2076 12.4876 1
3.5740 12.5347 1
3.4988 12.6425 1
3.6796 12.8834 1
1.6553 11.7490 1
1.4895 12.2802 1
3.0339 14.3471 1
3.7257 13.1217 1
3.9851 11.4727 1
4.0907 12.6219 1
4.2402 14.7109 1
2.9617 13.1179 1
3.4038 11.8937 1
4.8713 14.9807 1
2.3650 12.1433 1
3.8695 13.3249 1
1.7873 12.1341 1
3.4293 13.4055 1
4.2537 13.5318 1
0.9017 -14.1522 2
0.8263 -15.9913 2
-0.0380 -13.7854 2
0.3104 -15.7976 2
-0.6216 -17.9043 2
0.1015 -15.7774 2
-0.5129 -15.5718 2
0.5684 -15.6858 2
1.9371 -14.4256 2
2.1380 -14.0325 2
1.7719 -14.9809 2
0.2622 -16.3280 2
3.2346 -13.7768 2
1.4608 -13.4860 2
1.9948 -15.1244 2
0.5825 -14.5870 2
-0.3654 -17.3258 2
1.3785 -14.5332 2
1.8545 -14.1797 2
0.1887 -16.3487 2
1.2470 -14.1864 2
1.3299 -15.1723 2
2.3427 -15.5510 2
1.8148 -15.2772 2
0.8652 -13.3210 2
1.3701 -14.2426 2
-1.5352 -17.5021 2
-0.2747 -14.8243 2
0.6035 -17.3711 2
0.9030 -15.9533 2
-0.1508 -14.2191 2
-0.0877 -15.7858 2
1.3867 -15.3776 2
0.4851 -15.5600 2
0.3261 -15.4734 2
0.8187 -15.4866 2
-0.8395 -13.6608 2
2.3798 -13.4334 2
0.5260 -15.7071 2
1.9201 -13.9514 2
0.3282 -14.8916 2
-0.4318 -15.7819 2
0.8818 -16.1423 2
0.7429 -15.8249 2
0.2262 -15.9729 2
-0.1128 -14.4725 2
1.6934 -13.3526 2
1.2141 -14.7529 2
0.4062 -13.2879 2
-0.2238 -14.6907 2
0.7315 -15.5656 2
0.9851 -14.8452 2
0.6081 -14.3146 2
0.5998 -17.0307 2
0.2480 -15.4951 2
1.7227 -15.1583 2
0.8764 -14.8156 2
-0.6114 -16.5189 2
-0.4818 -16.9186 2
0.9163 -14.3200 2
1.2115 -14.6393 2
0.0918 -15.1629 2
1.3589 -13.1285 2
-0.6318 -17.0528 2
0.0743 -15.3010 2
0.4003 -14.5448 2
0.3522 -14.6738 2
2.8720 -15.5497 2
-0.1364 -15.4194 2
1.7489 -14.0727 2
-0.4832 -17.2686 2
0.1194 -16.3122 2
1.3863 -15.4273 2
2.4280 -13.8014 2
0.9631 -15.7729 2
0.9806 -16.6900 2
3.0877 -13.8006 2
2.2853 -12.2483 2
1.3408 -13.6897 2
1.4874 -15.5302 2
-1.0000 -15.4777 2
-0.0253 -13.6556 2
2.7182 -13.1692 2
0.6954 -17.2315 2
0.6891 -14.5968 2
1.0136 -15.8460 2
-0.3231 -14.2922 2
-0.0397 -15.0459 2
3.5940 -14.5166 2
0.3602 -15.5676 2
0.3058 -16.2401 2
-0.1502 -16.7095 2
1.3592 -15.3008 2
1.3842 -15.3971 2
3.4691 -13.9848 2
0.0548 -15.1330 2
0.5752 -16.1113 2
-0.0346 -16.5286 2
0.7479 -12.8480 2
2.1765 -15.6968 2
0.9055 -15.6792 2
0.8007 -14.3098 2
1.9031 -13.7492 2
2.0061 -14.9578 2
1.4483 -14.5399 2
1.2802 -16.7603 2
1.6417 -15.4759 2
0.6363 -16.2189 2
-1.4200 -17.2892 2
2.6226 -15.1486 2
0.0906 -14.7927 2
2.5513 -14.3461 2
-0.3551 -14.9248 2
0.9898 -14.0118 2
-0.2761 -16.2663 2
0.8274 -15.4925 2
-0.1275 -15.1587 2
1.4120 -15.7051 2
2.4294 -13.9285 2
-0.2308 -14.6236 2
-0.8545 -15.0481 2
1.3988 -14.7331 2
1.3915 -16.7181 2
0.5447 -15.0215 2
-1.0706 -17.9172 2
2.2425 -13.3769 2
-0.0727 -15.1814 2
1.5018 -13.3719 2
0.2234 -15.3720 2
1.3733 -14.7428 2
0.7120 -14.9231 2
-0.4350 -15.0181 2
-0.2882 -16.3125 2
0.8865 -14.1092 2
0.8542 -13.8435 2
0.5443 -16.1565 2
3.2711 -13.7036 2
0.8169 -15.3091 2
1.3228 -18.5638 2
1.8550 -14.6644 2
2.9237 -13.3807 2
1.2521 -14.5132 2
1.0492 -16.4134 2
2.0288 -14.5812 2
1.0714 -14.8886 2
0.1426 -15.0672 2
1.5934 -16.1620 2
1.1957 -15.8734 2
-0.4058 -15.7073 2
0.8325 -14.7307 2
0.1242 -15.5844 2
1.8122 -15.1314 2
2.3259 -14.1979 2
1.5702 -15.7392 2
2.9414 -15.4206 2
3.0888 -14.6742 2
1.1387 -14.2566 2
1.2233 -14.2791 2
-1.2616 -16.7541 2
-0.0548 -15.6400 2
-4.9908 2.2662 3
-6.6578 1.0185 3
-4.1781 0.8696 3
-6.2931 1.4750 3
-6.1183 0.5059 3
-3.7563 1.7803 3
-6.4934 1.0511 3
-5.1730 0.9513 3
-6.8208 1.2003 3
-4.1079 -0.1831 3
-4.0686 0.2685 3
-4.1688 0.1155 3
-3.8229 1.9047 3
-4.0973 0.4886 3
-6.2427 -0.4805 3
-6.1124 1.1952 3
-6.0326 0.1140 3
-7.1593 1.5921 3
-3.4901 1.7354 3
-4.7628 0.5706 3
-5.7396 1.4243 3
-5.2950 1.0299 3
-5.4901 -0.7539 3
-6.3046 1.1100 3
-3.5430 2.0011 3
-7.4009 0.9196 3
-4.7702 0.2769 3
-5.9498 1.8759 3
-4.0237 1.7390 3
-4.6692 2.2904 3
-4.5159 -0.3664 3
-6.8544 -0.9830 3
-4.8813 1.5878 3
-5.6092 1.2743 3
-5.1108 0.3157 3
-4.1012 2.3085 3
-4.4457 2.0044 3
-5.5124 2.6378 3
-4.9931 2.2421 3
-6.3911 0.1710 3
-3.4829 1.3790 3
-7.4484 1.1110 3
-2.1886 0.9632 3
-4.9956 2.7262 3
-4.8997 1.1177 3
-5.6422 1.1806 3
-5.0053 1.2278 3
-4.3280 0.8221 3
-6.0519 1.3962 3
-5.7533 0.3012 3
-4.0644 1.6491 3
-4.4706 1.2377 3
-4.3049 1.6233 3
-3.3420 1.4613 3
-3.4371 1.9797 3
-4.6470 2.3550 3
-4.5455 0.8244 3
-5.3815 -0.0358 3
-4.6972 -0.2431 3
-5.7725 -0.1725 3
-5.1826 0.5448 3
-4.4838 2.3248 3
-5.4653 1.1090 3
-5.2666 0.8145 3
-4.4529 -0.2484 3
-4.2231 0.6752 3
-5.3658 -0.1306 3
-4.8858 2.1981 3
-5.8149 2.4470 3
-4.0560 2.4261 3
-4.6679 0.0145 3
-4.5765 -0.3650 3
-4.5223 1.9098 3
-4.5055 -0.0190 3
-3.6504 1.3356 3
-6.1332 2.1230 3
-5.3057 0.3647 3
-4.0519 1.2135 3
-4.9042 0.3268 3
-4.0933 2.4831 3
-2.9756 1.1729 3
-7.2810 -1.2380 3
-3.9872 1.7670 3
-4.6853 1.8277 3
-5.5528 1.9060 3
-3.7772 1.4188 3
-5.6661 0.4554 3
-3.0715 1.9711 3
-5.1698 -1.2620 3
-4.8463 1.5248 3
-4.8678 0.4932 3
-6.6424 1.3290 3
-6.2265 -1.1411 3
-4.8212 0.8290 3
-4.9146 0.1403 3
-6.4366 -0.4821 3
-3.2815 1.3968 3
-6.2228 0.1956 3
-5.0905 0.3349 3
-6.7716 -0.3661 3
-4.7873 0.2457 3
-7.1500 0.6314 3
-4.2947 -0.1139 3
-5.0969 1.8938 3
-4.3030 0.3085 3
-5.4413 1.9438 3
-3.4865 3.0093 3
-4.6287 2.2024 3
-4.1992 2.4279 3
-5.2199 0.1690 3
-4.8224 1.6111 3
-4.9881 1.4380 3
-4.6838 2.8792 3
-4.5769 0.5581 3
-3.6475 0.4358 3
-6.7490 1.5456 3
-5.3212 3.1016 3
-4.2217 1.2212 3
-7.7032 -0.1043 3
-2.6788 1.9799 3
-6.9839 0.7140 3
-5.7066 -0.6423 3
-4.2057 0.8866 3
-5.7879 0.0877 3
-3.3015 0.8131 3
-5.3468 0.2760 3
-3.9105 1.2216 3
-4.6620 2.0957 3
-4.8870 0.0848 3
-3.1329 2.2187 3
-4.3622 0.9918 3
-5.2409 1.3046 3
-4.7303 0.7847 3
-4.9735 1.6249 3
-5.7049 -0.7199 3
-5.0987 1.8079 3
-3.7042 0.7239 3
-3.8152 1.1041 3
-6.0248 0.6199 3
-5.8979 -0.4735 3
-4.0385 1.2711 3
-4.5694 1.5956 3
-5.4990 0.9670 3
-2.7956 2.4284 3
-5.8847 1.2069 3
-6.0932 1.3729 3
-4.8849 2.0894 3
-3.6136 2.3159 3
-6.1117 -0.5936 3
-6.7382 1.5827 3
-5.7150 1.0161 3
-4.8951 1.7464 3
-4.2614 1.5172 3
-6.2163 1.7211 3
-5.6234 -0.5294 3
-5.1258 1.7976 3
-3.3747 1.5495 3
-4.2927 1.2797 3
-5.2521 0.0321 3
-7.0248 0.0585 3
-4.0570 5.9595 4
-4.8925 6.5993 4
-4.5619 6.5301 4
-4.2690 7.4352 4
-3.2738 8.5686 4
-2.1946 7.0009 4
-4.7882 7.1609 4
-2.8597 8.7599 4
-2.8677 7.0686 4
-3.8063 6.6679 4
-3.9622 6.5123 4
-5.0812 5.3097 4
-3.6122 9.5680 4
-4.4794 6.7812 4
-3.1397 7.4474 4
-3.7576 6.8983 4
-2.4080 6.8276 4
-5.4416 6.1838 4
-5.6578 5.9608 4
-3.1787 8.7159 4
-1.8389 10.0639 4
-3.7053 6.5337 4
-4.3248 7.0106 4
-3.2562 6.8737 4
-4.3837 6.1051 4
-3.8709 6.7509 4
-4.4249 6.5600 4
-3.9550 6.6122 4
-4.3336 6.3836 4
-4.3532 6.4878 4
-3.6601 6.9571 4
-4.6141 7.1261 4
-4.0234 5.7813 4
-4.6093 6.5806 4
-4.1384 6.9492 4
-5.0319 6.8732 4
-1.2882 7.3024 4
-3.4783 9.0113 4
-5.3454 6.6545 4
-3.9729 7.1391 4
-5.0180 6.7718 4
-3.3865 6.2751 4
-4.0923 8.1666 4
-3.5515 6.4062 4
-5.5393 7.0683 4
-2.6654 7.2301 4
-2.3521 7.4902 4
-4.5340 7.2168 4
-5.4391 5.4187 4
-4.9172 7.4815 4
-1.6746 7.1549 4
-5.6030 5.8399 4
-3.3334 8.0828 4
-5.2349 5.9930 4
-4.0980 8.3147 4
-3.4594 6.8965 4
-4.2286 6.8117 4
-4.0498 8.0466 4
-1.9360 8.3749 4
-3.5249 6.5383 4
-4.5474 6.2506 4
-5.0699 7.2981 4
-4.2499 6.8467 4
-4.3921 5.3462 4
-3.9285 6.9746 4
-4.2021 8.8606 4
-2.7208 8.4636 4
-5.2577 4.7918 4
-4.5562 6.1431 4
-2.8674 7.2024 4
-4.2779 7.8810 4
-3.6503 5.9444 4
-3.8703 7.9638 4
-3.8832 6.8521 4
-4.1581 7.3991 4
-4.4165 5.9489 4
-2.6593 8.3097 4
-4.5597 7.0725 4
-2.1992 7.8937 4
-3.3806 7.3391 4
-3.9665 5.7388 4
-3.5055 9.3747 4
-3.1386 7.0763 4
-3.5766 8.6212 4
-2.8434 7.1603 4
-4.0863 5.8573 4
-3.7052 8.7969 4
-3.3648 8.3198 4
-5.8036 7.1599 4
-3.3132 9.0371 4
-4.6071 6.9704 4
-3.1451 9.4744 4
-4.2046 6.6511 4
-4.2623 8.1939 4
-5.0911 5.6766 4
-3.1965 6.9471 4
-3.3024 5.8966 4
-3.2287 5.7313 4
-4.6104 6.8497 4
-5.4307 6.5217 4
-3.3242 7.2816 4
-3.5628 7.9674 4
-3.0862 7.5834 4
-4.0725 6.6375 4
-3.4855 8.7901 4
-3.5077 8.5803 4
-3.3678 7.8306 4
-2.6853 7.2306 4
-3.2882 7.4257 4
-3.7830 7.0395 4
-3.5878 8.0389 4
-3.7496 5.3557 4
-2.7223 6.8245 4
-4.5001 6.6222 4
-3.2805 7.9713 4
-3.2272 6.8943 4
-3.7929 7.4111 4
-2.8351 7.0632 4
-3.4445 6.3853 4
-4.1999 5.7005 4
-4.2961 6.3473 4
-3.0247 7.9556 4
-2.9581 8.4645 4
-4.2271 6.8854 4
-5.3863 7.2585 4
-4.6857 7.7215 4
-3.4148 7.6157 4
-3.6160 7.1690 4
-3.6667 6.4752 4
-2.6132 7.2621 4
-2.5366 6.9626 4
-3.7038 5.7117 4
-3.9719 7.1398 4
-4.6534 7.4790 4
-3.6863 6.4027 4
-3.7439 7.9948 4
-3.7177 6.3695 4
-4.8408 6.7770 4
-2.3896 6.6989 4
-4.0755 5.3026 4
-4.1738 7.6379 4
-4.4581 5.5389 4
-4.4565 7.1122 4
-3.5127 6.6552 4
-3.7019 6.3593 4
-5.0382 6.9609 4
-4.0792 7.2140 4
-3.5447 8.8664 4
-4.0279 6.8853 4
-4.3481 6.9580 4
-3.4235 8.2090 4
-3.9230 8.1560 4
-3.4070 6.4824 4
-3.7203 7.9618 4
-3.9479 7.3941 4
-3.1625 6.6623 4
-2.6361 8.4823 4
-0.7012 6.7419 4
-4.5777 6.7010 4
-5.3338 7.1280 4
