-3.5772 -9.4776 0
-3.9155 -9.2328 0
-2.8178 -9.6465 0
-1.1150 -7.9341 0
-2.7551 -8.2597 0
-4.0264 -7.2102 0
-2.0543 -6.2877 0
-3.7456 -10.0493 0
-3.6117 -9.8568 0
-1.6480 -7.8176 0
-3.4503 -9.2970 0
-1.3384 -7.9939 0
-3.1722 -9.0331 0
-1.2166 -6.7523 0
-2.8236 -7.9012 0
-2.2057 -9.4075 0
-3.3998 -8.6333 0
-0.8003 -6.4975 0
-1.9385 -8.2989 0
-3.3449 -8.7127 0
-2.3932 -9.4985 0
-2.3564 -8.1044 0
-3.8359 -9.7038 0
-1.7925 -8.5895 0
-1.5663 -8.2967 0
-3.0155 -9.0381 0
-2.2854 -8.8523 0
-2.1261 -9.3723 0
-1.9386 -8.7359 0
-1.6212 -8.5356 0
-2.5687 -8.6605 0
-2.2374 -8.2750 0
-1.6611 -7.4872 0
-1.3560 -9.4662 0
-1.3154 -8.5474 0
-1.4496 -8.2468 0
-1.6441 -7.0177 0
-1.6030 -8.3902 0
-1.9208 -7.9771 0
-0.9456 -8.9353 0
-2.8629 -7.3159 0
-3.1427 -8.4923 0
-1.2052 -6.5024 0
-2.2184 -9.5426 0
-2.8004 -8.9801 0
-1.2074 -7.4443 0
-0.6796 -8.7601 0
-0.6095 -8.5007 0
-3.1701 -8.1701 0
-3.4906 -9.0687 0
-3.9819 -11.4860 0
-0.6198 -8.4605 0
-0.8213 -8.0022 0
-2.5566 -7.5624 0
-1.5208 -6.2226 0
-3.1027 -9.1327 0
-0.8787 -9.0233 0
-2.0810 -7.8230 0
-2.7763 -9.6719 0
-2.4794 -8.2804 0
-1.1388 -8.6171 0
-2.4254 -6.8573 0
-1.5777 -7.0362 0
-1.2465 -9.1233 0
-1.8357 -6.9084 0
-2.2052 -7.9271 0
-1.9850 -8.5558 0
-0.7566 -7.6485 0
-2.9752 -8.4294 0
-2.2895 -8.2947 0
-0.9392 -6.7884 0
-1.3491 -8.9160 0
-0.6982 -7.4160 0
-0.1933 -8.2866 0
-3.1156 -9.3985 0
-1.0684 -7.5564 0
-0.9665 -6.5011 0
-2.0629 -7.9015 0
-1.2462 -9.9434 0
-1.4480 -9.0089 0
0.3260 -6.6794 0
-1.2679 -8.4724 0
-3.1726 -10.8921 0
-1.9433 -8.1674 0
-1.7201 -9.9326 0
-2.7111 -7.5716 0
-3.4605 -7.7251 0
-2.1365 -6.4662 0
-0.1466 -7.3208 0
-0.5888 -7.6339 0
-3.5533 -9.6391 0
-3.3593 -8.7472 0
-3.3471 -7.8176 0
-2.4063 -7.0452 0
-3.3832 -8.2258 0
-1.8668 -7.9171 0
-0.8733 -6.3599 0
-1.2559 -6.9213 0
-2.5778 -8.3733 0
-1.2736 -6.3349 0
-1.7890 -8.5703 0
-1.7700 -7.6688 0
-4.3663 -9.5230 0
-3.4625 -8.1088 0
-0.8937 -7.9390 0
-0.7132 -8.1604 0
-1.7352 -8.6448 0
-1.9508 -7.0737 0
-2.1255 -8.3507 0
-2.4279 -8.5774 0
-1.1528 -8.9475 0
-2.5610 -8.1080 0
-1.0297 -9.0404 0
-3.4628 -9.1297 0
-4.0575 -10.3797 0
-1.7526 -8.6787 0
-2.7919 -9.7563 0
-1.1023 -7.5057 0
-2.4739 -7.7972 0
-0.9822 -7.5085 0
-1.1698 -6.5269 0
-0.1554 -7.2514 0
-1.4254 -8.2189 0
-2.4443 -8.4167 0
-3.1931 -8.8992 0
-1.8329 -10.3202 0
-2.1426 -8.0664 0
-1.7236 -5.7626 0
-1.9214 -7.7782 0
0.2072 -7.9725 0
-0.8922 -8.2163 0
-2.0895 -8.4185 0
-4.1642 -10.2812 0
-2.8534 -8.6803 0
-1.4948 -7.6293 0
-2.0087 -7.5183 0
-2.7880 -7.5482 0
-2.5959 -7.5441 0
-1.4097 -8.8187 0
-2.3671 -8.6885 0
-3.1395 -7.4142 0
-3.5940 -9.3234 0
-0.4171 -8.5886 0
-0.2658 -7.0065 0
-2.3955 -8.3882 0
-1.8689 -7.6033 0
-0.7544 -9.0730 0
-0.1949 -9.1392 0
-1.3056 -7.9067 0
-1.6353 -9.2151 0
-1.5317 -7.3697 0
-0.5014 -8.2455 0
-4.2348 -8.6064 0
0.1549 -8.6091 0
-0.9873 -8.9982 0
-2.3244 -8.4156 0
-0.5595 -8.3889 0
-1.7884 -7.6790 0
-2.7043 -6.2757 0
-2.4258 -7.7580 0
-9.7650 -2.2041 1
-10.7668 -2.9191 1
-9.4508 -3.7251 1
-9.5513 -1.5297 1
-9.0831 -2.4904 1
-9.4494 -2.3765 1
-10.2928 -0.5157 1
-8.5243 -1.6405 1
-10.1520 -3.3376 1
-9.9711 -3.1439 1
-10.4592 -2.8443 1
-8.3685 -1.5213 1
-10.1019 -2.5042 1
-7.7683 -0.4920 1
-10.3513 -2.0253 1
-9.8523 -1.1731 1
-8.2844 -1.0039 1
-9.3997 -0.6479 1
-7.4538 -1.6769 1
-7.5193 -0.8643 1
-10.0035 -2.0448 1
-10.9638 -2.8083 1
-10.0140 -0.9544 1
-8.3747 -0.7424 1
-8.6829 -1.5328 1
-10.6573 -1.6250 1
-9.1159 -2.8821 1
-8.2511 -1.1258 1
-10.8994 -2.6325 1
-9.3517 -1.7354 1
-9.0700 -2.3007 1
-9.9298 -0.7814 1
-9.4970 -0.7315 1
-9.5980 -2.5622 1
-10.7467 -2.0550 1
-11.5649 -2.1042 1
-9.2043 -1.8406 1
-10.0176 -1.5298 1
-10.1316 -1.5468 1
-9.5527 -2.4964 1
-10.1467 -2.5483 1
-8.6274 -2.1758 1
-9.9566 -0.8537 1
-8.7267 -2.1824 1
-10.5116 -1.7104 1
-10.8311 -1.2181 1
-8.4813 -2.2631 1
-9.2966 -0.9683 1
-10.2579 -3.9351 1
-10.9175 -3.2037 1
-10.1282 -1.4051 1
-10.5726 -2.0397 1
-9.3582 -2.5756 1
-7.9000 -1.0093 1
-10.1314 -1.7584 1
-10.9597 -3.2288 1
-9.1281 -0.5582 1
-9.8099 -1.1235 1
-9.7162 -2.1483 1
-11.1675 -1.4042 1
-9.6018 -1.9695 1
-9.3051 -3.1125 1
-10.2593 -2.5081 1
-8.2810 0.5340 1
-9.8228 -1.2338 1
-9.8218 -1.6599 1
-9.8758 -2.2501 1
-11.7119 -2.1772 1
-9.9010 -1.8056 1
-11.6000 -3.3902 1
-9.7169 -2.1113 1
-10.3571 -1.6896 1
-10.1321 -2.5414 1
-9.5112 -1.6554 1
-11.5118 -2.7204 1
-8.9320 -0.6403 1
-10.6623 -2.2989 1
-8.4477 -2.4522 1
-9.1576 -2.8376 1
-8.5352 -1.7549 1
-10.4489 -1.3497 1
-8.9622 -1.3795 1
-10.7981 -2.6752 1
-9.1017 -3.2129 1
-10.1812 -2.3538 1
-11.2685 -3.1774 1
-10.9583 -3.5852 1
-8.3942 -1.1190 1
-9.2467 -2.2746 1
-9.2748 -1.4131 1
-9.0702 -1.4668 1
-10.7704 -1.7097 1
-9.9535 -2.5458 1
-9.2462 -0.7198 1
-10.6510 -3.0598 1
-9.8359 -1.9907 1
-8.4876 -3.5993 1
-9.8465 -1.5168 1
-9.9219 -1.7358 1
-10.1799 -2.3035 1
-9.5053 -2.4046 1
-10.1723 -1.7349 1
-10.3433 -0.9025 1
-8.9384 -1.3483 1
-10.9960 -2.0427 1
-10.1903 -1.6767 1
-11.2817 -1.9811 1
-12.4117 -2.3374 1
-8.9939 -1.7948 1
-11.8504 -3.2007 1
-10.9500 -2.4361 1
-10.9943 -1.8064 1
-11.5141 -2.1658 1
-10.3683 -4.1670 1
-9.7260 -1.6014 1
-12.4959 -3.1470 1
-10.2985 -0.2788 1
-9.3603 -0.7894 1
-9.7082 -1.8756 1
-9.8429 -2.9400 1
-8.5809 -0.7202 1
-8.4544 -0.7058 1
-8.2601 -2.4880 1
-11.9368 -2.9206 1
-10.5594 -1.9496 1
-9.1942 -2.0081 1
-10.1084 -1.5612 1
-9.2656 -0.8334 1
-9.1826 -2.9177 1
-10.3599 -2.3319 1
-7.7299 -2.5780 1
-10.0925 -0.5778 1
-9.9807 -1.6610 1
-8.5166 0.3562 1
-9.5589 -0.8126 1
-9.8949 -2.8377 1
-9.7602 -2.0555 1
-9.9003 -1.5332 1
-7.8981 -1.7636 1
-12.0432 -1.4237 1
-9.8651 -0.6314 1
-7.7776 -0.9193 1
-8.5990 -0.9006 1
-9.8361 -1.2400 1
-9.9393 -1.9948 1
-9.7379 -0.8073 1
-9.2596 -2.2135 1
-8.6651 -1.4851 1
-9.0649 -0.3022 1
-9.6441 -0.6694 1
-10.8436 -2.8570 1
-11.5370 -4.0184 1
-7.9477 -1.8941 1
-9.3471 -2.0385 1
-11.6064 -4.0060 1
-9.6702 -1.9715 1
-8.5437 -0.5914 1
-10.0470 -2.3501 1
-9.2014 -1.5473 1
-9.7260 -2.8273 1
6.9099 9.0208 2
7.7222 9.3074 2
6.5362 9.4737 2
7.3247 9.2469 2
8.1265 11.3709 2
7.2758 11.5248 2
7.3212 9.5760 2
7.5004 10.9270 2
6.2978 9.4629 2
6.8727 12.1485 2
7.3300 10.3949 2
5.7747 9.1479 2
8.9622 11.4881 2
8.1728 12.8651 2
6.0496 8.4891 2
7.4783 11.9077 2
7.1131 10.6960 2
7.6039 9.2958 2
6.7593 9.1028 2
5.7104 9.6689 2
6.4869 9.0115 2
7.0200 11.2171 2
8.0029 10.0888 2
6.8916 10.5937 2
7.4346 9.3054 2
5.8636 10.6011 2
9.2500 11.6144 2
5.7091 10.8591 2
8.0086 10.4277 2
6.3654 8.4600 2
8.6127 8.2737 2
7.9490 9.3001 2
8.5047 10.1427 2
9.6746 10.4626 2
6.8441 10.2908 2
6.2152 8.6082 2
7.8866 9.1021 2
6.9163 8.8322 2
7.1531 10.3313 2
7.3192 9.5255 2
6.0516 9.6806 2
6.8381 9.6395 2
6.5951 10.7335 2
6.0078 9.0098 2
6.2872 9.7876 2
8.0183 10.1964 2
5.8409 9.6830 2
6.7046 9.4255 2
7.3589 9.5976 2
7.1778 9.9293 2
8.3763 9.5158 2
7.6861 8.6959 2
5.1842 9.7871 2
6.5144 10.5274 2
5.4937 8.4498 2
7.8632 8.1268 2
6.7496 8.1334 2
7.5730 9.8420 2
7.0731 9.9777 2
6.3834 9.6780 2
7.3963 10.0619 2
6.2471 10.1947 2
5.5974 9.4844 2
6.2035 9.5005 2
6.9956 11.5202 2
6.5021 9.9284 2
6.6398 8.0490 2
6.2648 10.0275 2
6.0958 9.2013 2
7.5935 9.5335 2
6.7684 10.1294 2
6.9657 8.7395 2
5.9992 9.7355 2
7.3347 10.0369 2
6.5208 9.3583 2
8.5106 10.9611 2
7.9909 10.4702 2
6.8832 11.3803 2
7.3198 9.7159 2
7.0092 8.3696 2
7.0324 10.7549 2
6.3452 11.4013 2
5.2889 10.5267 2
7.9508 10.8484 2
6.3208 9.1264 2
6.7164 10.3147 2
5.5528 7.4465 2
6.4106 9.4442 2
7.4889 8.9218 2
7.4494 9.7470 2
6.7863 11.2223 2
7.6397 9.6930 2
5.6765 9.9294 2
6.5855 10.6599 2
7.2529 10.2796 2
7.6454 9.8087 2
6.3670 9.8320 2
7.4857 10.2295 2
6.8960 8.4676 2
7.6279 10.9596 2
8.2483 10.5626 2
7.2264 8.1408 2
7.6099 10.6341 2
5.0736 8.3134 2
6.7642 9.9839 2
6.9861 10.5938 2
7.3891 10.1082 2
7.7446 9.3639 2
4.8739 8.6200 2
7.6577 9.1070 2
6.0970 9.0466 2
6.0929 11.1270 2
7.6270 9.4028 2
6.3371 10.9694 2
5.6173 8.8371 2
8.0682 10.4817 2
6.1830 9.0727 2
6.9453 9.5081 2
6.9473 9.1774 2
4.1726 8.5368 2
6.9290 8.3697 2
7.9912 9.9990 2
8.1169 9.1478 2
7.5273 8.8053 2
6.7181 10.2801 2
5.5504 8.7649 2
7.6280 11.2536 2
6.8299 8.6063 2
7.4388 10.2701 2
6.8221 10.6206 2
7.0212 7.9218 2
7.7285 10.6042 2
7.5300 9.1810 2
9.1280 11.3397 2
5.8631 10.6181 2
6.0730 10.0815 2
6.1220 9.8618 2
6.9966 10.9559 2
5.2069 8.2301 2
7.6135 10.2931 2
5.6943 8.4720 2
7.3506 10.9344 2
8.8525 11.4499 2
7.2671 10.4463 2
6.7227 9.6402 2
5.7636 9.2214 2
6.2916 9.2628 2
6.7025 9.3881 2
6.7888 8.8065 2
6.4552 9.9491 2
6.9836 12.3779 2
7.4093 9.5587 2
6.2680 10.3190 2
8.4137 12.0633 2
7.4223 9.6195 2
7.3831 10.0694 2
8.1739 10.6128 2
7.6287 9.8414 2
5.0045 8.5408 2
6.8890 9.7269 2
14.6915 6.4435 3
14.0082 5.4725 3
15.4846 7.0833 3
13.7245 5.7625 3
13.3264 4.8416 3
12.3300 4.8391 3
13.6059 6.4852 3
13.6407 5.5658 3
16.3575 7.3967 3
12.3136 6.1102 3
13.2237 4.8418 3
15.4202 4.9218 3
14.5728 5.8386 3
12.6688 5.3532 3
15.3397 5.9060 3
13.4567 5.0780 3
14.1332 4.5720 3
13.4087 6.4959 3
12.8310 5.2180 3
13.9903 6.5902 3
14.7327 5.8181 3
14.1141 4.4764 3
14.2756 5.1713 3
12.1730 4.8766 3
15.8441 7.1761 3
13.9377 5.9088 3
12.3594 6.0130 3
15.3438 6.6033 3
14.7842 6.5631 3
15.0595 6.5765 3
14.5494 6.0702 3
15.7650 8.4774 3
11.7994 3.8447 3
14.5842 4.2237 3
14.9037 4.1112 3
13.7847 7.9959 3
13.9945 7.1085 3
13.5633 5.7828 3
14.8567 5.7276 3
13.2881 5.2417 3
15.4844 6.9542 3
15.2942 6.8447 3
14.6285 6.3580 3
14.8500 6.7403 3
14.0228 4.7174 3
12.7973 4.9542 3
13.7311 6.0063 3
13.8055 7.3217 3
15.0419 5.8005 3
13.3123 6.6635 3
14.9614 8.4058 3
13.4845 6.3156 3
15.3528 6.1202 3
13.0999 6.6771 3
13.8460 3.9540 3
13.7082 6.0821 3
14.8083 5.4307 3
13.4471 5.1588 3
15.0338 5.7194 3
15.2516 6.0839 3
12.8863 3.5452 3
13.6601 6.2856 3
14.4700 7.3148 3
15.8519 6.1634 3
15.9510 6.8113 3
14.9052 5.4582 3
13.7592 5.8626 3
14.0522 6.8694 3
14.0496 5.8795 3
13.6617 5.2868 3
13.0538 6.2993 3
13.7160 5.0003 3
14.8998 7.3991 3
12.6065 5.5913 3
13.6591 5.5613 3
13.9336 5.7468 3
14.5458 5.2064 3
14.3073 6.4857 3
12.7981 6.3844 3
13.5633 4.5856 3
13.2605 5.6658 3
14.3661 6.0911 3
13.5517 5.4457 3
14.2379 4.8164 3
15.6719 7.9928 3
13.2166 6.5629 3
16.1453 7.2582 3
13.8287 5.9596 3
13.7410 6.3950 3
14.6339 6.8937 3
14.2240 5.1613 3
15.0091 6.2445 3
13.2973 4.3772 3
14.6349 6.6689 3
13.8147 5.3786 3
13.0714 3.9553 3
12.4932 6.5630 3
12.5674 4.5379 3
12.3508 5.9878 3
15.8389 5.9474 3
13.0379 5.7039 3
12.8814 8.2524 3
15.5218 7.7336 3
14.0059 3.3964 3
12.9329 5.7207 3
15.8868 7.4991 3
14.9757 7.3039 3
13.2174 7.1824 3
14.1564 6.3565 3
12.2890 5.4018 3
12.5222 3.8623 3
12.8630 4.5601 3
13.6861 7.2532 3
14.6814 7.3862 3
14.1918 8.1435 3
15.4942 6.8505 3
15.4915 7.0423 3
14.1284 5.8145 3
13.8961 5.4586 3
15.1016 6.4247 3
13.7795 5.7405 3
12.7416 4.8022 3
13.8876 4.5267 3
13.5830 7.3139 3
14.1055 6.6708 3
14.6486 8.6828 3
14.4774 6.1695 3
14.1413 5.4596 3
12.8960 4.2977 3
11.4735 5.9048 3
13.2730 5.4848 3
14.5129 4.7961 3
14.3583 5.1803 3
16.1195 6.9718 3
15.1702 8.0782 3
13.7449 4.5632 3
14.1891 6.7031 3
13.9502 6.9265 3
14.4701 6.7174 3
13.9156 5.7435 3
13.7959 6.5791 3
14.8206 6.3277 3
14.0846 4.1817 3
12.0357 4.3600 3
14.2149 5.5190 3
15.4337 5.6999 3
13.2534 6.2438 3
15.1195 6.5607 3
13.8588 7.3181 3
14.5341 5.2336 3
12.8904 5.1393 3
13.6504 5.0091 3
14.0296 5.1954 3
12.8572 6.0354 3
11.6088 4.6187 3
13.4327 6.3317 3
16.0178 6.5287 3
14.6102 7.6802 3
13.5581 6.4871 3
14.9095 4.1059 3
-0.3273 -1.3964 4
1.4903 -3.2331 4
0.0113 -2.3409 4
-0.4459 -2.4262 4
-0.4686 -1.6193 4
-0.1821 -1.4669 4
1.3564 -2.1277 4
1.8860 -0.9622 4
2.8221 -0.5859 4
-0.4947 -2.4512 4
0.3864 -2.0759 4
0.9816 -2.6408 4
1.5007 -2.9589 4
0.5443 -2.1073 4
-0.5617 -2.9729 4
1.1306 -2.3342 4
1.8037 -0.0712 4
0.9032 -2.1843 4
-1.3054 -4.2802 4
0.5253 -1.5872 4
1.3095 -0.6961 4
1.0815 -2.3241 4
1.8762 -1.2129 4
-0.2071 -4.1275 4
0.7400 -1.9723 4
0.3557 -2.6426 4
2.3284 -1.9447 4
1.7334 -1.6494 4
0.4901 -3.2402 4
2.1006 -1.5105 4
-0.8187 -2.2629 4
0.7957 -1.6910 4
0.7172 -2.6737 4
2.4638 -1.6008 4
1.5626 -4.3636 4
0.4852 -2.9715 4
0.4130 -4.8534 4
2.8804 -1.2021 4
2.3621 -3.1936 4
0.6924 -1.4131 4
1.7282 -2.0992 4
0.3643 -0.5696 4
0.2579 -2.0695 4
1.3802 -1.6321 4
-0.0516 -0.7748 4
0.9826 -2.7365 4
0.7689 -2.9988 4
0.5536 -1.9990 4
1.5102 -2.3306 4
2.0773 -1.7122 4
1.8153 -2.4020 4
0.2263 -2.1186 4
0.2144 -2.7403 4
0.5078 -2.8548 4
0.6255 -1.7842 4
1.4829 -2.1189 4
2.2652 0.1458 4
1.6158 -2.1504 4
2.5966 -0.7688 4
-0.2463 -2.8493 4
-0.0953 -2.2264 4
1.3841 -3.3686 4
1.1855 -3.4851 4
0.8720 -1.4641 4
2.3414 -1.0956 4
0.5011 -3.9073 4
-0.8852 -2.6437 4
1.4880 -1.5825 4
1.2086 -2.0934 4
1.1686 -1.9819 4
0.5625 -1.9332 4
2.4770 0.4920 4
-0.7444 -3.1836 4
0.1315 -1.3852 4
1.5649 -1.5006 4
0.5093 -3.0036 4
1.1540 -2.0263 4
1.3458 -1.7254 4
1.0231 -0.0256 4
-1.5582 -3.8374 4
0.5530 -1.3335 4
2.2771 -1.6829 4
1.3476 -1.5419 4
1.1818 -2.0902 4
0.6359 -2.3250 4
1.1341 -1.9691 4
0.0253 -3.0401 4
-0.2232 -2.5759 4
1.9680 -2.3417 4
0.6601 -2.6996 4
2.2914 -2.2032 4
1.1405 -3.0018 4
1.0102 -3.1024 4
-0.3820 -2.0981 4
-0.0191 -3.1715 4
0.6280 -0.4641 4
2.1519 -1.1965 4
1.4503 -2.2505 4
0.0167 -1.4777 4
1.1407 -0.3169 4
1.8136 -3.1040 4
0.5335 -2.9785 4
1.3741 -3.0176 4
2.4881 -0.3208 4
-0.8222 -3.0923 4
0.6014 -0.5473 4
1.9514 -1.8331 4
0.1025 -2.8010 4
0.2810 -3.0785 4
1.4728 -0.3982 4
1.1830 -0.9575 4
0.6939 -2.9450 4
1.1182 -3.1388 4
2.3592 -1.3373 4
1.8126 -2.0297 4
-0.2908 -0.9780 4
-0.4233 -2.4785 4
1.8778 -0.6106 4
-0.1570 -3.6201 4
-0.1335 -2.0665 4
-0.0091 -1.7442 4
0.8768 -3.3098 4
0.0803 -2.3883 4
0.4324 -2.9766 4
2.9535 -0.1502 4
-1.1767 -1.3287 4
0.6585 -1.4291 4
2.3135 -2.0307 4
0.7547 -2.4206 4
-1.9405 -3.2279 4
1.8716 -3.1003 4
2.0336 -2.4802 4
1.1408 -0.8776 4
-0.2405 -1.7018 4
2.3409 -2.2542 4
2.5596 -1.0576 4
0.5395 -1.2647 4
1.7724 -2.0039 4
0.8077 -1.4579 4
-1.0458 -3.1366 4
-0.3138 -4.0767 4
2.9771 -1.0230 4
0.7965 -3.2581 4
1.5098 -0.9890 4
-0.9513 -2.1217 4
0.7628 -3.0383 4
0.2708 -3.4702 4
3.0671 -0.3989 4
0.8799 -2.4791 4
0.1812 -1.8216 4
2.1509 -1.5716 4
1.5780 -1.0192 4
1.4636 -0.3266 4
0.4843 -2.2102 4
0.3732 -2.6821 4
1.3059 -1.0137 4
0.8813 -3.2208 4
1.2387 -2.4906 4
2.1764 -1.7201 4
1.6535 -1.3571 4
