9.9068 14.0185 0
11.5964 12.3339 0
9.7793 12.3464 0
8.1524 13.1654 0
7.8069 12.6722 0
11.1544 12.6564 0
11.4035 16.0787 0
9.6243 14.9186 0
10.3878 13.0494 0
10.5332 12.6547 0
10.5585 13.3713 0
10.3961 15.4790 0
10.8589 14.2561 0
8.7749 13.4915 0
10.6634 13.2976 0
9.7443 15.1734 0
9.8772 12.8935 0
10.2993 12.4059 0
8.4545 14.0835 0
10.6742 14.4713 0
10.1045 12.7468 0
10.0860 13.1780 0
9.9607 13.8568 0
9.2156 14.1570 0
10.1964 13.6573 0
10.5794 11.2397 0
10.8030 14.0181 0
9.5407 13.8650 0
10.0121 13.5839 0
11.5813 14.5271 0
10.3482 15.4345 0
10.0966 12.6924 0
9.8144 13.9036 0
9.6710 14.3506 0
11.0457 14.8206 0
11.1693 13.5539 0
10.0651 12.6717 0
8.6417 13.5412 0
10.2657 13.1700 0
10.1006 14.1219 0
11.5072 14.9023 0
10.8410 13.7779 0
10.7592 14.7052 0
9.4849 12.9041 0
8.4454 11.7498 0
9.5284 15.3944 0
9.9963 14.4583 0
10.2504 14.5433 0
9.2942 14.5536 0
9.7992 13.9146 0
8.9609 12.4606 0
8.9794 13.7437 0
10.8644 13.3741 0
10.2491 14.8685 0
9.3674 16.0033 0
9.3506 13.1357 0
10.4517 14.5915 0
10.1066 14.5955 0
10.3604 12.7821 0
8.9437 11.2278 0
8.9649 13.8174 0
8.4402 13.3878 0
9.8770 14.4393 0
10.3426 13.0248 0
9.7622 15.7449 0
9.0076 13.7650 0
8.5920 12.8531 0
11.1053 16.0171 0
9.9323 13.3646 0
9.7311 13.4478 0
10.4391 14.6943 0
8.0635 13.3358 0
10.7346 14.2312 0
10.0521 13.3872 0
11.1440 15.7173 0
9.3824 13.7992 0
10.4989 13.2066 0
9.4297 12.7103 0
9.4006 12.5824 0
10.5225 14.1740 0
11.0095 16.3512 0
11.2372 14.5419 0
10.1484 13.8444 0
9.5343 15.0423 0
9.2112 14.2620 0
9.7861 16.1063 0
10.1758 13.2228 0
10.6024 12.6448 0
10.2139 13.7465 0
10.7410 12.9898 0
8.8666 13.6748 0
9.7528 13.3488 0
9.0481 13.3689 0
10.1397 14.7358 0
10.3233 13.8963 0
9.4152 13.6623 0
10.6574 14.5008 0
9.5322 13.1949 0
9.3874 13.0250 0
10.7318 13.9246 0
10.7460 15.3069 0
8.8554 12.1115 0
9.9269 14.8080 0
8.6325 11.9078 0
10.2585 14.6202 0
9.6126 12.3070 0
9.5447 12.9703 0
10.3743 13.5408 0
8.3778 12.6108 0
10.3241 13.4592 0
9.6212 14.0453 0
11.2549 13.5530 0
10.9377 13.7699 0
10.4389 15.4250 0
7.9277 14.3981 0
10.5710 15.1280 0
7.8233 13.1905 0
8.8977 15.2290 0
10.2429 13.6586 0
10.6666 13.3230 0
10.6112 14.5965 0
9.7194 14.7983 0
9.2574 14.6552 0
8.8895 14.0225 0
12.1646 15.5397 0
9.4783 13.8461 0
10.4473 14.2689 0
10.1539 13.0102 0
10.7886 14.5503 0
10.5073 13.7540 0
9.2105 13.8499 0
9.2912 14.1713 0
8.5894 13.8648 0
10.8938 14.1225 0
9.6693 14.7271 0
10.9156 14.4172 0
10.2445 14.7231 0
8.0638 13.2620 0
11.6054 14.8561 0
13.2756 16.7021 0
7.8732 12.7281 0
9.8646 11.4562 0
8.8804 12.5157 0
9.3794 13.9683 0
10.6868 12.6109 0
10.5511 13.1977 0
8.8284 14.7490 0
9.3226 14.0384 0
9.2828 14.4079 0
10.1156 13.6501 0
10.4247 13.7686 0
9.3341 14.2375 0
10.2284 15.7420 0
10.6990 14.3210 0
9.9789 14.0332 0
10.0075 15.8407 0
9.8014 12.9770 0
10.3273 13.2084 0
11.5095 16.2849 0
10.8311 15.3120 0
6.4689 12.4463 1
5.7626 10.1671 1
6.7147 10.5551 1
6.6947 10.4003 1
6.4475 11.6544 1
6.3050 9.6546 1
8.1588 10.5766 1
7.5800 10.5498 1
6.8790 12.6404 1
6.6193 10.4819 1
7.5822 10.8605 1
6.3489 10.8009 1
6.6709 11.2871 1
4.5323 8.7676 1
7.9135 11.9227 1
5.7708 11.1729 1
7.9170 12.7804 1
6.2313 11.1025 1
6.3783 9.3447 1
7.1995 12.7921 1
8.6489 12.7755 1
6.3682 11.4421 1
8.2344 11.7145 1
7.1162 12.1799 1
7.7544 10.8954 1
7.5976 10.1122 1
5.7888 10.1700 1
8.8386 13.4633 1
5.7985 9.7168 1
6.3415 10.0745 1
8.3657 12.4167 1
7.6203 11.4629 1
6.7699 11.0964 1
9.1137 9.4448 1
6.4724 8.7532 1
6.5117 10.5151 1
6.7245 10.9363 1
6.6227 10.4085 1
9.1050 12.6871 1
6.1112 11.3128 1
6.2587 9.6480 1
7.0682 11.1202 1
6.4325 9.7175 1
7.2025 9.2171 1
6.3602 11.2232 1
8.2112 12.3782 1
6.6435 9.5286 1
7.7123 10.2742 1
7.7557 12.1031 1
6.6260 11.0976 1
6.5462 10.2890 1
8.0895 11.6165 1
7.2899 11.9138 1
7.8555 9.8893 1
8.2193 11.2160 1
7.4050 9.6591 1
7.3388 11.5967 1
7.3620 10.5974 1
5.8502 10.2321 1
6.7467 10.0804 1
8.1415 10.8970 1
6.3233 9.1816 1
9.2905 13.6276 1
7.0832 10.4027 1
8.4464 13.4264 1
5.8791 9.9095 1
8.4782 13.1698 1
7.8743 12.3251 1
6.1396 10.7752 1
5.9914 10.3406 1
7.0095 10.3026 1
5.6410 9.8718 1
7.4452 11.2420 1
7.9747 10.4838 1
7.4621 10.9613 1
8.2257 13.5982 1
7.3355 11.2152 1
6.1149 10.5446 1
5.9856 11.0441 1
7.1915 10.0479 1
6.5646 11.2412 1
7.3453 12.5443 1
7.3311 11.3963 1
7.5561 11.5650 1
6.5394 10.7313 1
6.3715 11.6886 1
8.7246 9.8518 1
7.2709 12.9899 1
9.4044 12.9031 1
6.9413 11.9627 1
6.6244 11.0391 1
7.6852 11.1535 1
7.3431 11.9878 1
6.4009 11.4394 1
5.9047 8.6985 1
5.5620 9.0427 1
6.5635 10.3970 1
5.5346 10.4022 1
6.9257 10.4252 1
6.5925 10.5020 1
6.7232 10.2033 1
7.7842 12.5810 1
7.7651 11.6444 1
7.0221 10.6053 1
6.3429 10.6175 1
5.4183 12.3559 1
7.5763 10.7759 1
7.4070 10.4202 1
9.9443 11.3414 1
8.9838 11.4238 1
6.6251 9.8265 1
6.1070 11.3101 1
5.3491 12.3622 1
5.0238 11.2751 1
7.9070 11.8943 1
7.5003 9.9231 1
5.7305 12.1959 1
7.2197 10.2098 1
8.3981 10.4445 1
5.8048 11.1691 1
7.5656 12.1898 1
6.9579 12.6614 1
6.2015 10.8682 1
7.9025 12.3350 1
6.8130 9.9490 1
8.6349 12.9280 1
5.8448 8.6436 1
7.2940 11.7815 1
5.1295 9.6508 1
8.7324 10.7126 1
8.6022 12.7828 1
8.0628 10.8112 1
6.6096 9.5212 1
7.6018 10.7231 1
7.8445 11.3950 1
6.2936 9.5425 1
7.3099 11.7586 1
7.3125 12.8375 1
6.7793 9.3447 1
7.8754 10.8497 1
7.1645 11.6529 1
6.5242 10.3006 1
7.1305 12.0668 1
6.4992 9.4624 1
7.6064 12.7648 1
6.1891 10.2606 1
5.6717 10.8892 1
7.2068 11.9537 1
6.3910 10.7287 1
6.4679 11.4570 1
6.0865 9.6272 1
8.3199 12.6876 1
6.4508 11.2339 1
7.8897 12.7574 1
5.4422 10.2976 1
7.9148 11.8949 1
7.0721 11.0252 1
6.8481 11.8742 1
5.6596 8.5775 1
6.9840 11.5972 1
14.4066 13.5594 2
14.6293 13.0896 2
12.5766 13.0472 2
12.9306 12.4026 2
14.4132 14.7774 2
12.9737 11.7584 2
14.0011 12.5380 2
12.7244 12.1367 2
11.4389 12.4370 2
12.5601 11.8275 2
12.0286 10.1781 2
13.7996 12.6600 2
11.8937 10.3815 2
12.9563 10.9369 2
12.7267 11.7568 2
12.7704 12.3678 2
13.3072 11.5305 2
13.0111 11.7266 2
12.9688 12.4699 2
12.6302 12.6598 2
13.7323 12.7049 2
12.0184 13.1966 2
12.7091 13.1242 2
13.4651 13.5187 2
11.4520 10.7565 2
12.0837 10.8211 2
14.2367 11.3338 2
13.1269 11.2204 2
13.9479 13.6132 2
13.3899 12.0716 2
13.0152 12.9047 2
12.5195 10.7260 2
13.6821 12.6116 2
14.0816 12.1677 2
15.6640 12.4881 2
14.1373 11.5214 2
11.2555 12.6995 2
12.7316 11.2544 2
11.5887 12.2039 2
11.3810 10.2411 2
13.3888 11.6582 2
11.9537 11.3364 2
13.1383 11.4778 2
12.6244 11.4122 2
13.7481 13.4019 2
13.8499 11.5767 2
14.5366 12.7356 2
14.5597 12.7383 2
12.4044 11.7818 2
14.0589 12.8028 2
11.5335 11.3432 2
14.0776 12.3275 2
13.8108 11.6660 2
14.2683 11.9059 2
13.8711 13.5398 2
14.0322 13.0727 2
13.2847 10.5487 2
13.0117 12.3254 2
13.5286 13.2364 2
13.7477 12.0568 2
12.2951 10.0660 2
12.0769 10.7316 2
10.7009 10.8327 2
11.8082 9.9871 2
11.3817 11.1353 2
12.8277 10.5780 2
13.0100 11.4608 2
13.2749 12.6973 2
11.6050 11.7600 2
11.8061 11.3505 2
12.0467 10.9052 2
13.5675 12.3386 2
12.1727 11.3917 2
11.9330 12.6955 2
12.6508 11.2865 2
14.1233 11.4517 2
11.9013 12.9009 2
11.2714 14.3260 2
13.8091 12.7174 2
13.6763 12.2872 2
13.5095 11.7680 2
13.5360 11.4990 2
15.0587 11.2110 2
13.4371 10.4106 2
13.6183 12.9334 2
13.5719 12.1525 2
13.8249 13.4421 2
13.1439 11.2483 2
11.8700 12.0044 2
14.3427 13.4051 2
12.0503 10.2736 2
11.8791 11.1247 2
12.4308 11.1992 2
12.6495 13.9812 2
13.8726 12.3565 2
12.2174 13.0502 2
13.9823 12.3608 2
12.5275 10.9381 2
12.7813 12.9184 2
13.8594 12.1562 2
13.3264 12.9781 2
13.0538 11.5338 2
14.5699 10.9652 2
11.3335 10.6596 2
13.4618 12.7805 2
13.8248 12.1732 2
14.2298 12.4299 2
14.2986 12.5029 2
12.8234 12.0055 2
14.1379 11.4459 2
13.8582 12.5208 2
14.5995 15.1242 2
11.2280 12.0935 2
14.2146 12.5270 2
12.5974 11.7062 2
14.1527 11.7870 2
14.6942 14.0353 2
12.6910 10.8195 2
11.8963 12.4042 2
14.9742 11.8501 2
11.4087 11.2958 2
13.1427 12.4650 2
12.2632 12.0435 2
12.6490 11.1882 2
14.5794 12.6675 2
14.8143 12.6995 2
12.1145 9.2775 2
11.7173 9.7676 2
12.0679 12.0700 2
13.2360 12.5210 2
14.5184 12.5193 2
11.9555 12.1042 2
12.6146 12.0404 2
13.1269 12.3301 2
14.2521 12.9500 2
13.0163 12.9322 2
12.9752 13.6047 2
11.6870 11.0662 2
12.7525 11.3599 2
13.9183 12.4348 2
13.2079 13.4676 2
13.9931 11.1970 2
13.2473 12.4948 2
13.5118 11.4807 2
13.0648 11.7493 2
9.9750 9.4530 2
12.3360 11.8946 2
12.8917 12.2484 2
13.8538 13.5149 2
12.6695 13.6377 2
11.7168 11.6362 2
13.2723 12.5572 2
14.5773 11.9716 2
13.7339 12.6171 2
12.6845 11.2029 2
12.5321 11.0457 2
11.9890 12.1171 2
12.6237 11.9551 2
11.2094 11.7076 2
12.0007 11.4551 2
1.4652 -10.7205 3
0.4579 -10.5538 3
0.6201 -11.3998 3
0.9066 -10.3021 3
0.9203 -8.2982 3
0.9077 -8.3676 3
0.2194 -8.6902 3
1.6139 -8.5616 3
-1.0506 -11.0405 3
-0.4222 -11.8438 3
1.4766 -8.9694 3
0.1472 -9.7317 3
0.9938 -10.9545 3
-1.2301 -10.6079 3
2.0648 -9.7970 3
-0.7244 -10.0269 3
-1.4760 -11.6435 3
1.4280 -7.8941 3
1.8388 -8.9274 3
1.3454 -11.4696 3
-0.2380 -10.4633 3
-0.7185 -10.1597 3
0.8627 -9.7008 3
1.0265 -11.5484 3
-0.8351 -12.2563 3
1.3344 -11.0799 3
0.4614 -11.9240 3
0.4382 -9.4432 3
-0.3043 -11.6446 3
0.0260 -9.6347 3
-0.6125 -11.2746 3
1.2660 -10.3304 3
-0.4999 -10.7325 3
1.2916 -11.0498 3
0.5228 -11.8156 3
0.9933 -10.2677 3
0.4824 -10.8320 3
2.2292 -8.2044 3
2.0109 -10.9566 3
0.6920 -10.3800 3
0.6810 -10.2386 3
0.0630 -8.7902 3
1.5054 -11.1207 3
1.1085 -8.4199 3
1.2872 -7.7962 3
0.7172 -8.5627 3
1.2802 -8.3079 3
1.3258 -9.8721 3
0.5238 -9.4567 3
3.0714 -10.7146 3
-0.4678 -10.2959 3
0.0368 -10.1624 3
2.4244 -8.5583 3
0.9970 -9.5050 3
1.3464 -12.0276 3
0.3363 -11.1074 3
1.9702 -11.1998 3
1.8438 -7.6452 3
2.1936 -8.1279 3
0.2672 -10.5969 3
0.6169 -12.1752 3
1.5430 -9.8506 3
3.2872 -7.9031 3
3.0174 -9.5729 3
1.5338 -10.2814 3
1.0418 -9.4604 3
-1.2036 -10.2386 3
1.5239 -9.7634 3
-0.2012 -11.8594 3
2.3495 -8.7583 3
1.7983 -9.6174 3
0.4664 -11.7107 3
1.8754 -8.8035 3
0.4891 -11.2450 3
1.8348 -8.1940 3
3.1750 -9.8587 3
2.0103 -7.1562 3
0.5460 -9.9619 3
0.8186 -9.5657 3
0.2190 -10.3976 3
2.7376 -9.7904 3
2.3976 -8.9470 3
1.0123 -10.5322 3
2.2309 -9.6488 3
1.4341 -9.5331 3
-0.6233 -9.9826 3
-1.2098 -12.1254 3
1.1274 -10.0059 3
-0.1623 -12.3604 3
-0.0348 -10.8093 3
0.1358 -10.5118 3
1.9954 -10.1290 3
-0.8598 -12.1877 3
1.0556 -9.4379 3
0.1635 -9.0323 3
-0.0262 -10.4112 3
0.7152 -10.4408 3
1.3574 -9.9482 3
-0.7587 -11.9849 3
0.8730 -9.2028 3
-0.8769 -10.4019 3
0.0839 -11.2025 3
2.8228 -6.7631 3
1.6405 -9.3699 3
1.2516 -10.7721 3
0.7717 -10.9156 3
-1.7420 -10.8454 3
0.5766 -11.1501 3
-0.0636 -9.6224 3
1.0989 -10.2554 3
0.1515 -12.1237 3
0.4298 -9.8897 3
0.9332 -10.5645 3
2.6323 -8.9890 3
2.2502 -8.2341 3
1.5452 -8.6910 3
1.4817 -10.1865 3
1.9846 -8.7707 3
-1.0342 -10.1556 3
2.6048 -9.0772 3
0.9602 -11.4760 3
1.0114 -11.1987 3
-0.3471 -11.6780 3
1.2101 -10.2835 3
-0.4397 -10.2174 3
0.7436 -9.0541 3
-0.3717 -9.9837 3
1.9818 -8.7618 3
1.1982 -10.7647 3
2.7981 -8.8602 3
2.7297 -9.1730 3
0.4931 -9.7403 3
0.1700 -11.7446 3
0.8945 -10.7500 3
1.6608 -8.5027 3
0.9387 -9.5803 3
1.5199 -8.1406 3
0.8813 -11.3576 3
-0.1119 -8.9611 3
1.7013 -9.9073 3
-0.3567 -10.3548 3
0.7520 -10.9085 3
-0.9846 -11.5610 3
0.1259 -10.9075 3
-0.1159 -11.0816 3
1.9737 -9.3015 3
2.0075 -9.7995 3
1.9402 -9.1452 3
-0.5686 -11.1254 3
0.7963 -9.6511 3
0.7447 -9.8668 3
1.0061 -8.7563 3
1.8055 -9.2171 3
1.5262 -9.6441 3
1.0911 -10.1825 3
-0.6542 -9.5687 3
3.7422 -10.1156 3
0.4077 -8.3478 3
1.0377 -9.8723 3
1.0288 -10.6042 3
10.8536 11.4118 4
7.7535 11.4317 4
7.2890 11.5724 4
8.5467 11.4858 4
7.9415 11.8570 4
9.9751 11.9888 4
9.1388 12.9944 4
9.4728 12.7295 4
8.8746 11.7811 4
8.6796 11.6699 4
10.0591 11.9426 4
10.2511 13.6913 4
9.0343 12.3872 4
9.4781 12.0635 4
9.7837 10.4755 4
7.9648 12.1830 4
8.8395 12.8233 4
7.1632 10.7342 4
8.5872 10.7574 4
6.6417 10.5918 4
7.3214 10.7652 4
9.3823 11.1362 4
10.3508 12.8820 4
7.5760 10.2482 4
9.2429 10.3320 4
8.8873 13.4737 4
8.3784 12.9715 4
10.0569 12.9419 4
10.2095 12.8044 4
10.1005 12.8946 4
8.7586 14.1973 4
8.7661 11.3482 4
9.1436 13.0079 4
7.6318 11.3700 4
8.9530 13.0169 4
9.5281 12.5744 4
7.8172 11.6316 4
9.0157 11.0204 4
10.3512 12.2809 4
9.9823 12.2505 4
7.7178 11.5410 4
8.6131 13.7913 4
11.2594 13.4754 4
9.4197 11.1501 4
9.4502 11.4741 4
8.4951 11.7340 4
8.7944 11.4713 4
8.9794 11.4651 4
8.5504 11.1812 4
10.8642 12.8096 4
8.9505 12.2502 4
8.7789 10.1034 4
8.3573 12.0966 4
7.4369 10.2906 4
7.5391 14.0732 4
8.3620 11.4554 4
8.5278 12.2170 4
9.1938 12.1447 4
9.0280 11.8931 4
9.8519 12.1111 4
9.4812 13.0991 4
6.8275 9.8894 4
10.2162 14.3893 4
8.8920 10.5107 4
8.7885 12.2831 4
8.3904 12.1941 4
7.6956 12.0496 4
10.2160 13.1897 4
6.9386 11.1251 4
9.8212 12.8514 4
8.2729 9.7471 4
8.1268 12.4641 4
9.9749 11.9731 4
9.4453 12.4134 4
7.8366 11.7903 4
8.4019 10.8980 4
9.5891 12.5744 4
8.0813 11.6733 4
9.4747 11.9154 4
8.5352 11.7950 4
8.9560 11.2272 4
8.7495 12.0982 4
10.8243 13.6858 4
9.2431 13.0800 4
8.7748 11.4795 4
7.3985 11.5922 4
9.4443 12.4423 4
10.9204 13.1085 4
7.5688 12.3810 4
8.3186 11.2773 4
9.7306 12.1746 4
7.3382 11.0078 4
8.9203 10.6058 4
8.7369 10.5544 4
6.9898 10.0565 4
7.9657 11.9159 4
8.2688 11.5454 4
9.0629 12.5677 4
9.0722 11.1963 4
10.7130 12.7035 4
9.2924 12.6832 4
8.7582 9.3898 4
9.2214 13.3161 4
7.4580 11.6828 4
8.9071 12.2336 4
8.0477 12.6611 4
8.2392 12.1658 4
11.1764 12.8297 4
10.2424 13.3197 4
8.8052 13.0333 4
10.0813 12.2010 4
9.6621 13.0007 4
8.7232 10.0347 4
7.1858 11.1656 4
8.3606 12.5774 4
10.2747 12.4477 4
8.7108 12.4995 4
9.1797 10.7550 4
8.0877 11.1154 4
9.5837 11.2571 4
9.1847 11.6692 4
6.6455 11.0398 4
11.4704 13.3532 4
8.8800 11.9263 4
9.0216 11.7629 4
9.2045 11.6638 4
12.6613 13.3236 4
10.4796 12.4678 4
8.5041 11.0040 4
9.4098 11.3926 4
6.9340 10.7191 4
7.6880 12.4861 4
9.4395 10.9183 4
8.9751 11.9881 4
6.0946 11.1253 4
9.4419 11.9540 4
9.9378 13.6979 4
8.3217 11.5661 4
10.0496 12.9994 4
9.2835 13.4897 4
8.9309 11.0962 4
10.1298 12.2110 4
8.8350 12.3638 4
9.1314 12.4468 4
9.0156 12.0558 4
10.0143 12.2546 4
10.3293 12.4377 4
10.1365 13.1054 4
9.9086 11.9206 4
10.3563 12.8785 4
9.3825 12.9645 4
9.7987 14.6934 4
7.8308 10.7102 4
10.5616 12.5372 4
6.7893 11.4275 4
10.3959 12.6259 4
8.8052 11.3918 4
7.6900 10.2106 4
9.3324 12.9854 4
8.6629 11.6436 4
