6.3537 -15.7759 0
6.0383 -15.9054 0
7.4023 -12.7275 0
8.1978 -12.8331 0
5.9455 -14.7406 0
5.0217 -16.9178 0
6.6430 -16.0517 0
5.6627 -15.4515 0
6.1598 -14.7968 0
5.8018 -15.0725 0
7.7114 -14.7878 0
7.3277 -15.1051 0
6.5757 -14.7376 0
7.8181 -13.6629 0
7.7721 -15.4564 0
6.0972 -15.6717 0
9.1010 -13.8915 0
8.0064 -13.3162 0
7.5326 -12.3461 0
7.5154 -15.8465 0
6.0557 -16.0651 0
7.4791 -14.8005 0
7.4113 -14.6405 0
6.2680 -15.3506 0
6.8950 -13.7339 0
8.3672 -15.0076 0
7.6345 -15.3680 0
7.5435 -14.8529 0
6.1676 -15.7711 0
8.3421 -15.7392 0
6.5632 -14.0231 0
7.3179 -14.2302 0
6.9755 -15.2688 0
8.8584 -16.1614 0
7.1347 -15.2049 0
7.6546 -12.7890 0
5.3516 -16.1463 0
8.9303 -13.4117 0
6.7612 -15.2385 0
6.1586 -16.6695 0
5.7042 -14.8283 0
7.6363 -14.2490 0
6.5043 -14.8883 0
7.4103 -15.3301 0
7.3907 -14.3172 0
6.6237 -16.0135 0
7.3492 -14.1391 0
6.6702 -14.8241 0
6.9340 -14.6495 0
6.5491 -14.5100 0
7.9739 -15.7502 0
6.8626 -15.9995 0
6.5900 -16.4395 0
5.7281 -15.2141 0
7.4028 -13.1706 0
9.0741 -13.9879 0
6.0153 -14.3644 0
6.2402 -14.5917 0
7.4306 -14.5931 0
8.0079 -15.4798 0
7.6689 -14.3741 0
8.6531 -14.6697 0
7.3169 -15.6884 0
7.6089 -15.3002 0
6.9276 -15.3041 0
7.4121 -14.3994 0
6.3674 -15.5026 0
8.0078 -13.9533 0
7.6085 -16.4884 0
8.0210 -14.5019 0
8.6597 -14.4648 0
7.6878 -14.7321 0
5.4584 -15.5468 0
5.3377 -16.1131 0
6.6318 -16.4407 0
6.4216 -14.1999 0
5.8120 -16.1187 0
9.1208 -14.8632 0
5.6619 -15.6871 0
7.3742 -15.8340 0
5.8121 -15.1606 0
7.9599 -15.5507 0
8.4201 -12.9451 0
5.7851 -15.7573 0
6.8976 -15.0704 0
7.1006 -14.6415 0
5.9843 -14.8983 0
9.1991 -13.1774 0
7.5032 -15.7877 0
5.3677 -15.9619 0
7.0395 -14.5583 0
8.2215 -14.5981 0
7.1175 -14.5007 0
5.3946 -16.4585 0
5.8725 -15.2849 0
7.2647 -15.1418 0
7.5249 -14.8279 0
6.8128 -13.9296 0
6.9663 -15.1830 0
6.1859 -16.7994 0
4.1334 -16.4904 0
7.5598 -14.7499 0
5.5068 -15.1619 0
7.6271 -14.8842 0
5.8857 -15.8873 0
7.6617 -14.9610 0
6.2522 -16.7544 0
7.2339 -15.7449 0
7.4586 -15.8660 0
7.3283 -15.9665 0
5.4039 -15.8042 0
6.7771 -13.3027 0
7.8630 -16.2860 0
6.8613 -16.0551 0
7.5380 -15.0941 0
8.1336 -13.7300 0
7.0866 -14.8779 0
8.2226 -15.3129 0
9.0143 -14.7576 0
5.6819 -14.5811 0
6.2334 -14.6155 0
8.6317 -15.7306 0
8.3256 -14.0784 0
6.5363 -14.9643 0
7.7409 -13.4099 0
7.4432 -14.4846 0
6.2112 -16.4187 0
7.7729 -16.7467 0
7.0731 -15.0207 0
7.1769 -16.2482 0
8.1946 -14.7158 0
6.6265 -16.4881 0
9.1481 -13.6457 0
8.4893 -15.2824 0
5.7552 -16.2324 0
6.0859 -13.7855 0
6.0552 -16.0470 0
7.9981 -14.0872 0
7.6689 -14.0299 0
6.4343 -15.0140 0
7.3677 -16.1262 0
5.8985 -16.9242 0
6.2131 -15.6913 0
9.4140 -12.8542 0
8.4537 -13.2756 0
6.2303 -17.1686 0
7.3322 -13.4844 0
6.2844 -15.1277 0
6.5767 -16.7286 0
7.9548 -15.4580 0
8.4987 -15.1495 0
6.6626 -15.9597 0
8.0646 -14.2269 0
5.5844 -16.4652 0
5.8525 -15.3219 0
7.0811 -15.0233 0
5.9679 -15.9783 0
6.2577 -15.0233 0
6.1835 -15.0767 0
7.1208 -15.2442 0
-7.2306 0.3211 1
-10.0209 -0.4847 1
-9.4286 1.0891 1
-7.7430 1.0075 1
-8.6534 0.4959 1
-11.2986 -2.0822 1
-7.9543 -0.9896 1
-8.9366 0.4022 1
-7.9093 -0.6197 1
-9.0310 0.2113 1
-7.9967 0.6969 1
-9.7391 0.2178 1
-9.0586 0.0011 1
-8.5083 -0.7792 1
-9.4570 -0.5720 1
-9.3265 1.3515 1
-9.8326 0.1362 1
-7.3244 0.3989 1
-7.7200 0.6303 1
-9.2350 -0.3977 1
-8.2155 -0.5351 1
-10.2536 -0.9662 1
-9.6846 -1.8584 1
-10.6028 -0.3368 1
-8.2270 0.4123 1
-8.8910 0.2881 1
-7.4936 0.1441 1
-9.7476 -0.8623 1
-8.5962 -0.1845 1
-7.2591 0.9951 1
-10.4172 0.5070 1
-8.4309 -0.6955 1
-10.5947 -0.7511 1
-8.6250 0.3947 1
-10.2219 -0.4113 1
-8.8068 0.4612 1
-8.3632 0.6877 1
-8.2918 -0.3514 1
-8.6515 -1.3861 1
-7.7415 -0.7478 1
-9.5865 0.1018 1
-9.9433 -0.0755 1
-10.2422 0.1918 1
-9.5401 -0.0345 1
-7.7656 1.4034 1
-8.8190 0.8379 1
-8.9901 0.2777 1
-10.3383 -1.9682 1
-8.7295 0.1602 1
-10.4439 -0.9915 1
-8.0612 0.4136 1
-7.6910 1.8165 1
-8.5502 1.0953 1
-7.7700 -0.4867 1
-8.0958 -0.3154 1
-9.1826 1.0851 1
-9.2037 -1.6465 1
-9.0666 -0.4206 1
-7.6992 -1.0551 1
-9.5321 -0.2395 1
-8.1341 4.2739 1
-9.5042 0.5349 1
-9.1010 0.6128 1
-8.1839 1.3811 1
-10.8325 -0.1675 1
-9.2623 -0.7121 1
-8.9472 -0.1237 1
-7.7327 0.8785 1
-7.4949 2.2184 1
-8.9296 -0.1227 1
-7.8027 -0.8388 1
-10.7359 -1.2308 1
-9.2049 0.7688 1
-9.7867 -0.6196 1
-12.1599 -2.3021 1
-8.6499 2.0810 1
-9.1927 0.4182 1
-8.8293 0.7612 1
-10.5768 0.9907 1
-8.3920 2.4538 1
-9.6535 0.9466 1
-8.1961 -0.1032 1
-10.7931 -1.1236 1
-9.0460 -0.2484 1
-9.7920 -2.7174 1
-10.1053 0.0178 1
-9.8525 0.6980 1
-8.4999 -1.8413 1
-9.4810 -1.5108 1
-9.3334 -0.2926 1
-9.1479 -0.1918 1
-8.6729 -0.6079 1
-7.9198 0.2167 1
-9.7089 -1.1614 1
-10.4886 -0.3324 1
-9.4705 0.2926 1
-7.2511 0.2259 1
-7.3429 1.0285 1
-9.5299 0.1868 1
-8.8842 1.6678 1
-8.6401 2.4476 1
-7.3773 -0.0055 1
-8.5403 -0.4609 1
-8.7653 -0.1049 1
-7.0382 1.5200 1
-12.0776 -1.7689 1
-8.7500 -0.8917 1
-9.6443 -0.7233 1
-9.4788 0.3775 1
-8.9663 0.0521 1
-9.1394 0.1727 1
-8.4062 0.4508 1
-7.5737 1.3596 1
-9.1215 -0.6092 1
-10.0206 0.4522 1
-9.6770 1.2492 1
-8.4893 -0.4859 1
-9.2429 0.4428 1
-8.8022 0.6702 1
-9.8322 0.3293 1
-8.0385 0.9174 1
-10.8131 -0.3126 1
-10.0287 -0.3187 1
-9.4893 0.6001 1
-10.7338 0.1622 1
-7.8896 0.5166 1
-9.1703 0.3020 1
-8.9785 0.9619 1
-8.0922 0.4300 1
-8.0850 1.3379 1
-9.5321 0.4732 1
-8.6631 0.1129 1
-9.2635 0.1023 1
-10.1238 -1.2417 1
-8.7286 0.6450 1
-9.3452 -0.9264 1
-8.7918 0.5224 1
-8.5465 -0.5406 1
-8.5160 0.5303 1
-8.2029 -1.0923 1
-9.7832 0.8893 1
-8.7053 -0.2866 1
-9.5419 0.3891 1
-8.1506 -0.2397 1
-8.7203 -1.3643 1
-9.9687 0.5221 1
-8.7832 -0.3167 1
-9.4087 -0.5896 1
-7.9676 1.1895 1
-7.5197 0.1162 1
-9.4288 -0.4335 1
-9.5398 -0.3882 1
-9.3543 -1.1214 1
-9.9063 -0.4544 1
-8.9665 -0.2223 1
-7.9847 0.5847 1
-10.6476 -1.5897 1
-9.9986 -0.5673 1
-8.3375 -0.8815 1
-9.1467 1.1255 1
12.3599 11.8210 2
13.1433 9.1016 2
13.1520 10.5213 2
14.6241 10.2598 2
14.2756 12.3223 2
14.0717 9.8592 2
13.0802 10.1758 2
14.0809 10.0580 2
13.5389 10.2395 2
13.0750 10.2107 2
13.5780 11.6823 2
15.7013 11.3183 2
13.5955 12.2070 2
13.0668 10.8226 2
14.0110 10.5350 2
12.8739 10.6067 2
13.4688 10.3066 2
13.3818 10.5241 2
12.1013 10.1176 2
14.2290 11.5242 2
13.5203 9.2454 2
14.4985 10.8671 2
12.6382 11.5491 2
13.2032 10.8315 2
15.0857 10.2449 2
14.4658 11.4790 2
13.4220 11.6838 2
14.9349 10.6366 2
15.2350 12.2223 2
13.8232 12.1343 2
13.1988 11.3489 2
16.0152 12.8668 2
14.2716 10.3572 2
13.6908 9.9700 2
14.0257 11.9647 2
12.8916 9.4697 2
12.9685 11.0608 2
14.0277 11.3179 2
15.4558 10.7567 2
13.4182 9.9598 2
12.6687 10.0209 2
14.2502 10.6873 2
14.6035 11.4394 2
14.7116 11.3446 2
14.5251 10.2675 2
16.3853 12.1723 2
13.7578 9.8210 2
13.9669 11.1270 2
14.8562 11.9381 2
12.6993 11.8333 2
13.7572 10.3246 2
16.6901 12.5962 2
14.7552 11.6905 2
12.5930 11.3467 2
15.2961 11.5748 2
12.1437 9.4214 2
12.1092 10.6408 2
13.2508 10.5764 2
13.5230 10.0219 2
14.5404 11.3125 2
13.1627 10.6306 2
11.5388 10.5033 2
15.5259 9.9151 2
13.7045 12.0324 2
13.2365 10.2638 2
13.9589 10.9136 2
13.8581 8.9645 2
14.7766 10.5005 2
14.5133 11.9956 2
14.4577 11.0026 2
14.1741 10.8112 2
13.0836 12.7155 2
14.5390 9.6874 2
13.3593 8.5688 2
14.6661 12.1944 2
13.3025 10.6990 2
13.8874 11.6133 2
15.8200 13.4482 2
14.5229 10.3850 2
14.5472 12.2858 2
14.7569 13.1062 2
14.1819 10.6610 2
15.4847 11.7866 2
13.6792 10.9476 2
13.3733 11.1654 2
13.8153 11.3009 2
14.6898 10.9226 2
14.6663 11.2332 2
13.1865 9.4313 2
16.0760 12.0223 2
13.8305 10.0798 2
13.1533 9.8544 2
14.4278 9.6715 2
15.6503 12.5560 2
13.5632 11.6210 2
13.7891 10.2351 2
13.3345 10.5552 2
12.1724 10.0172 2
13.2470 10.8860 2
16.6447 10.6098 2
14.6616 10.7479 2
13.9060 11.3989 2
15.2955 11.4174 2
15.3662 11.2802 2
14.9758 11.7045 2
15.7823 11.8779 2
11.8998 8.2684 2
13.7043 10.8891 2
13.1586 11.2145 2
12.4486 9.1948 2
12.8959 8.8291 2
14.5883 12.0675 2
14.4835 11.1662 2
13.5472 11.0295 2
13.1165 10.3001 2
14.9876 12.2329 2
13.1674 10.3160 2
13.7374 10.4519 2
13.8278 11.2737 2
14.2401 10.3248 2
14.9709 11.7109 2
12.3031 10.8706 2
15.2807 12.0131 2
12.2280 9.8590 2
14.0405 9.4992 2
14.2529 12.0158 2
14.5857 10.4724 2
13.6077 9.8846 2
14.1645 12.1738 2
14.3946 12.4657 2
13.0981 10.7313 2
13.9212 10.9444 2
14.6484 11.1311 2
14.5061 11.5594 2
14.3998 11.5018 2
15.2202 11.6655 2
15.2764 13.1854 2
12.6267 10.4643 2
15.4349 12.4636 2
14.2840 10.2927 2
12.2971 10.4873 2
13.3697 10.4351 2
14.0061 12.9810 2
11.9070 10.3125 2
14.2765 8.5253 2
15.6703 10.1658 2
14.2974 10.6091 2
14.1597 11.9648 2
12.8721 10.7803 2
14.2176 10.2829 2
13.1473 12.0620 2
13.5167 8.8869 2
13.8622 12.3127 2
11.7999 9.4822 2
14.1982 10.2028 2
13.8526 10.1249 2
15.1699 11.0319 2
14.4917 12.3806 2
12.2807 8.2860 2
12.3073 9.9682 2
13.7376 3.7544 3
12.2131 4.1795 3
12.1815 4.6058 3
12.5461 4.2106 3
14.4774 4.6067 3
12.3804 4.0197 3
11.6475 3.4382 3
11.5893 4.4975 3
13.7945 3.2845 3
11.1784 2.5737 3
13.2254 4.7138 3
13.4302 3.7449 3
13.5586 3.6953 3
12.6311 4.5478 3
11.9813 0.7252 3
13.4616 4.2979 3
13.9935 3.8887 3
12.1437 4.7065 3
13.8270 4.1085 3
14.4907 3.8203 3
12.3739 3.0564 3
13.4057 3.3775 3
12.5379 4.3972 3
12.7182 5.2399 3
12.5760 5.0571 3
13.1826 3.2527 3
14.9312 4.2720 3
12.0000 3.1724 3
13.3880 3.7647 3
12.4112 3.0323 3
13.4625 4.1429 3
12.4995 2.3982 3
12.8030 4.2642 3
14.6225 5.1139 3
13.6003 4.8288 3
13.2836 4.6493 3
11.9119 4.2879 3
13.0823 4.1878 3
11.9760 3.1600 3
12.1088 3.4467 3
14.9145 4.2796 3
13.7739 4.7252 3
14.0350 4.2378 3
12.6440 3.7573 3
13.2125 3.9587 3
12.5368 4.1847 3
14.7241 5.8046 3
14.3249 3.9310 3
11.8820 4.2128 3
14.7668 5.4309 3
14.2588 4.9921 3
13.3373 4.9684 3
12.4862 3.1233 3
13.9718 5.6389 3
12.0912 4.8165 3
12.8594 4.6734 3
12.7354 2.8795 3
11.8378 3.2169 3
10.7311 2.9098 3
12.2362 5.3942 3
12.4719 4.4421 3
12.8870 3.5826 3
12.1582 4.9434 3
12.3449 2.6523 3
15.6975 6.0835 3
13.4508 4.1524 3
13.5564 3.8781 3
13.2423 3.5745 3
13.2572 4.1314 3
12.8786 3.3351 3
14.2548 4.6389 3
12.6204 2.1239 3
11.4737 2.9902 3
13.0600 3.7780 3
13.5864 4.5707 3
12.1254 2.9957 3
11.9595 3.1142 3
13.3724 4.4765 3
13.0769 3.8857 3
13.4026 4.9737 3
13.8491 3.9334 3
12.3534 2.8590 3
12.7769 3.9660 3
14.4962 4.6060 3
14.6162 4.3766 3
11.3071 3.8959 3
14.4895 2.4532 3
13.8407 5.2898 3
12.5517 2.7275 3
13.3016 5.1755 3
12.3905 2.7887 3
14.3081 5.5085 3
12.4796 3.6706 3
12.9128 3.0534 3
14.0463 4.3251 3
12.3307 5.1383 3
13.1889 4.7114 3
13.6420 4.2110 3
10.4055 3.3912 3
10.9633 3.3001 3
11.6884 1.7907 3
12.6895 6.4310 3
12.3492 5.3753 3
11.6485 3.9488 3
13.9392 5.4322 3
14.8234 4.7139 3
11.3955 4.6351 3
14.5116 6.1043 3
14.8672 5.8009 3
12.4922 4.7644 3
11.8647 4.2725 3
13.2891 4.2795 3
12.2528 3.0833 3
11.6167 2.4405 3
13.8209 5.5387 3
13.3216 4.4980 3
14.1693 3.7105 3
13.9011 4.2733 3
13.3087 4.2312 3
12.6123 4.6733 3
10.8257 3.0624 3
13.4155 3.7856 3
13.6038 5.3794 3
14.2226 5.0395 3
12.7954 4.3374 3
12.4781 5.7481 3
13.0834 3.6467 3
12.1544 4.0046 3
13.1912 1.7934 3
13.1792 3.9505 3
13.3275 4.7172 3
12.5874 4.0795 3
13.9112 2.8342 3
13.8763 3.2193 3
12.1984 5.6586 3
12.5744 4.7917 3
14.8584 5.9026 3
13.7499 4.2952 3
13.7479 3.2474 3
10.9752 3.4564 3
12.1935 3.8592 3
12.1598 4.4602 3
11.6611 3.2221 3
13.7911 3.0654 3
13.5152 4.6946 3
13.5955 3.5402 3
13.0040 5.4275 3
11.4357 4.2336 3
11.6399 2.2554 3
11.2610 5.2165 3
12.5341 2.9937 3
12.5801 3.1552 3
13.0183 2.6872 3
12.8509 5.9397 3
13.2063 4.9784 3
12.8638 4.4813 3
13.8797 3.8024 3
11.1478 3.3004 3
10.8409 2.0787 3
12.7199 3.0089 3
0.1453 -8.0331 4
2.4117 -6.2354 4
1.7913 -9.0464 4
2.7525 -9.5396 4
3.1543 -7.7683 4
1.6291 -8.7732 4
3.7125 -6.2034 4
4.1306 -7.7263 4
1.1087 -8.7984 4
1.9770 -7.9183 4
3.0628 -8.3442 4
2.9538 -7.6697 4
3.5174 -7.2178 4
2.8681 -7.5867 4
1.8679 -7.7151 4
1.8139 -7.3938 4
1.5109 -8.1107 4
3.5444 -6.7729 4
0.6766 -9.6274 4
0.2221 -10.2984 4
3.7679 -7.0696 4
1.8736 -6.6069 4
1.8859 -9.0439 4
4.3792 -7.4734 4
1.1572 -7.3617 4
3.8959 -6.8331 4
2.0506 -8.2436 4
1.2092 -7.8224 4
0.9324 -7.8731 4
1.6260 -6.7692 4
1.7111 -7.6920 4
1.1935 -7.9399 4
1.7226 -8.2415 4
1.8713 -7.7074 4
2.2016 -7.0482 4
0.8974 -8.5216 4
1.4287 -7.5020 4
3.1520 -7.7686 4
4.5157 -7.2434 4
2.1479 -8.4092 4
0.3699 -8.7407 4
2.3592 -8.5307 4
1.7845 -8.3400 4
3.7725 -5.8474 4
3.1089 -6.6051 4
1.6621 -8.3594 4
1.0443 -9.3357 4
2.8537 -7.9250 4
2.0107 -8.8770 4
1.7341 -8.2360 4
2.3862 -7.0473 4
3.8603 -8.2376 4
1.8415 -7.4412 4
0.5271 -9.8822 4
2.1183 -7.6028 4
1.9940 -7.4311 4
0.6733 -7.7504 4
2.4967 -8.4271 4
1.3121 -8.1256 4
2.7811 -9.2199 4
3.2285 -6.5037 4
1.7669 -8.1222 4
2.2258 -7.3314 4
1.8174 -9.4943 4
2.7826 -7.7956 4
1.2272 -9.7152 4
2.4222 -6.8323 4
3.2246 -6.3081 4
1.0188 -9.1769 4
2.3680 -8.5867 4
2.4419 -6.9663 4
2.8963 -6.7002 4
3.5894 -6.4176 4
1.5507 -7.6222 4
2.4095 -6.8970 4
2.1165 -8.4951 4
0.0632 -8.6592 4
3.6500 -9.3132 4
2.2303 -7.2478 4
1.6270 -8.6253 4
2.0877 -6.9397 4
1.0960 -7.8548 4
1.7718 -8.1907 4
3.0571 -7.3574 4
2.3532 -7.7513 4
1.3688 -9.3461 4
3.0049 -7.8308 4
2.8070 -6.3282 4
1.1417 -8.3531 4
-0.5569 -8.7463 4
0.4308 -9.9259 4
2.7360 -8.8896 4
1.2323 -9.1693 4
1.6864 -9.4769 4
2.0537 -7.8891 4
1.8388 -7.4158 4
2.1610 -8.3397 4
2.7522 -8.2908 4
1.4093 -8.4807 4
3.7998 -8.3454 4
1.7537 -9.3350 4
2.7088 -9.0159 4
0.8398 -8.8406 4
0.7157 -8.5801 4
3.0954 -6.9919 4
2.4281 -8.3773 4
2.2762 -8.7135 4
1.7045 -8.4198 4
2.1170 -7.6201 4
2.9466 -7.0159 4
2.4321 -8.4046 4
2.9387 -7.2025 4
1.5464 -7.9658 4
3.6149 -8.0648 4
0.9798 -7.8577 4
2.2675 -7.1096 4
1.6203 -9.2101 4
2.5611 -8.4103 4
0.2479 -9.5714 4
4.1513 -5.2289 4
1.0499 -7.7955 4
1.6572 -9.1285 4
3.4614 -7.0753 4
0.3299 -8.7555 4
2.6509 -8.4293 4
1.1623 -8.2714 4
0.8975 -9.2752 4
2.9373 -7.8427 4
3.0693 -9.3436 4
0.0861 -7.5902 4
1.4463 -8.0957 4
0.8518 -8.4370 4
0.9478 -9.2308 4
2.8211 -5.9753 4
2.6744 -7.6681 4
1.7298 -6.8227 4
2.0638 -8.4950 4
2.2336 -7.8161 4
2.2311 -7.4053 4
1.1374 -8.2986 4
1.6015 -8.5902 4
1.4918 -8.6259 4
2.2598 -7.2271 4
2.0169 -7.3761 4
3.0714 -7.0408 4
1.8420 -7.3118 4
2.3152 -7.7938 4
2.0139 -7.3009 4
2.4983 -7.6471 4
1.6125 -7.9389 4
1.3805 -9.2604 4
0.9757 -9.2513 4
1.3733 -8.6301 4
1.4502 -7.6699 4
3.0828 -8.2707 4
2.4396 -7.2258 4
1.2365 -8.9804 4
3.3811 -8.6459 4
1.7688 -8.3804 4
2.0699 -6.9096 4
