-13.2436 6.9582 0
-12.1935 5.3495 0
-13.5842 6.5390 0
-12.3038 5.2908 0
-13.9234 5.3459 0
-14.7915 6.1397 0
-12.9870 6.9941 0
-11.8749 5.6158 0
-12.2421 7.1533 0
-13.0745 7.5112 0
-14.7767 5.6490 0
-12.7863 6.4785 0
-11.6618 7.0232 0
-13.9453 5.9071 0
-12.4487 6.1113 0
-12.4594 6.2505 0
-14.8291 4.8364 0
-12.0676 5.4494 0
-12.1322 6.9472 0
-12.3273 6.4503 0
-10.9679 7.5095 0
-10.8542 7.1043 0
-12.0679 5.6262 0
-12.2822 5.0983 0
-11.8787 7.1305 0
-11.2199 7.1294 0
-11.7354 6.9473 0
-13.3733 5.0582 0
-11.5553 6.6687 0
-11.7781 5.5870 0
-12.4128 6.2480 0
-15.5790 5.6522 0
-12.9893 5.7813 0
-13.9407 4.5205 0
-12.2867 5.4971 0
-13.6466 6.8430 0
-13.2737 6.3672 0
-12.8391 5.4958 0
-12.8146 6.8168 0
-12.8315 5.4148 0
-13.7557 5.4564 0
-13.5546 4.9555 0
-11.2651 6.9551 0
-12.0193 7.3822 0
-12.4636 7.6528 0
-12.5112 5.2177 0
-11.1366 6.9110 0
-12.2960 6.1445 0
-13.1203 5.4874 0
-13.5088 5.6854 0
-15.7169 6.0414 0
-11.5392 6.8563 0
-12.3053 6.0104 0
-13.6928 6.8600 0
-12.9518 6.3033 0
-12.9305 5.4959 0
-13.0816 6.8206 0
-13.7638 6.7304 0
-12.6129 7.3630 0
-12.1075 6.0587 0
-13.3378 5.9547 0
-12.6392 5.8706 0
-13.8121 4.8313 0
-13.4972 6.3907 0
-13.3497 6.4483 0
-13.3921 6.8524 0
-12.3644 7.7028 0
-12.6930 5.8568 0
-12.3660 7.9276 0
-13.5640 5.6374 0
-13.9984 4.5048 0
-12.8757 6.3720 0
-10.6541 6.0626 0
-12.5622 6.5518 0
-13.6549 6.4896 0
-13.2825 6.7872 0
-12.2594 6.5632 0
-12.5401 7.1210 0
-11.0225 6.6399 0
-13.9984 6.4164 0
-12.8244 7.0803 0
-11.9904 6.2295 0
-10.2473 6.1472 0
-12.7810 6.8778 0
-12.8456 4.1359 0
-12.6732 7.9875 0
-12.5586 5.3372 0
-12.3081 5.3593 0
-13.1005 4.6780 0
-13.4793 3.6467 0
-11.3464 6.8122 0
-14.6160 6.9628 0
-14.3917 4.0032 0
-12.6497 7.0206 0
-14.9585 5.8041 0
-12.9233 6.4680 0
-13.8943 4.7374 0
-12.3963 5.4859 0
-13.6077 5.0865 0
-12.8617 5.7403 0
-14.0029 4.7490 0
-13.5946 5.6985 0
-11.4936 6.9567 0
-13.1129 6.7437 0
-13.8588 7.4788 0
-14.1773 4.2683 0
-13.5793 5.2017 0
-13.0522 5.7092 0
-13.4987 6.7393 0
-14.0197 5.0021 0
-12.6982 6.8889 0
-12.1195 5.3102 0
-12.2672 5.5235 0
-12.2816 6.9323 0
-12.2448 6.8848 0
-13.4403 5.8712 0
-15.6814 4.5100 0
-13.1292 5.8244 0
-10.9437 6.4510 0
-12.9363 5.9503 0
-12.8871 6.7032 0
-15.0276 3.7819 0
-12.7967 5.5395 0
-11.9309 7.4048 0
-11.5147 7.2027 0
-12.4934 5.3880 0
-12.6331 6.6316 0
-12.6572 5.9119 0
-12.5571 6.3548 0
-13.8566 6.5221 0
-13.2994 6.6284 0
-13.7343 5.0066 0
-13.4658 6.6531 0
-13.2750 5.2805 0
-11.1977 7.7693 0
-13.5671 6.1135 0
-12.7334 5.8386 0
-13.2813 4.0641 0
-12.9164 6.2480 0
-13.5436 5.2948 0
-10.2662 5.5338 0
-15.1541 5.9046 0
-15.2625 4.5226 0
-14.2536 5.6315 0
-12.9556 5.7283 0
-13.5976 4.8913 0
-14.0350 6.2736 0
-12.9856 5.2618 0
-12.2143 5.7253 0
-11.5585 6.7733 0
-12.5329 6.4948 0
-13.9297 5.7445 0
-13.5952 5.3668 0
-15.0261 6.3495 0
-14.1602 5.2743 0
-12.9611 6.7674 0
-11.5215 5.3639 0
-12.8454 6.7184 0
-13.5475 5.9973 0
-13.5373 5.0939 0
-9.4711 4.3471 1
-6.7313 7.1232 1
-8.2074 6.7011 1
-6.5936 8.1569 1
-7.9199 5.3957 1
-8.7025 7.7540 1
-7.9895 6.2693 1
-7.0858 6.5249 1
-7.5030 8.4830 1
-8.3329 7.0829 1
-7.1881 8.2339 1
-7.8069 6.2008 1
-9.0085 7.0525 1
-7.5054 7.3626 1
-8.7191 5.9936 1
-10.1668 6.9096 1
-8.2104 6.6406 1
-6.9606 7.7398 1
-9.5202 4.9502 1
-9.5671 6.4428 1
-10.8649 6.3516 1
-7.7134 7.3972 1
-7.9013 6.7412 1
-8.2266 3.8661 1
-7.8965 6.7558 1
-6.4769 6.5877 1
-7.7749 8.0347 1
-7.1081 7.5346 1
-7.6244 7.8962 1
-9.7062 6.7012 1
-7.8781 8.1112 1
-7.2529 7.9696 1
-8.3306 5.4442 1
-8.6099 5.6675 1
-8.5906 6.6734 1
-8.0906 7.0093 1
-8.9290 5.8089 1
-7.4007 5.9059 1
-6.8602 7.0027 1
-7.8912 6.5462 1
-7.2064 7.3750 1
-6.9589 7.5491 1
-9.4563 7.0562 1
-8.3878 9.6117 1
-6.2951 7.4789 1
-6.8899 9.1986 1
-8.3630 7.9303 1
-7.0275 6.5074 1
-8.9558 6.2731 1
-8.3516 7.7569 1
-8.2881 7.3495 1
-7.6235 5.5311 1
-8.0291 9.1365 1
-8.9053 7.6997 1
-8.2205 6.5644 1
-6.8039 7.4668 1
-7.1921 6.4804 1
-7.9094 5.4338 1
-7.5798 7.9562 1
-9.6723 6.4844 1
-8.4265 6.7842 1
-8.7922 5.4420 1
-7.7738 6.0905 1
-7.4385 7.7373 1
-6.7539 8.4300 1
-8.6628 7.5942 1
-6.4249 9.0077 1
-7.7075 6.5993 1
-8.5654 6.3047 1
-8.7053 5.8454 1
-8.6361 7.2232 1
-9.0090 6.0826 1
-6.8592 7.3517 1
-8.6461 7.1499 1
-8.5435 6.8150 1
-8.1326 6.3748 1
-8.6192 6.5531 1
-6.8043 9.4051 1
-7.8131 8.4531 1
-8.4034 5.5700 1
-7.1016 7.0970 1
-6.7343 9.2369 1
-6.3790 7.1619 1
-7.9116 6.0420 1
-7.7776 6.0073 1
-8.8466 6.5027 1
-6.8740 8.4331 1
-7.1698 7.4511 1
-8.3509 6.5615 1
-8.3666 8.2162 1
-8.3045 7.2639 1
-7.7782 8.4217 1
-9.2989 6.8379 1
-5.8507 9.3488 1
-8.3248 6.5662 1
-10.1780 5.4930 1
-7.4322 7.2570 1
-7.1216 6.3583 1
-10.0630 6.3218 1
-9.4414 5.0401 1
-8.0192 5.7146 1
-8.2884 6.6912 1
-7.6505 8.5351 1
-9.6553 6.6387 1
-7.1209 7.8896 1
-7.0858 7.4428 1
-8.9510 8.0463 1
-6.9968 7.6147 1
-7.5575 7.8489 1
-8.3289 7.5422 1
-5.7743 6.9008 1
-7.8978 6.2673 1
-7.9973 7.8760 1
-9.0458 5.8349 1
-8.4287 6.0866 1
-8.6753 5.5045 1
-6.4165 6.7315 1
-9.7132 7.5042 1
-6.7992 8.0496 1
-8.3352 6.8864 1
-9.1987 7.9860 1
-8.2242 8.3078 1
-9.5233 5.7976 1
-7.8754 5.9383 1
-8.5181 6.7917 1
-9.1253 6.5458 1
-8.5795 5.9241 1
-8.2551 7.3351 1
-8.4198 7.6852 1
-7.1945 8.5964 1
-7.1320 7.3029 1
-6.9294 9.0205 1
-9.0246 6.7413 1
-8.5185 5.6108 1
-6.9849 7.2821 1
-8.6104 7.0620 1
-7.6586 8.9266 1
-7.9335 7.2718 1
-6.8542 8.7413 1
-5.8863 7.4586 1
-8.5867 4.7886 1
-8.0055 7.7895 1
-8.2082 8.3949 1
-8.6841 5.4584 1
-6.4670 6.7510 1
-6.6695 7.4239 1
-7.1399 7.4781 1
-6.8551 8.6642 1
-7.6519 6.2060 1
-8.6234 6.6313 1
-7.8770 8.1309 1
-6.7776 7.5618 1
-7.2900 7.6788 1
-7.6359 9.5540 1
-8.9522 6.1010 1
-9.0814 7.1037 1
-7.5707 6.7177 1
-8.3153 5.4730 1
-8.0891 8.5721 1
-7.9700 4.8642 1
-13.3806 9.4229 2
-14.5572 9.0024 2
-14.6639 8.9122 2
-16.7592 7.5190 2
-13.7134 8.8788 2
-15.0152 8.4962 2
-13.3908 8.9650 2
-16.9455 7.4708 2
-14.7885 9.8362 2
-14.8385 9.5170 2
-13.9161 10.8357 2
-14.6169 6.7516 2
-12.3170 10.9116 2
-15.8416 9.0527 2
-14.7817 8.3651 2
-14.5040 9.1096 2
-14.7781 8.4971 2
-17.2048 7.3771 2
-13.7989 9.4970 2
-16.0163 9.3718 2
-15.5533 7.6092 2
-13.9800 8.8834 2
-14.0153 10.7919 2
-14.8412 7.8039 2
-14.6847 9.5892 2
-13.9188 8.6818 2
-13.5357 11.2800 2
-14.4359 11.2499 2
-13.9851 10.1231 2
-13.3488 7.2828 2
-14.5961 7.5289 2
-14.8487 7.2860 2
-15.0618 9.6232 2
-14.8829 8.9194 2
-14.1588 8.0244 2
-13.7643 9.8968 2
-12.8080 8.6973 2
-14.7318 8.8477 2
-16.8522 7.1269 2
-13.8514 10.1368 2
-15.0268 7.8130 2
-14.9230 10.0960 2
-12.7416 11.2381 2
-16.1747 9.1246 2
-12.9289 9.7040 2
-13.9300 9.8648 2
-15.7502 9.6510 2
-15.6011 8.3314 2
-13.9399 11.2789 2
-14.9149 9.0938 2
-15.2077 10.0773 2
-15.5383 9.3144 2
-15.2748 8.4861 2
-15.0776 8.7180 2
-15.7135 8.1314 2
-14.5053 8.8828 2
-15.3598 7.3275 2
-15.5240 8.0197 2
-15.6640 9.3373 2
-13.6445 8.2749 2
-15.1826 8.6231 2
-15.1195 9.3169 2
-15.3710 9.8011 2
-14.1745 9.8862 2
-16.1856 9.1075 2
-13.3402 9.4886 2
-16.1375 7.2471 2
-14.8760 9.0406 2
-14.3116 9.2504 2
-13.7026 10.9956 2
-14.3422 8.3972 2
-16.8667 8.9228 2
-16.9409 6.6501 2
-15.0999 8.0584 2
-14.9028 8.7673 2
-14.3731 10.7568 2
-14.7235 9.1838 2
-14.1628 10.1445 2
-15.2237 10.0506 2
-14.4400 10.4786 2
-15.2683 10.3679 2
-15.4860 10.7695 2
-14.0552 8.4976 2
-15.4117 9.2342 2
-13.7395 7.9084 2
-14.7049 8.4146 2
-14.6364 10.5347 2
-14.4100 8.8475 2
-15.9884 9.4994 2
-15.2400 7.9382 2
-14.7089 9.1965 2
-15.8568 9.1166 2
-14.5965 10.3204 2
-15.8100 8.3250 2
-15.2288 9.5509 2
-14.3796 9.1678 2
-14.3148 7.7829 2
-14.5047 10.0495 2
-16.8067 10.0865 2
-13.4893 8.4714 2
-14.9618 10.2052 2
-15.8657 9.2110 2
-14.3342 9.4947 2
-16.7881 8.2236 2
-15.0486 9.0553 2
-14.5158 10.0553 2
-16.7018 9.3738 2
-15.2933 10.0723 2
-14.6799 8.7728 2
-15.7255 10.3197 2
-16.0262 8.8181 2
-15.2715 9.5328 2
-15.0211 7.4645 2
-13.5521 9.8342 2
-15.0570 9.2096 2
-15.1892 10.0280 2
-15.5949 8.4777 2
-14.9791 9.4492 2
-13.7130 12.0487 2
-14.8954 10.5861 2
-15.4762 9.3297 2
-15.7257 7.8552 2
-14.3031 9.4049 2
-15.9050 9.0990 2
-16.7922 8.5254 2
-13.4684 6.8532 2
-14.8166 9.5208 2
-16.2935 8.0761 2
-14.0170 8.9996 2
-14.2797 9.4024 2
-15.1086 9.1906 2
-17.2337 8.2716 2
-15.3324 7.6483 2
-13.2635 10.3186 2
-15.4086 8.8322 2
-14.0190 8.1446 2
-12.0411 8.9136 2
-13.3846 8.7749 2
-14.2694 10.9514 2
-17.3350 7.5549 2
-14.2966 8.6727 2
-14.3938 8.6112 2
-13.1143 8.4984 2
-15.4284 9.5338 2
-14.6746 8.6469 2
-14.4447 9.4164 2
-16.3233 7.2973 2
-13.6715 9.2848 2
-15.1536 6.5464 2
-15.4123 9.1625 2
-15.5077 8.3848 2
-15.0588 7.7495 2
-16.7617 7.5635 2
-15.6195 8.9692 2
-15.1355 8.8691 2
-15.5694 9.1892 2
-15.3045 8.5542 2
-14.6713 8.1752 2
-13.2315 9.4678 2
-14.5828 7.6032 2
-4.1587 -4.1385 3
-2.1045 -2.6851 3
-2.1272 -3.9053 3
-0.8408 -3.8375 3
-1.2385 -2.5911 3
-2.7176 -3.2547 3
-2.8575 -4.2323 3
-2.0695 -2.2201 3
-3.8076 -5.2473 3
-1.6940 -2.5213 3
-1.6575 -5.3307 3
-0.4275 -3.2746 3
-2.2640 -4.6639 3
-1.4565 -2.7688 3
-1.8368 -4.3846 3
-1.5807 -2.9543 3
-1.2069 -2.5805 3
-1.6354 -3.2972 3
-3.1163 -2.4212 3
-1.4223 -5.2116 3
-1.3073 -3.2885 3
-2.5938 -3.9690 3
-2.1734 -4.7746 3
-1.4699 -5.7377 3
-3.0813 -4.3272 3
-1.4208 -3.6424 3
-2.4927 -3.4412 3
-1.5634 -4.2650 3
-1.5622 -3.3345 3
-0.5637 -3.5210 3
-1.8619 -4.4090 3
-0.2479 -4.1576 3
-3.6038 -5.6855 3
-2.5529 -3.7844 3
-3.0167 -4.9353 3
-1.9781 -3.6285 3
-3.7473 -4.3048 3
-1.3111 -4.1782 3
-2.4970 -4.4165 3
-1.2005 -4.5388 3
-2.1808 -2.8718 3
-3.2862 -5.8060 3
-3.1106 -3.9420 3
-1.7348 -3.8645 3
-1.7758 -3.7067 3
-2.7112 -3.8918 3
-3.2945 -5.0600 3
-0.0088 -2.5258 3
-2.3815 -4.0814 3
-2.5642 -4.3978 3
-0.7687 -3.8218 3
-1.1860 -2.3805 3
-3.1004 -4.2485 3
-0.7852 -2.9044 3
-3.5563 -4.7721 3
-1.5193 -3.8685 3
-2.2883 -3.0361 3
1.0351 -2.6152 3
-3.2756 -4.1573 3
-2.4596 -4.0966 3
-1.2148 -2.6974 3
-1.7817 -4.5712 3
-2.2438 -3.3738 3
-3.1255 -4.4324 3
-1.6231 -2.0052 3
-1.3583 -3.8416 3
-0.3662 -3.3068 3
-3.0954 -4.5433 3
-2.4352 -3.3955 3
-2.7763 -4.5914 3
-0.2587 -2.6078 3
-1.2695 -4.5419 3
-1.6420 -4.5235 3
-1.3800 -3.1537 3
-1.1658 -3.5789 3
-3.0322 -3.0964 3
-1.2079 -3.9623 3
-1.9836 -3.7100 3
-3.2722 -5.1569 3
-0.5145 -2.8209 3
-3.4900 -6.7191 3
-2.7292 -4.9639 3
-1.6060 -3.7709 3
0.0804 -2.9650 3
-3.8042 -3.4443 3
-0.6573 -2.7106 3
-1.7426 -4.0118 3
-2.6174 -3.8615 3
-1.0219 -2.0219 3
-1.6489 -2.4957 3
-1.5127 -3.3478 3
-2.6181 -3.6349 3
-1.3432 -2.3271 3
-2.6757 -4.0104 3
-1.8252 -3.3600 3
-2.3146 -3.4436 3
-1.6810 -5.4823 3
0.3231 -3.1005 3
-0.4865 -3.0112 3
-2.2842 -3.0250 3
-3.5265 -4.0628 3
-1.8437 -4.0152 3
-1.6859 -4.1605 3
-2.1219 -2.8219 3
-2.1375 -4.3885 3
-2.7667 -3.9699 3
1.0458 -2.3121 3
-2.8913 -2.9286 3
-2.4207 -4.7381 3
-0.4386 -3.1132 3
-1.0818 -2.6756 3
-3.7806 -4.5790 3
-2.3862 -4.2572 3
-2.9918 -2.7004 3
-4.6268 -5.0078 3
-1.8346 -4.6613 3
-2.4856 -4.3186 3
-2.7910 -2.6699 3
-2.2453 -3.3287 3
-3.2090 -5.0299 3
-2.5282 -3.3261 3
-2.0195 -1.8589 3
-2.0207 -4.7700 3
-1.5563 -3.6098 3
-1.4088 -2.6452 3
-1.0565 -3.8690 3
-0.9955 -4.4194 3
-0.2694 -5.3758 3
-1.4131 -4.2840 3
-1.9019 -5.0141 3
-2.6626 -3.6550 3
0.9765 -2.2503 3
-1.6768 -4.4057 3
-1.4050 -3.2986 3
-0.7821 -2.5429 3
-2.0619 -5.3143 3
-1.4504 -4.1417 3
-2.0637 -3.7191 3
-3.3330 -1.7427 3
-2.2850 -3.9592 3
-4.0485 -4.0747 3
-1.9427 -3.9821 3
-0.7663 -3.4893 3
-2.2563 -5.7517 3
-1.3078 -3.9719 3
-2.3941 -3.6843 3
-1.3711 -3.8770 3
-1.8250 -3.8620 3
-1.3509 -4.3359 3
-2.6317 -5.1475 3
-2.0734 -3.0983 3
-2.4059 -4.3402 3
-3.8303 -3.6270 3
-1.4375 -4.0260 3
-1.4952 -4.0349 3
-2.0529 -3.9827 3
-2.0446 -3.8166 3
-2.2615 -3.3743 3
-1.3203 -4.3925 3
-0.2662 -2.7892 3
-13.3835 -6.8914 4
-12.6940 -6.6551 4
-12.5362 -5.8434 4
-14.2617 -7.4581 4
-13.8683 -4.5731 4
-12.4853 -3.5340 4
-13.9637 -6.0158 4
-13.1115 -6.8387 4
-13.3306 -5.5171 4
-14.5230 -5.3107 4
-12.7115 -6.3462 4
-11.2632 -6.2859 4
-15.6390 -7.6014 4
-15.3456 -5.3604 4
-11.8930 -6.0484 4
-11.7513 -6.9412 4
-10.9714 -5.9818 4
-14.1909 -6.0728 4
-13.9485 -5.8887 4
-12.5808 -6.2535 4
-13.7744 -6.5784 4
-12.4501 -3.8463 4
-12.6168 -6.0536 4
-11.9572 -5.5064 4
-11.5562 -3.7602 4
-12.9447 -4.9594 4
-12.1463 -5.5940 4
-12.5546 -5.6464 4
-13.4941 -5.7242 4
-10.9356 -4.9769 4
-13.3949 -5.6419 4
-13.1068 -7.2694 4
-14.4927 -7.6007 4
-12.1342 -4.6439 4
-13.6727 -6.8270 4
-14.0968 -5.3473 4
-12.5398 -7.3127 4
-12.7480 -5.9616 4
-12.8905 -4.4097 4
-13.5766 -4.9079 4
-12.2160 -7.7929 4
-11.0095 -4.7513 4
-14.0308 -6.6558 4
-13.4069 -4.8545 4
-14.6606 -7.7943 4
-13.7792 -7.0806 4
-11.2169 -4.4795 4
-14.4700 -6.5441 4
-14.9953 -8.8455 4
-12.2646 -5.3021 4
-10.4901 -4.8748 4
-13.0549 -5.9497 4
-13.9336 -4.9617 4
-13.3833 -6.7810 4
-12.9221 -6.2621 4
-11.8227 -5.2879 4
-14.1688 -7.7080 4
-12.2782 -6.4045 4
-12.3061 -4.2343 4
-12.5861 -3.0905 4
-11.7302 -5.6586 4
-12.4887 -5.9633 4
-12.3929 -5.7609 4
-14.6267 -5.5770 4
-12.6574 -6.3684 4
-12.0261 -7.1933 4
-11.8745 -3.2632 4
-12.1984 -6.1829 4
-13.1297 -4.7193 4
-12.3076 -6.6975 4
-13.1202 -5.6805 4
-13.6902 -7.1432 4
-12.0666 -4.9727 4
-11.5180 -3.8273 4
-13.6928 -6.4973 4
-11.3814 -6.2650 4
-15.1062 -7.6521 4
-13.5869 -5.9443 4
-12.4333 -5.0494 4
-15.2676 -6.3197 4
-12.7444 -7.5705 4
-13.4712 -6.4889 4
-13.9000 -5.4165 4
-14.0813 -5.7233 4
-14.2616 -6.4255 4
-13.3940 -4.4702 4
-12.5865 -6.5574 4
-12.5030 -5.8762 4
-11.7080 -5.1822 4
-13.8505 -6.5304 4
-11.8531 -3.0278 4
-15.1226 -6.2054 4
-12.8981 -6.3869 4
-12.6243 -6.9079 4
-12.1266 -5.0664 4
-12.1949 -2.8104 4
-14.0580 -5.8421 4
-14.1908 -5.4965 4
-14.0536 -7.1857 4
-10.9146 -5.7569 4
-11.2226 -3.9569 4
-12.5149 -4.6582 4
-13.8619 -5.4041 4
-12.0629 -5.8234 4
-15.4193 -6.8311 4
-13.2362 -6.8039 4
-13.9892 -6.6995 4
-12.0578 -5.9918 4
-11.7879 -6.2538 4
-12.8248 -7.2950 4
-13.3835 -5.3150 4
-11.4630 -5.6633 4
-11.5369 -5.7077 4
-12.8568 -7.1866 4
-13.3030 -4.7325 4
-13.1883 -4.8831 4
-13.0836 -5.6190 4
-12.3605 -7.4610 4
-13.5423 -5.6840 4
-13.7695 -5.8239 4
-14.5062 -6.5313 4
-15.8105 -5.9669 4
-11.6810 -5.8240 4
-12.6052 -7.8949 4
-12.8100 -5.9296 4
-11.6653 -5.0499 4
-13.6894 -6.3995 4
-13.5793 -6.6533 4
-13.7703 -5.9088 4
-10.3636 -4.1331 4
-11.1866 -5.1168 4
-14.4609 -6.2980 4
-12.8506 -4.9984 4
-13.5274 -7.1079 4
-13.2513 -6.4918 4
-13.2398 -6.4663 4
-12.5976 -6.6469 4
-14.4126 -7.0146 4
-13.8143 -7.2992 4
-12.8187 -5.6584 4
-11.9390 -4.4935 4
-13.5601 -5.5251 4
-14.2392 -6.0983 4
-13.2025 -5.5944 4
-13.6846 -5.3636 4
-13.8174 -6.8109 4
-11.7304 -7.2189 4
-12.8243 -5.6310 4
-14.8034 -6.6974 4
-13.9976 -6.2225 4
-12.3280 -5.1209 4
-13.4348 -5.5104 4
-13.5811 -5.5593 4
-11.5688 -4.2866 4
-12.3458 -5.4544 4
-13.0701 -6.1877 4
-12.5533 -4.3656 4
-12.0764 -5.5882 4
-12.7456 -4.8026 4
-13.9583 -8.3141 4
