12.5545 12.6590 0
10.5593 11.3709 0
10.6602 11.3829 0
11.2183 11.3952 0
10.9800 11.8010 0
12.4207 13.9027 0
11.1517 13.1999 0
10.5992 13.5730 0
11.8615 13.1523 0
10.6038 12.5824 0
12.0668 9.4996 0
11.4076 13.0670 0
8.8675 11.5202 0
9.8344 12.2824 0
8.9783 9.7891 0
11.1185 12.1252 0
11.4930 12.1095 0
9.9863 12.4754 0
10.7980 12.3909 0
10.9530 12.6975 0
10.7034 10.5122 0
8.6689 10.9750 0
10.6367 10.1290 0
11.1304 12.2152 0
12.4017 12.5348 0
9.2547 11.9151 0
10.5085 12.6817 0
12.2898 11.5260 0
11.2131 12.9357 0
11.4587 13.8738 0
10.9796 13.5065 0
10.5145 12.1672 0
10.0857 11.3055 0
11.6960 12.3000 0
12.1959 12.2156 0
11.2649 12.0834 0
11.5244 12.0254 0
10.8676 13.1787 0
9.8099 11.5366 0
9.5494 11.6661 0
11.5027 12.1525 0
10.6466 11.2612 0
11.9466 12.3909 0
10.7276 13.0768 0
11.4390 14.4700 0
10.3740 11.2101 0
11.4092 12.0045 0
11.2639 11.0942 0
10.4858 10.7797 0
12.5529 13.7881 0
10.2449 12.3455 0
9.3269 11.5967 0
11.5525 11.9488 0
10.2817 10.8575 0
12.0289 11.8911 0
10.6009 12.4710 0
12.1639 13.2637 0
12.0059 13.0315 0
10.0976 10.5871 0
11.1626 12.8250 0
12.0038 12.4076 0
12.0963 12.2048 0
10.4194 12.1488 0
8.0681 10.3214 0
10.4542 12.7856 0
11.1456 10.8439 0
12.5934 12.8833 0
11.0798 12.3656 0
10.8718 10.5021 0
9.5501 10.7194 0
11.9804 11.4294 0
13.1344 12.8931 0
12.2389 12.5888 0
10.0705 10.4003 0
12.0760 13.2607 0
10.8650 12.0751 0
11.9780 13.7081 0
11.3340 12.5335 0
10.8568 12.2135 0
10.8029 12.1082 0
10.4239 11.9447 0
11.4513 13.2535 0
10.6788 11.7452 0
10.1537 12.4086 0
10.8628 11.5403 0
11.4548 12.9484 0
11.5377 10.5776 0
12.7009 11.8551 0
9.6667 12.3956 0
11.6156 12.4751 0
8.7918 11.1518 0
10.8653 11.5881 0
11.7153 10.7209 0
11.0086 10.1894 0
10.6151 11.2733 0
11.9743 11.1119 0
11.7429 12.3483 0
10.8109 12.3955 0
10.8009 13.2885 0
11.6110 13.8797 0
10.0201 12.3010 0
10.5966 12.6719 0
9.9463 12.5415 0
10.9800 11.8768 0
10.9819 12.5896 0
11.4382 14.0321 0
12.1434 12.9059 0
11.4436 11.7826 0
12.3673 12.9806 0
12.4249 12.4976 0
9.9463 12.9633 0
10.7201 9.2190 0
10.2525 11.9056 0
10.2591 11.2091 0
11.1049 12.3018 0
10.2654 11.6797 0
9.8928 10.4151 0
11.0301 12.1008 0
11.5456 12.8762 0
11.5823 12.0499 0
9.5205 11.2195 0
10.7037 11.5297 0
10.4074 10.5524 0
9.3000 10.6790 0
9.8864 11.7622 0
11.7316 13.1001 0
11.6009 12.7813 0
11.7846 12.8071 0
11.7834 11.1434 0
9.8290 11.5349 0
10.1749 10.2522 0
12.2412 13.3265 0
11.6301 13.3178 0
12.6751 11.9290 0
10.6167 12.0378 0
11.8716 12.8166 0
10.8546 12.0416 0
12.1279 11.5893 0
11.5050 12.3653 0
11.5980 11.7311 0
9.6243 10.0937 0
12.0097 13.6414 0
11.1468 11.0993 0
10.7112 11.9010 0
11.1515 12.8118 0
9.5721 11.2779 0
9.6487 10.8361 0
11.2807 11.5328 0
11.3086 10.9422 0
9.9605 12.7368 0
10.8329 12.0787 0
11.2116 13.1449 0
11.1207 13.8275 0
10.9976 13.2161 0
10.2584 11.6239 0
10.7766 10.9911 0
11.1739 11.7764 0
10.2289 11.5392 0
10.5658 11.0049 0
11.8800 11.5987 0
3.6985 -12.2735 1
1.7115 -12.1785 1
1.3494 -12.6311 1
3.9775 -10.8479 1
0.2835 -13.0862 1
0.7012 -13.4325 1
1.9020 -12.8372 1
3.1799 -11.3815 1
1.7579 -12.9169 1
2.6443 -14.4798 1
2.4143 -11.9043 1
3.3746 -10.1897 1
1.1238 -14.2127 1
1.5549 -13.7468 1
1.8536 -13.2401 1
0.3828 -13.5179 1
2.2559 -13.7247 1
1.8475 -12.6893 1
1.6433 -13.1972 1
1.7099 -12.3500 1
1.2215 -14.1221 1
2.9393 -11.0635 1
2.8848 -12.1546 1
1.6138 -12.9600 1
3.2462 -10.8001 1
2.6602 -12.9627 1
2.3083 -12.3626 1
2.0654 -13.5352 1
1.2625 -11.8509 1
3.0633 -10.8145 1
3.5452 -14.8580 1
2.0943 -13.1596 1
2.9509 -12.3383 1
1.3042 -14.3613 1
1.3015 -13.6017 1
1.6065 -11.5751 1
3.1563 -12.0651 1
2.4496 -13.0381 1
2.1419 -12.7943 1
2.1158 -12.3457 1
0.7598 -14.2325 1
1.4867 -13.8213 1
2.6925 -11.7976 1
1.8049 -13.4353 1
2.8396 -12.2901 1
2.3829 -12.3326 1
2.3086 -13.0749 1
4.5090 -10.7219 1
2.8058 -13.5847 1
3.0302 -12.2047 1
1.6213 -14.0855 1
2.3404 -12.5804 1
0.6352 -14.0613 1
4.3584 -10.7924 1
1.1376 -11.5810 1
1.9713 -12.4098 1
2.0029 -14.2973 1
1.5772 -13.8373 1
3.0585 -15.6600 1
0.9106 -14.4429 1
1.6491 -14.4462 1
1.0431 -13.7096 1
0.8371 -14.1562 1
3.1137 -13.9158 1
2.8661 -13.6679 1
2.5674 -12.5629 1
3.0725 -12.7238 1
1.6880 -13.5765 1
1.4390 -12.7737 1
2.4994 -12.8181 1
1.8835 -13.1791 1
1.4309 -13.1026 1
1.7935 -13.9226 1
0.1647 -13.7425 1
2.8611 -12.2200 1
2.7114 -11.7354 1
1.7517 -14.2407 1
1.9840 -13.6148 1
4.1629 -12.4060 1
0.6313 -13.3034 1
0.5933 -12.9276 1
1.8199 -14.5200 1
-0.7778 -14.1175 1
0.4351 -11.8936 1
1.3485 -12.3371 1
0.4887 -13.2705 1
2.5162 -11.5483 1
2.4481 -12.8543 1
1.6697 -13.8146 1
3.4155 -12.2623 1
0.7536 -14.1267 1
1.6824 -14.6749 1
-0.2443 -15.3550 1
2.0508 -14.1548 1
1.0930 -12.1041 1
4.0630 -13.0263 1
2.8110 -12.4600 1
1.5787 -11.9568 1
2.7697 -12.8331 1
2.2042 -12.0412 1
1.7788 -11.9626 1
0.7644 -14.5092 1
0.8609 -12.5039 1
2.7008 -12.5466 1
3.1595 -12.3092 1
0.1007 -12.4231 1
3.4432 -12.1439 1
2.7967 -11.7686 1
1.8464 -13.8163 1
2.2812 -13.2420 1
1.7323 -12.7530 1
2.6918 -12.6228 1
3.5270 -13.3947 1
2.7431 -12.6565 1
1.5816 -12.5432 1
3.4364 -11.8701 1
1.9854 -12.5666 1
1.4028 -14.6941 1
2.1170 -13.3783 1
-0.2652 -13.0109 1
1.0337 -12.6101 1
1.4084 -13.8011 1
3.5718 -10.9014 1
1.5881 -13.3673 1
1.9150 -12.5546 1
3.5330 -11.5015 1
2.0473 -11.1177 1
3.8427 -12.4205 1
1.5508 -12.2829 1
3.0648 -14.1789 1
1.7408 -13.3447 1
1.4487 -13.6727 1
3.4655 -10.6569 1
1.8617 -12.0980 1
1.5766 -15.3132 1
0.7314 -13.5426 1
2.8205 -11.5720 1
0.9558 -14.3609 1
1.3164 -14.4393 1
2.1788 -12.5424 1
2.1333 -14.0091 1
2.4186 -13.7162 1
2.7096 -11.5291 1
2.6819 -13.2345 1
1.6526 -13.8686 1
1.3382 -14.2388 1
1.0245 -14.2372 1
1.9963 -11.9601 1
2.6085 -12.5553 1
2.0915 -12.8934 1
1.4187 -14.3424 1
2.0943 -14.4040 1
2.2655 -12.4019 1
2.3721 -13.7273 1
0.7677 -13.8922 1
0.9586 -15.2203 1
1.3822 -13.4273 1
3.1677 -12.2326 1
1.7585 -11.9814 1
-0.3538 -14.6909 1
11.7698 -8.0224 2
13.1597 -8.4273 2
11.3885 -8.3447 2
10.6817 -9.3461 2
12.3851 -8.2566 2
14.7982 -5.8788 2
11.3721 -9.2123 2
12.5808 -7.9234 2
12.5334 -7.3943 2
12.8876 -9.0914 2
11.2072 -9.7560 2
11.7026 -9.1401 2
11.8250 -7.2663 2
12.1786 -9.0518 2
11.4153 -7.6581 2
12.6644 -8.0205 2
11.8963 -7.3352 2
12.2040 -7.6942 2
11.6498 -8.0085 2
12.4701 -7.2251 2
12.7032 -7.7078 2
13.2633 -6.8665 2
10.9463 -8.8329 2
11.3206 -7.7994 2
11.2254 -8.0438 2
11.9490 -8.1510 2
12.7686 -8.2175 2
11.7942 -8.5429 2
13.3194 -8.0310 2
12.5575 -7.6546 2
12.0205 -8.0877 2
10.8236 -7.6725 2
10.4113 -6.4467 2
12.0165 -6.5416 2
12.1851 -9.3951 2
10.9979 -8.0183 2
11.1615 -8.0121 2
11.2744 -8.4210 2
11.8411 -7.6083 2
11.0771 -8.5186 2
12.6039 -7.4089 2
13.2352 -6.6435 2
13.0118 -7.3150 2
13.0523 -7.6297 2
12.8940 -7.2445 2
12.9360 -6.9311 2
12.2537 -7.3512 2
10.8815 -9.4818 2
13.4810 -8.2736 2
13.7841 -6.7561 2
14.2197 -7.0183 2
10.3003 -8.1932 2
12.6232 -7.2151 2
12.5708 -6.8731 2
10.7828 -7.7069 2
11.4633 -8.8123 2
12.3084 -7.0164 2
11.9910 -8.3533 2
11.7265 -8.4188 2
12.8521 -6.5526 2
12.1803 -8.1897 2
11.2623 -8.1512 2
10.1185 -8.3034 2
13.5202 -7.8595 2
12.0791 -8.1161 2
11.7249 -7.8442 2
13.5696 -7.2202 2
11.6918 -8.9696 2
10.7778 -6.9277 2
12.4329 -9.0518 2
14.0721 -6.9422 2
13.0531 -8.1616 2
10.6838 -9.9172 2
11.1342 -7.6096 2
11.8228 -8.9800 2
11.6949 -7.4170 2
11.3324 -7.4451 2
11.7116 -9.2103 2
10.8279 -9.7079 2
10.5540 -9.1845 2
13.2212 -7.2857 2
11.0895 -8.6854 2
12.9995 -8.0403 2
11.9235 -8.0421 2
12.1234 -10.7542 2
13.1631 -7.0630 2
12.4092 -5.9511 2
12.4164 -7.7717 2
11.9801 -8.9509 2
12.0258 -7.2774 2
11.7342 -9.1179 2
11.8969 -7.7403 2
11.3678 -8.1820 2
11.0008 -7.0506 2
10.4737 -7.0042 2
12.0767 -7.2658 2
12.3038 -8.3383 2
12.5029 -8.4518 2
12.6579 -8.6385 2
11.6953 -8.0684 2
12.6901 -8.6574 2
11.5961 -7.2107 2
9.9825 -7.5235 2
11.7075 -8.3938 2
14.0462 -6.5210 2
12.0575 -7.3575 2
10.8573 -7.6577 2
12.2164 -7.0938 2
11.3024 -8.7724 2
13.0801 -8.8849 2
13.4219 -7.0924 2
11.9354 -7.9929 2
13.1420 -8.9524 2
11.3339 -8.7377 2
12.4764 -6.4500 2
10.6292 -6.8642 2
12.4111 -9.5725 2
10.8832 -9.5649 2
12.8465 -8.8253 2
11.1393 -7.7575 2
12.0785 -7.0193 2
12.6427 -6.4977 2
11.3371 -8.4217 2
10.8405 -9.8099 2
11.2835 -7.8591 2
12.0382 -9.5234 2
8.8561 -9.5731 2
10.7846 -8.4702 2
13.0736 -8.0365 2
10.2078 -9.2052 2
11.8346 -8.1372 2
11.3271 -7.0164 2
12.5719 -7.6758 2
11.0593 -6.8500 2
13.3280 -8.9910 2
13.4395 -6.7563 2
12.4519 -7.3090 2
11.1467 -9.2185 2
8.9013 -8.9501 2
13.1359 -6.6627 2
11.3797 -9.4151 2
11.1940 -7.5833 2
10.7810 -9.3382 2
10.1612 -9.8851 2
13.3051 -7.1246 2
12.4197 -6.6899 2
12.2096 -8.0303 2
12.7323 -7.0672 2
11.9506 -8.4963 2
10.8738 -10.4636 2
10.8111 -9.1818 2
11.8121 -9.2339 2
11.5733 -6.1192 2
11.5461 -9.1980 2
11.7984 -7.3064 2
11.4159 -8.7381 2
13.4532 -8.1658 2
10.9629 -6.3381 2
12.3171 -7.6942 2
12.6619 -8.3009 2
-8.9353 -3.2209 3
-10.1954 -2.2994 3
-13.0790 -2.0825 3
-10.8404 -1.8713 3
-12.1846 -2.8194 3
-12.7985 -4.2729 3
-11.7537 -2.1172 3
-9.7874 -3.6674 3
-11.8693 -3.0261 3
-10.4368 -1.1867 3
-11.2539 -4.3763 3
-10.3246 -1.8942 3
-10.1473 -3.5056 3
-10.2861 -2.4720 3
-12.1225 -3.6716 3
-10.8667 -2.9015 3
-10.1129 -3.3184 3
-12.6081 -2.9798 3
-12.9709 -2.9613 3
-11.5818 -4.1153 3
-10.3821 -2.6364 3
-10.4146 -3.7104 3
-12.0415 -4.6871 3
-13.2355 -3.4469 3
-11.9162 -3.8745 3
-12.1348 -3.1701 3
-11.6067 -5.0121 3
-11.3220 -3.0315 3
-10.2655 -2.0646 3
-10.5882 -2.9922 3
-12.7181 -3.7636 3
-11.2268 -4.3206 3
-11.7940 -3.8710 3
-11.3945 -1.4536 3
-11.2850 -2.7375 3
-11.6451 -2.6360 3
-10.9127 -2.2889 3
-9.8030 -2.4190 3
-11.3928 -4.4512 3
-12.3658 -3.2955 3
-10.0452 -2.2793 3
-10.3648 -0.6051 3
-11.8158 -2.9195 3
-12.9701 -3.3609 3
-10.8903 -2.6391 3
-9.9856 -2.8896 3
-11.1702 -4.1393 3
-10.4134 -2.6122 3
-11.1292 -1.3954 3
-10.0421 -1.8959 3
-10.4608 -3.9290 3
-11.0141 -2.8758 3
-13.2642 -3.8520 3
-11.6148 -2.2746 3
-11.2775 -3.2900 3
-10.9096 -2.5805 3
-9.7383 -3.0299 3
-10.8006 -2.3380 3
-11.0540 -2.9298 3
-10.5210 -2.3822 3
-11.2972 -4.2005 3
-10.3852 -4.2384 3
-11.2386 -2.4794 3
-10.0435 -2.0735 3
-12.4223 -3.5607 3
-10.6390 -2.0238 3
-10.6820 -2.1693 3
-11.4782 -3.0313 3
-11.9739 -3.9554 3
-11.4193 -1.5851 3
-10.1804 -3.7438 3
-11.6249 -2.6682 3
-10.5850 -2.8899 3
-10.9451 -1.5168 3
-10.8148 -2.8764 3
-9.5627 -1.3631 3
-12.1903 -2.5214 3
-9.2529 -4.0296 3
-12.7847 -1.4504 3
-10.9879 -0.4701 3
-12.0215 -2.7343 3
-11.6555 -2.1839 3
-10.2102 -2.3463 3
-12.5043 -3.6999 3
-11.0689 -1.4903 3
-9.6515 -1.5803 3
-9.9626 -1.5784 3
-11.7841 -4.0813 3
-12.4032 -3.0034 3
-10.2272 -1.9795 3
-11.5001 -0.8516 3
-9.2228 -2.3443 3
-11.9071 -1.6682 3
-11.5076 -3.3454 3
-11.0651 -4.5094 3
-10.3916 -3.0504 3
-10.9035 -1.8885 3
-9.3307 -3.2630 3
-12.2439 -2.3971 3
-11.9840 -3.2985 3
-10.3441 -3.6846 3
-10.1257 -2.3506 3
-10.9434 -2.6055 3
-9.6582 -3.0064 3
-10.7358 -3.5442 3
-10.2299 -2.8887 3
-9.2300 -1.9524 3
-10.3540 -3.2963 3
-11.0706 -1.6296 3
-11.4330 -2.9589 3
-12.2554 -2.9410 3
-9.8988 -1.6525 3
-10.7609 -2.8464 3
-12.0621 -3.7454 3
-9.8714 -3.7358 3
-11.1806 -3.2419 3
-12.0791 -2.6127 3
-10.6648 -5.2827 3
-13.3904 -4.0846 3
-10.6060 -3.6681 3
-10.0612 -1.9555 3
-10.6032 -2.5477 3
-10.0733 -3.3037 3
-10.0460 -1.5769 3
-12.6679 -4.5012 3
-9.7958 -0.8176 3
-13.3540 -4.6207 3
-11.0458 -4.0321 3
-11.5014 -1.5852 3
-11.7185 -0.9991 3
-11.3418 -2.7727 3
-11.0893 -1.9352 3
-12.1669 -2.4464 3
-10.6215 -2.8389 3
-10.9788 -3.3850 3
-11.5901 -2.5962 3
-11.8517 -3.2842 3
-9.9696 -3.7018 3
-10.5105 -3.9621 3
-10.5209 -3.6059 3
-10.1529 -2.4238 3
-12.2531 -1.2450 3
-10.2371 -1.4848 3
-10.8436 -3.4793 3
-11.0683 -2.8187 3
-10.4733 -5.1956 3
-12.9429 -2.6801 3
-11.8674 -3.2144 3
-10.9525 -2.4093 3
-12.2816 -4.3553 3
-10.5784 -1.7396 3
-12.0819 -3.0763 3
-10.2407 -3.3561 3
-10.6918 -1.5895 3
-11.3226 -2.0549 3
-10.2709 -2.7828 3
-13.0022 -4.7410 3
-12.1396 -3.3960 3
-10.2932 -5.1117 3
-10.4274 -3.3895 3
-3.1238 -11.4139 4
-0.7606 -10.7831 4
-0.6976 -11.6812 4
0.7176 -11.4391 4
-1.3834 -10.4343 4
-2.9576 -14.1694 4
-1.6218 -11.6558 4
-1.9615 -11.5562 4
-1.8824 -12.2149 4
-1.5370 -10.8850 4
-1.8783 -13.0753 4
-1.5408 -9.7877 4
-1.0946 -10.1356 4
-0.3667 -10.1094 4
-2.0623 -11.7299 4
0.5679 -10.1811 4
-1.5321 -10.6842 4
-1.6725 -10.2534 4
-0.3042 -11.3327 4
-1.9786 -11.0116 4
-2.1956 -11.9594 4
-0.3466 -9.6765 4
-1.5489 -12.0763 4
-1.0812 -11.3356 4
-2.7616 -11.1299 4
-1.4023 -10.9455 4
-2.4128 -11.3461 4
-2.6889 -11.5835 4
-0.4479 -8.9440 4
-0.3344 -9.4221 4
-2.1193 -12.7185 4
-1.6009 -9.9697 4
-1.7877 -10.0033 4
0.7223 -9.7329 4
-2.2124 -8.5531 4
0.2988 -10.4542 4
-1.1578 -11.6472 4
-1.1058 -9.2913 4
-0.2290 -10.8623 4
-0.2850 -11.8912 4
-1.1254 -10.3798 4
-0.1926 -9.6854 4
-2.4128 -11.6850 4
0.5105 -11.2711 4
1.7992 -9.0809 4
-0.9840 -10.9426 4
-0.5515 -10.7999 4
-2.3491 -9.8412 4
-0.1674 -10.8208 4
0.1840 -9.9580 4
-0.5531 -11.5681 4
-1.0744 -11.1800 4
-1.9962 -11.3965 4
-0.6121 -10.2338 4
-1.8463 -11.4113 4
0.2181 -10.6309 4
-1.0834 -9.4581 4
-2.2725 -12.2977 4
-1.7793 -10.0020 4
-0.7030 -11.2166 4
-2.2038 -11.8626 4
-2.2169 -10.3198 4
-0.4548 -11.5552 4
0.4076 -10.6438 4
-0.4607 -11.5347 4
-2.3422 -11.8179 4
-2.0671 -11.0305 4
-2.5592 -12.7694 4
-0.0899 -12.5784 4
-1.9682 -12.0481 4
-1.1362 -11.2584 4
0.0615 -8.6082 4
-1.4162 -10.1492 4
-0.3260 -10.0471 4
0.0738 -11.2943 4
-2.8394 -10.1918 4
-2.2281 -11.5057 4
-1.0089 -10.7859 4
-0.4841 -11.5904 4
-2.5413 -11.4557 4
-1.4740 -11.1471 4
-2.6056 -11.6573 4
-2.1150 -11.6694 4
0.0394 -10.6312 4
-0.5149 -10.6320 4
-1.7831 -11.9359 4
-0.0871 -12.4122 4
-0.5276 -10.1107 4
-0.0708 -9.1350 4
-1.7133 -11.5975 4
-0.7778 -10.6722 4
-1.8757 -10.7558 4
-1.6853 -9.9682 4
-2.4447 -11.4460 4
-2.1239 -12.5718 4
-1.3609 -10.1539 4
-0.9974 -11.5462 4
-0.0286 -9.7987 4
-2.0620 -11.6840 4
0.7285 -8.8657 4
-0.0623 -11.1053 4
-3.8222 -11.1651 4
-1.8969 -9.2366 4
0.0911 -10.2681 4
-0.8651 -11.7658 4
-1.5269 -11.7597 4
-0.6080 -10.8340 4
-2.2839 -13.5470 4
-1.8458 -12.0823 4
-0.8716 -9.9612 4
-0.7970 -11.2605 4
-0.9132 -11.0025 4
0.2875 -12.8483 4
-1.0402 -10.4934 4
-0.8087 -10.6748 4
-0.5442 -11.5071 4
0.1723 -10.2351 4
-1.3574 -10.2505 4
-0.2515 -11.7321 4
-0.2689 -11.3281 4
-2.1889 -11.3595 4
0.3485 -11.2156 4
-2.1190 -11.3049 4
-0.8582 -12.0306 4
-1.5206 -11.7795 4
-0.7439 -8.8164 4
-0.8097 -11.8836 4
-1.7227 -10.7680 4
0.1310 -10.4774 4
-1.7379 -11.8225 4
-1.4648 -11.5281 4
-2.7995 -10.5997 4
-1.4172 -9.8013 4
-3.0129 -11.7947 4
-1.2369 -13.5985 4
-1.0970 -10.7606 4
-3.5993 -13.2258 4
-1.1269 -10.5468 4
-0.7261 -10.8369 4
-1.7426 -11.3736 4
-2.2758 -10.3884 4
-1.6284 -10.8909 4
-1.3374 -11.2002 4
-3.3686 -13.1367 4
-0.7435 -12.1333 4
-0.8357 -10.6129 4
-0.2320 -9.6131 4
0.1075 -10.2229 4
-1.8568 -10.6034 4
-2.0000 -10.4445 4
-2.7618 -10.9523 4
-2.1189 -10.4454 4
-0.5142 -10.8351 4
-0.6307 -10.2768 4
-1.3138 -10.1970 4
-0.1180 -10.3988 4
-1.0993 -10.9167 4
-0.6998 -11.2539 4
-0.0620 -11.2744 4
-1.1648 -11.7887 4
