-0.6996691825441873 9.257489207031359 2
-0.9876719315031111 8.629325645202204 2
6.892312841250602 -3.4316052929124323 1
3.0986257956092116 -2.707466836985236 1
2.0098636609675755 0.10783849520890534 0
0.7789084933770838 1.5391936925026493 1
5.325290475695189 -3.1790665160635494 1
1.9949421171777846 0.4433884088760296 0
3.764064323994905 0.4512268986618466 0
4.783734885424744 0.3385628635431917 0
2.9215876539040586 1.5614289466297828 0
-0.6390758243266079 9.06928473347879 2
7.844750013833997 2.675746724932606 1
2.746626628068039 0.8148816790162718 1
0.4808258410282049 2.2265483823652095 1
-1.497159313859584 -3.1439863760101634 1
-0.3758843575742814 -2.1808329727080498 1
4.773535271248109 0.8007930223333763 0
0.6841787708605283 0.5478909758783166 1
4.8934579714717685 2.1819029647280552 1
2.735219573542194 1.4324892854375237 1
3.342983494832894 -0.526770050455613 1
3.7486076231789927 -0.5644509987119772 0
0.8932723392921305 -1.2443023505371391 1
2.6816801718676206 0.34093674074811686 0
3.919242583137517 -1.6422554553367716 0
2.68531722792406 4.385178383499616 1
-0.08189652002620817 9.19916567236572 2
4.287304121811118 0.03381327349747559 0
-1.0306290876021698 8.587407301776286 2
2.3998819987688678 2.9045324418028073 1
-0.24665632635873092 -2.9536841558064566 1
4.371542338670513 -4.49331617637313 1
4.291879176230497 0.4920364177228768 0
1.2099480642022296 -1.7907863028129367 1
4.877980340322242 0.3137195759842419 0
3.4386115089449345 0.25293745610192525 0
1.3657710847949092 -4.0622127077242185 1
4.159840285604679 0.22471193518425875 0
-0.8826141406459598 9.060186200988172 2
2.870019613261934 -1.4795909848647935 0
3.7633151243355156 0.33230266971207745 1
6.851209067246262 3.2725145204012023 1
4.178659894726429 0.1706724292491223 0
-0.7863891833305775 9.479573671155492 2
3.60829019347851 -0.5426973738520151 0
5.274265571734703 0.5022042108753404 0
-0.7930699469797886 9.032355900242182 2
5.266461370833657 -2.8746802424031617 1
-1.125979162948978 9.493472231259478 2
4.549389932146521 0.6864072764057938 0
-0.9016881833309973 8.681054364038634 2
0.5283375977879636 2.958151506081441 1
3.7021444929143255 -0.5059669266361603 0
-0.21381674849216326 9.438219466451017 2
4.237006583698813 0.757549222928029 0
5.520152738469371 -2.591845122247342 1
7.1750378720777 -1.0560876838156432 1
-1.223563207002976 -1.7967320035939376 1
-0.677664028834607 9.207531564565164 2
-0.8142773835982937 9.798864763726177 2
0.3798665548722475 -0.4925350519386176 1
2.0132638053738874 1.668116764432812 1
1.4152851204295063 1.314880895341328 1
5.740811855551899 -0.6420280266671237 0
2.564913031582475 0.09193057968093099 1
-0.6215198227181129 0.19445634598220907 1
-0.24564208248802044 8.663720732357179 2
2.399649514552587 -0.4245308520728566 1
2.0951596057153745 1.896218479889944 0
3.815803454888553 0.766798240461858 0
3.6337194121956653 1.2459239622346887 1
-1.2385459926372988 9.424283494540603 2
0.03230271654028272 0.4888826521848675 1
-0.8191892143268733 9.240340499723004 2
-0.07569530854400597 8.863096715045403 2
4.621547661986187 -1.2926491303379992 0
-1.0899274059824888 9.422993162603817 2
2.4591777560674535 -0.18176882332825567 0
1.6584763572097379 -0.1866796414219018 1
-0.6466038543372818 8.896539524769699 2
3.2686860733046075 3.359664755239446 1
-1.071863527034029 9.238583807875495 2
-1.4712623355969336 8.950509673398368 2
3.2219053647143383 -0.3572777632323244 1
6.906906226561344 1.3241158935485642 1
3.6727757719026135 -1.1728943100963465 0
-0.3603202954517344 9.52638617336268 2
3.321192735938677 0.5656188762769816 0
2.7894322496949377 0.337662127550429 0
-1.0440909594666177 8.866649809026413 2
0.13899466576880448 8.995676829366825 2
4.522170751526458 0.11160013861439733 0
3.507601502011032 -0.3782554110524363 0
-0.30586131089257307 8.389484632035222 2
-2.6557503839709735 -0.9253194275969738 1
1.4431631032434473 0.859481317681634 0
0.7576900469079153 1.166276168996721 1
4.037588835861058 -1.2716327000154357 1
6.440500406621921 -3.863970198607198 1
-2.3904717488311595 9.9049468673373 2
4.887826359572116 1.1517475988631953 0
5.465328683638158 -0.5271589370927323 0
4.345827256942997 -3.7649894239784167 1
-0.6517097261496128 8.318075432698082 2
-0.8065146822821095 8.914161955466179 2
-1.0607374985759959 9.342344323799297 2
2.679680052258237 0.7787750409103235 0
6.022306746457507 -0.4057059660344461 0
-1.380342713872354 8.49139509793726 2
-0.5986515942902163 9.991121998723786 2
3.579440454581381 -1.0189707466974878 0
-1.0107433640972263 8.746666498961408 2
0.360821825305784 9.035116003184985 2
2.666853928845431 -0.6418423818747435 0
-0.27611156747568133 9.681639216407113 2
-1.6980406078673131 9.51475744645442 2
4.97506780290861 -2.8588018725551874 1
-0.1958930846734851 8.900071655276461 2
-0.2516752690136569 8.910686851287624 2
2.639686180681234 1.9568055390144625 0
4.612051105599528 -0.45127465547257883 0
3.2552362385773113 -0.4859191744960841 0
4.0174679500499355 0.334655111198779 1
2.81065336057521 -0.3620254523207228 0
4.651459230049403 1.4369396043204294 0
-0.470303789969667 8.279015230490126 2
4.8049821283622345 2.013353777789078 0
1.736078483197403 5.063168014367278 1
3.765575208852997 0.23142370316196254 0
2.7378089563248706 0.9407361358310348 0
-1.085373856201121 8.43832011693575 2
-1.0090098499103837 9.720047624922142 2
-0.4961446438103591 8.703156216305224 2
2.9411096887423374 -1.182781789633271 0
2.775956104052134 -0.449033207489963 0
2.4753398594162492 0.24071359649306637 0
-0.5231324280365105 9.415433897389228 2
0.697708775927065 0.05949392906702533 1
-0.4083098242113573 8.328698263908358 2
0.2577691516618872 0.7379810101921944 1
4.12078413979393 0.8891883941254664 1
3.907404153533077 2.519996277511104 0
1.7493510862278698 0.1092719299779652 1
-0.2715402933718093 8.187579299652159 2
4.221137521958356 1.13156621949202 0
-0.10114615714691577 8.972035548413556 2
3.8218767394662705 -1.0840642332282437 0
3.5219888841271767 0.516441463596093 0
4.7340425824410355 -0.5260190434754985 1
4.167381219872937 0.40499704399892095 0
1.5680944911785244 0.9417560980803239 1
2.4049348380871183 -0.04926292507234903 0
3.8621608507474234 1.848954431396454 0
-0.46490815740825253 -1.9345712702316709 1
-0.9704900096872225 9.053354477928991 2
-1.124724764073422 8.563784957161005 2
-0.38857254017607307 9.262293748986037 2
-0.34537297015102814 8.659652501546509 2
-0.7450288485103829 8.367545097360704 2
4.473657555821926 0.575256361242029 0
-1.6980743544941244 8.956732285692544 2
3.3277999614960976 -1.4892625922995606 1
3.64682959656857 -2.954675639786481 1
-0.4311761888444563 -3.588995879972824 1
4.197664059420088 0.5766495345310525 1
0.25190426396228593 9.287103058646808 2
3.3736056298527495 0.1575039764395813 0
-5.863732234299805 1.0948215237746877 1
2.1502061882660084 1.6356649600461104 0
0.5071145537995689 -0.8688399646167064 1
5.1285402555485256 1.0752640266426217 0
2.4341655620421743 2.406941300588097 0
0.19081114753722317 9.026627205186132 2
0.27754936349068515 1.923022904873704 1
1.5361446333448905 -2.37220051439774 1
-0.7115217383354848 8.66189252845302 2
-0.21454734744808912 8.79404043557709 2
2.7436200885733117 -0.6013383920333321 1
5.164547656612225 0.22068238105081417 1
3.480886950642332 0.27346448402213186 0
2.5405406202341663 1.2597469074577732 0
7.048391547324126 4.240567245817718 1
-1.7054199307477989 8.811955440576622 2
2.7623565261921526 1.4405503656326877 0
6.10427280849208 0.523002203112479 0
-0.21325082297409437 8.363395221880413 2
-0.19379002631391418 9.45907225397948 2
6.358953923106961 -1.547468641660064 1
-0.13844136796914075 -3.323876215254879 1
3.4946530437677352 -0.4696676757043885 0
4.99766298033614 -0.5404332294769985 0
-0.4772211635726824 8.741730439554424 2
4.054037092415521 1.3605553930978573 0
2.7934669163383816 -2.0783529268102265 0
4.109921907571679 0.9360987502249309 0
-0.342046694393845 9.044146119684898 2
4.355270713385916 1.336016440290127 0
3.741671252200832 -3.5276002819295997 1
3.918158264909657 -0.1634339092182983 0
3.378087507084269 1.5845453765012039 0
4.275910586387851 -7.890416406277715 1
-1.0775915180001367 9.222259781584233 2
3.8949095222755936 1.54341889534079 0
2.693368239879106 4.2025497030606305 1
3.079065174657949 1.5153941834081521 0
-1.1319311153118399 7.988020228762205 2
4.15257273482106 1.4194889820062737 0
5.3745449415939435 -0.6213692381939582 0
4.243743023068867 1.192794411064051 0
2.303640690604388 -3.535242302735795 1
2.4812110590592074 -0.3004691932266015 0
0.1474220423624708 8.926205541854277 2
2.802602745941112 1.55865069847829 0
-0.1275725346014438 8.88169031612348 2
1.4484098371864227 -0.5219864907553823 1
2.7311585025871206 0.6085165071774392 0
2.529932175096269 3.527541935961615 1
-4.244134875910257 1.0600738087295605 1
-0.7586830719010567 8.650119125669923 2
4.953824999611616 -0.4615924453743623 0
-0.564462374247361 9.191236458108781 2
2.2241513598013376 3.1207467243065095 1
-0.9767114589719998 9.438643704172526 2
-0.7942617730420153 9.329801725846513 2
-0.8946891684732975 8.504387275014942 2
4.899249148764506 -3.522595463112224 1
5.9154030526646615 2.1324739495976317 0
2.780409676108639 0.7409069880875612 0
2.6547554063341012 0.035829914618708325 0
2.4342570189828723 0.5419370567472295 0
-0.5839022101471383 9.450810862334249 2
5.90318735598434 1.3961206009863423 0
1.9754607836660067 1.0227661007539512 1
-0.9853809229416319 8.712568430873317 2
-0.6251116691116205 9.313053323987958 2
4.341811826416467 0.9461717395914846 0
-1.0014134617532229 9.479561250512965 2
-0.3988512453045233 9.729759441734274 2
-2.1962419584092094 -0.2966268461111522 1
3.934370323970817 0.12055118762914563 0
-0.2747962065066245 8.749902018635881 2
-1.3084452057771276 8.25683279769991 2
5.429578582618368 -0.570297223356544 0
3.2111077494062856 -0.16799487809388713 0
3.104798149125137 -2.5404256093029733 1
3.971584113181521 1.3934888872603723 0
1.7033018794307249 -3.008074469668732 1
-0.6367427489384573 8.772041224247703 2
-1.689942359223131 8.939097994683332 2
4.801549308011204 -3.5113889789054853 1
2.3919037646308565 0.2908453091976997 1
2.4168391230361603 1.050968853201912 0
0.09703686016449897 8.721795401873598 2
4.03923458119643 0.9497080279630894 1
-0.13562366045069196 8.92715839158877 2
4.730746434679184 -0.36577469370709925 0
-1.4864122804727822 9.009455015528385 2
-1.2978677092024309 9.627910821196972 2
4.021850478402898 -0.6704246526594637 1
-2.8127384788282175 -1.4593072915825198 1
-1.333596417550107 2.2828184432754335 1
-0.10793033530158136 9.684532621963807 2
-0.9479763995614388 8.455105389807956 2
4.070135244626901 -1.321471561647341 1
1.8321241478424042 1.7479137595491003 0
-0.7233744415692261 8.728673487729175 2
1.9420592819124527 0.31332216448613814 1
3.422895358077887 0.7320209922266683 1
5.056752053920489 -1.109551307149097 0
1.431699282561425 -1.5073384183291203 1
1.6914000268353666 -0.04647504996815488 1
4.554486342808168 -0.3515857630171264 0
-0.3401226543852953 8.722802404741788 2
4.7701379624794376 2.3188680566440527 1
-1.2678292485227394 9.553356715808903 2
2.2687779313001135 -0.5862672506882184 0
4.524033095992393 0.0005662551183174824 1
-1.1811260162752593 9.22756733249969 2
1.8632818120307966 -1.6684310429454068 1
1.6109078015868454 0.25081253899945644 1
4.291034232630885 1.1290839421758387 0
2.5434229683002147 0.9243741867500287 0
-0.4121275306898596 8.882482308655366 2
1.9296715439600989 -7.406569790068206 1
-0.8582380522036265 9.483208033030674 2
1.228521588057762 1.9730857775847745 1
3.634036432041425 -0.17699432752198657 0
-1.0156305214366312 8.923712803336745 2
3.221307448021135 0.14908565473626734 0
-0.9377825756881729 8.391317543317337 2
2.982971074551859 -1.222922169080456 1
-0.1898167741248693 10.118427497366076 2
-1.8750013576599522 8.327612273238058 2
2.8622968227637196 0.024639801251836263 0
4.401514412688847 -0.417785001314529 0
-0.3273225471193697 10.238986705137728 2
-0.968150086238189 10.127582885264692 2
-1.1422596932691567 9.844720684528328 2
1.1844370674566682 -3.665995063668288 1
-0.24836332045551002 8.986324423102504 2
-0.7257627260452699 8.981915825036198 2
3.7812874583218403 -1.673535750699363 1
6.621506563500393 1.6212084534348161 1
2.6854014574955523 1.4582042783169857 0
4.290818483279757 -0.24613748931202692 1
3.6030753083704754 -1.2372904233787598 1
4.9132549537867956 -2.8264194846711868 1
3.6350526384905275 -1.3225324784039094 0
3.7302489434317945 0.451625188942379 0
6.9740506425405275 1.3683686266116681 1
-0.46003707701519403 0.1564680459164538 1
-0.4887538296602609 8.528997348629547 2
5.899749060620291 -3.779462024566987 1
2.968266058415657 1.922605967675675 1
-0.40071628641331186 8.383233760675347 2
0.00794239800333596 2.8971057771958284 1
1.1860118709218614 -1.2527136824717042 1
0.44586301056922006 8.711774117642278 2
-1.0763927558501836 9.216723999073459 2
-0.6046582505549093 8.85242559975951 2
3.3709599927884963 0.7520213784473667 0
1.369714103671554 0.7821547009739926 0
-0.6728558252725452 10.461677315327092 2
2.427038807011991 0.4123237081664112 0
-0.42917897365493024 9.132867126065253 2
-1.4254129957875996 8.927890454992403 2
2.3215555284626532 -2.09903234241752 1
2.4347314389438495 1.2306240698509736 0
-1.035579073046234 8.580069717953053 2
0.3484917862025827 0.9441727489595084 1
6.050512864835259 -0.8238157460554416 0
3.6409054718226397 -0.843143106285901 0
3.4558866238421184 0.6441108116695051 0
4.751438901073831 0.65316004868389 1
2.1235480748574034 -0.029018887023286144 1
3.284497614465446 1.7156811004477268 0
-1.1673901156948117 9.445846588109854 2
4.475786667788373 0.5099448049846738 0
2.757236609899227 -0.035285572801867116 0
2.6597733176405196 3.18180997783841 0
-1.7441172556152065 1.388481195447744 1
4.73264199781589 -3.537734740472716 1
2.674258423412942 -0.11127719003425396 1
1.4375201650228433 -3.1812104261777074 1
8.731848262349606 0.7406618063074377 1
5.021060951592121 0.9019243571497377 0
2.9931226185474014 0.14274776186163501 0
-0.9137055365775841 9.053773468877152 2
2.2144269442802456 0.026236137307525942 0
3.6800400564761544 0.0913237603772662 1
4.466989823245297 -0.32746316081822013 0
0.007303286794212216 10.089587298744194 2
2.740350645551196 -0.5615804088051625 0
-0.8182289925191386 9.006607427905552 2
4.589101033739549 0.7054813659680985 0
-0.09080109716013185 -2.7438031655496644 1
-1.1849214096341953 9.17520655022111 2
2.0098306250045312 -0.9643688545907646 1
-0.5429259350664779 9.703691231507037 2
-1.6172238900958775 8.572363560876637 2
-1.0118189479460193 9.336531148193888 2
3.912774859938639 -2.576718587866968 1
5.34342754874172 2.6538110928666105 1
-0.2855529489304899 8.705143321834917 2
4.7857674848616405 0.7932201757895949 0
-5.771169886981468 -0.9014071193542472 1
2.5961145170583824 -0.12376100205010276 0
4.414538455964479 -1.5650630823450287 0
-0.9540453262470632 8.611180477264213 2
1.0874615894469886 1.202771444783708 1
-0.13310307270046307 9.110676212229528 2
3.50569373969576 1.2025697140870304 0
-0.9994164165240201 9.506798385306721 2
-0.9081678796577201 9.61454574628367 2
0.0432814427098952 9.65502383113974 2
4.610057850871094 0.05293669443955393 0
4.895824036138714 1.9201461688783645 1
2.775782068916079 0.12416563680409179 0
-0.9932440432930966 8.692817497772088 2
4.216291623007708 -1.3499933551393022 0
3.3562080064428708 -0.8311642980772844 0
-0.7947093301474892 8.966290792271977 2
-0.811767514044701 9.363086856372691 2
3.1477775445511362 3.154637304139349 1
4.473849495790882 3.0530332124120942 0
-1.0598559114900383 9.76024509170826 2
-1.7270427855606738 8.731695655901762 2
-0.8199737105363046 8.716981102773284 2
4.452417217800603 0.5018767104976443 0
3.9586624763998226 -4.526369186132916 1
3.147521392521999 0.33767861722149617 0
2.7615590789261453 -0.6106821667688498 0
-0.7420153981769766 -5.310355736333997 1
4.543676664622798 1.5834202860726896 0
1.0498233853542378 -3.6318662233441055 1
-5.229452974389353 -0.5509590346740189 1
-0.7758653909598717 8.906859448050923 2
5.361518491413079 0.25097505411385224 1
-0.8021669759637513 8.495785084275301 2
-1.010514841125684 9.05322248305578 2
-0.8003389699181562 9.409353192210085 2
2.239248429973493 0.6642476908156189 0
2.697616582858612 -0.43637341207973585 1
4.615027935210826 -0.07016286658029292 1
5.714933133284894 -0.20335780493253758 1
-0.5934347265412545 9.063614583044203 2
4.659185778994096 -0.04901881879106862 1
3.8145993700284495 -0.5943175156777217 0
3.974086944825444 0.2563080464650487 0
-0.6298117441781319 8.73131715858336 2
3.093432556076288 0.49389188022051933 0
-0.4817924633531607 9.141395629498309 2
0.8217277076310934 2.448154653810538 1
6.767403489446276 0.7602236388154404 0
4.987036026583982 -0.656920238079824 1
-0.7200513194840015 8.642947279864407 2
-0.8365205676325961 8.774071822495232 2
4.371879773084069 -3.5626397703362667 1
0.8399247106008645 1.589795109613822 1
3.142523939670632 -1.2685618589729923 1
-0.7237210708056319 8.598947098088548 2
3.333288785266481 4.617446242956207 1
1.1993622765946679 3.264676194088816 1
2.2751610235479056 -0.8971204177329688 0
4.490631330309687 0.6106899721128409 0
-1.86156331822479 -3.038593917150634 1
2.0809203497277338 2.910254723516494 1
-0.4851185760195556 8.959595806228169 2
3.197776169155497 -0.3162145125793814 0
3.9766018108000587 0.12176256870897662 0
4.985934118943362 -1.9517960793774876 1
-1.2315122402102596 9.606573948151366 2
-0.2779823347877597 9.42663912697333 2
-1.204956681830793 9.079204007301053 2
2.2209386365678294 -0.8912063715061198 1
-0.1500676265020775 9.175025706854315 2
1.367270848475667 -1.596389586790154 0
-0.8279161231170689 9.055957697289312 2
-0.8142518134945611 10.038653318724345 2
4.724281336001479 -0.8455151664866334 0
3.471188052533778 2.764469656777439 0
2.9792762525869794 -1.434521139773433 0
-0.13349836449906682 10.512238263988577 2
3.798116944880072 -0.21542262307767618 1
0.9331792163220349 -2.181646623863516 1
-1.9447487092046214 9.261090269575172 2
5.538834254593738 0.14350685468955288 0
4.316776518071106 1.170230423663906 0
4.3706117750239475 -0.05485239530719177 0
2.7599440039589767 -0.1668702636820032 0
2.667652864685396 1.1032014469989853 0
-1.5744992856906954 1.5735114500832927 1
3.5181661397018718 -0.9277727786268524 0
2.95907464365275 -1.525408826283183 1
3.1002042257989344 -0.20000749994659406 1
-0.7343064283873848 8.93969718170309 2
-1.20897071580645 9.157851880613213 2
3.9353100203897675 1.170895295016389 0
2.510980463004101 1.8902761940063406 0
4.964131124059023 1.1816499076445623 0
3.673267017305749 -1.5107539472068856 1
3.7192584915196774 -4.4964982419099115 1
1.9252702431968174 2.2881602199575397 1
-0.2941147046432283 9.78343483206873 2
-3.7986206727071226 2.0059388632533572 1
3.996147485114087 -0.31169058230685465 0
2.010460749213896 -1.124742896877749 0
1.761289548238399 -0.22044390703755395 1
-1.0392065860907012 10.04702124499461 2
0.845314224763619 -2.2644045637579095 1
-1.6457705063260155 8.6576820870526 2
1.317325998430595 0.3896505663266868 1
4.330505310997302 -0.196373997169266 0
1.6301169135922722 -3.4966151572151545 1
-0.7392994840293371 8.282370157750654 2
-0.7642993148540758 8.957840580162229 2
-0.652947289491251 9.095961053315424 2
-0.6706186952054388 7.868602861684797 2
3.966361886892096 0.45180451096075863 0
3.3773182856165036 2.710493514710437 1
2.735465785447473 -0.24629497610557877 1
2.394516928419221 -0.19577899903222568 0
-0.9000106424177136 9.592388013477054 2
-1.757837389939481 9.269657996006908 2
3.7187779924404505 0.6839205371094463 1
-1.4443333051308107 9.074152711950747 2
-0.49398971167607186 -3.428517041736688 1
-1.3967564487273076 9.545628591201506 2
0.2348469794098691 8.61210655524116 2
2.6023892892349867 1.1739773607947173 0
-0.3196213253991166 9.76408397212425 2
0.13133224517470488 9.866217858548941 2
4.243071387163821 0.30775747145634125 1
-0.17627329705313377 -3.648428406303621 1
-0.6624696379354138 9.064304644830255 2
-1.4021571339997838 8.760021133788378 2
-1.0471883264501725 8.234267182920213 2
3.4993406312400817 2.120504766331525 0
2.647644089626527 0.05468364251009086 0
