-0.21392166600551493 -0.3943357348969903 1
0.40742599995398066 0.14464079029243662 1
-0.5709476004461425 0.4287393610233785 1
0.5369065879440171 -0.795052209004876 0
0.3950840343607442 -0.9138123287378295 0
0.37694515175279797 -0.13210237677043157 1
0.5022892134667192 -0.3750102189136854 1
-0.1236010420733078 0.6162042366157301 1
0.3885737313806681 0.9504472354989317 0
0.9889739836881568 0.08577115726281243 0
-0.1828215185300433 -0.3601107799425495 1
-0.42911918923429937 -0.9812842406169999 0
0.4864807267529651 -0.15307654721214545 1
-0.46889727323211466 -0.9060528413010142 0
-0.6883405388412603 -0.8239015979281306 0
-0.45240159021219317 0.08599250450099309 1
0.28090240859165394 0.03973281785660575 1
-0.227414004873398 -0.5174545817250855 1
-0.4068856180246392 0.8935546242786437 0
-0.5237918228232837 0.030644283108573235 1
-1.039895913770969 -0.04239406097674479 0
-0.36291814332152894 -0.2611927743605881 1
1.0865697085387547 -0.39302045886377024 0
1.2093807291786995 -0.2706589657849121 0
-0.07107457607999373 -0.3666595257351346 1
1.0911425981119784 -0.08261011044284938 0
-0.21624619061310413 -1.1117632554355943 0
-0.07354643889831991 -0.631734866310834 1
0.5482086452774299 0.7524051358662854 0
0.8210897655544331 -0.5079366919190539 0
-0.08535713049287909 0.485858827581168 1
-0.36688859156564835 -0.20272070116372276 1
-0.15999856980860627 -0.5098105427228153 1
-0.18790918332131523 0.3624008807193873 1
-0.5352816588636762 0.27321801931176704 1
-0.31952271764446144 0.5635137064562641 1
0.3052011918095845 0.2979795607526941 1
0.06790505853423602 1.0553302811391176 0
-0.14054777704538263 0.4653285925221792 1
-0.3703383285523385 0.8663885432827418 0
-0.8909131682121868 0.7657735918978072 0
-0.791757681007132 0.7673180030988569 0
-0.4446087717639574 -0.13160219111335408 1
0.30538434066299225 -0.2708264294665452 1
-1.0029983516773973 -0.0900123604321766 0
0.11194249429226816 -0.621814267510727 1
-0.7547900421924446 -0.7459684929733442 0
0.15461244597222212 0.4413622314029817 1
1.0216174350242817 -0.25708380245312873 0
0.5303623236993439 0.11500921541139848 1
0.47552174885537546 0.15999329418969604 1
-0.06305061457584218 -1.1551852122306179 0
-0.08954952280293253 -0.469591771466008 1
-0.9270507891048422 0.2682500026935576 0
1.08027704659883 -0.345391068895194 0
0.8838083264205782 0.3177073667055029 0
-0.053474455180636135 0.8308425710404788 0
-0.13499060640022242 -0.3790184987301171 1
0.42386006706843526 0.1814688446779107 1
0.5259700362919332 -0.32237313018996017 1
0.45692875041346287 -0.9423197240140179 0
-0.7968839598544292 -0.011801262715911531 0
-0.3702588111002397 0.2715087024541699 1
0.7858424814220892 0.45288447537676635 0
-0.8092947957529416 -0.729728312111663 0
-0.3708858013726639 0.784795977745419 0
-0.2395333951025178 0.5315811960717441 1
-0.4224583143273416 -0.27222245921293087 1
-0.37754554620938596 -0.6293017485363659 1
0.9230027782603042 0.1924482416163 0
0.5705815654091652 -0.8471126995544525 0
0.4483447508425934 -0.375104905619409 1
0.9441290155823517 0.4554109354451088 0
0.5893080546960789 -0.989840205187002 0
0.10346711385702356 -0.7963439924994573 1
-0.30480823898846426 0.965425592538133 0
0.016737081996427823 -0.4915262931803442 1
-1.0031356788921715 0.15473433275743229 0
-0.9397235354784251 0.3312260860405435 0
-0.9045864285571775 0.30335844744832163 0
-0.22329325849988163 0.4086237293708847 1
-1.2918390364284922 -0.2907221923257081 0
0.8438027228421935 0.3153773802783061 0
0.8114010249483739 0.29151232857073117 0
0.5403741388360312 -0.8795251879692294 0
0.8522494209389025 -0.6451973458126978 0
-1.0118361786956207 -0.42403020254501234 0
0.10783279894455772 0.3762525290976153 1
0.5868500921409169 -0.13444786578154316 1
-0.5322981403732453 -0.006710344893152184 1
0.4163936157068803 0.2612348237617624 1
-0.9677243835679066 -0.32198601800961163 0
-0.48557350170377855 -0.4223398108570575 1
-1.0401805796573573 0.2888915541657745 0
0.3993361935216597 -0.2409927585089696 1
0.11968938396310312 0.33225169143122374 1
0.46711331107218357 0.35016697523054713 1
0.8809600314531097 -0.09372455826034305 0
1.149714612697208 0.4850282668690174 0
0.360861941301728 -0.4093144505760299 1
-0.010795676892271067 -0.8619633500895524 0
0.31476619192515143 0.34398061254793444 1
-0.7194077952278972 -0.3640949936206793 0
0.7733430067710221 0.6979372566958822 0
-0.42124285828403485 0.8161148177531368 0
-0.7716671987570713 0.3029557259676321 1
0.3634323287072029 0.07957349984598246 1
-0.9332168683424501 0.13203394726495316 0
0.5625956961601664 0.10829551865050943 1
-0.14749027662519348 -0.6937729378078675 1
0.37849645499776147 -0.12176343962563173 1
0.06760182789536086 -0.9952945552040952 0
0.5063053649437453 1.0651406740424934 0
-1.0878625948235199 0.09520694416073529 0
-0.9125697456954601 -0.508031074373517 0
0.5777875852887664 0.2420381143135718 1
-0.40749883001176457 0.3613244632428911 1
-0.42279427855292784 -0.2357964746479479 1
0.22991249303160458 0.49558616972283215 1
0.9957583678249736 -0.04893952429689661 0
0.397236918356882 0.32768062100976714 1
-0.34413004009177883 0.31164269416691304 1
-0.15843986638314647 0.56235473790112 1
-0.17501227952943207 -0.4261352463182113 1
0.5664175015043063 -0.00882884807857845 1
-0.3834482070047185 -0.2312467191797231 1
0.9058853864573486 -0.49269337757155174 0
0.15263865022378964 1.1298018411459154 0
0.18439131563569483 0.5235557429786667 1
-0.09655041234876967 -1.1196053067510907 0
0.4564500214664478 0.8382628955201915 0
-0.021584560755375487 0.42245233971971524 1
0.2777224251352127 0.8590638890755671 0
-0.371330975767986 -0.7313840435286864 0
-0.47310798221148453 0.4034372136129156 1
0.02819784290133356 0.632763021478033 1
-0.2878798537260415 0.4143994081292518 1
-0.41332020733385244 0.21564041109660897 1
-0.8520455850620389 0.5767372208110413 0
0.3112490902663396 -0.6025922323066147 1
-0.812465839621935 -0.516326508601822 0
1.0891200979019107 0.0027154430056022805 0
0.4151865944355919 -0.4650915362757411 1
0.3918925845848559 -1.0152444506152896 0
-0.4946676600254537 -0.26612381479412106 1
0.606115421458957 0.7869402687428501 0
-0.0839510802937053 -0.4506730454968056 1
0.9015340366457217 0.3984226776953834 0
-0.49557594894571927 -0.7980305725466642 0
0.3849276159351629 0.8268369534474899 0
0.4009262815763145 -0.38253057386878786 1
1.0435431073852932 0.14344979198310726 0
0.016289298070418512 1.0192107693323453 0
0.5400285476387056 0.9229005203456636 0
0.44085768067363085 0.9628080402757713 0
0.8546264336948437 -0.5032113788082712 0
-0.12636381556824655 0.822249009038875 0
0.4489335742017169 -0.24664434476640396 1
0.8924623282279505 0.3785149737933715 0
0.23321057824581168 1.0015515732483689 0
0.2389804591523257 0.49260458464829 1
0.9785335827480387 -0.46233459439472063 0
1.0479212221791987 -0.0031911170624594025 0
0.34372145196079973 0.5427459316541617 1
1.1256771377995785 0.017333136103864555 0
-0.6720065522224459 -0.06559432595627207 1
-0.8570968300193331 0.4594993642303818 0
-0.5760453984830274 0.3202666347666912 1
-0.5599263906463798 1.0495800987910748 0
0.08337727282186486 -0.37457489253368437 1
0.305750797568941 0.15598336627702042 1
0.4505855692039123 0.04550402072026022 1
0.6781329157961181 0.7458656431001447 0
-0.42068600329498596 0.4101716681806772 1
0.7003764077898343 -0.7272273893902508 0
-0.04046144752281358 -0.5844048908243318 1
0.7149459810525604 0.7016723784135442 0
-0.49205579032915264 0.2894391471049066 1
0.39423651999791776 -0.15216099756833096 1
0.12423584248586446 0.5002187946064846 1
0.38433504484407277 0.30043571567580635 1
0.014596746299791692 0.9506340705784017 0
0.48463081624968074 0.3270507370979402 1
-1.0457975787543434 0.27153656140556737 0
0.5461459720223036 -0.16277536058349962 1
-0.44942326615595507 -0.45162061110015306 1
0.32114742453148937 -0.8318160204631713 0
0.4048921850105414 0.2254088796292606 1
-0.6563264504081808 -0.057292569649012054 1
-0.2937260275873003 -0.3116772261403037 1
0.42829012548185746 -0.16883482724595725 1
0.8987939957946238 -0.30443800157302375 0
-0.24015962261589482 1.1057323748399768 0
0.9681979586949528 -0.43351779675969093 0
0.5049974446084361 0.0634977082647497 1
0.5548211513358977 -0.12009080952246842 1
0.8162458419554925 0.5772132612795017 0
0.0006556309342360678 -1.0062447301155275 0
0.8535584823255237 -0.6388985442264322 0
0.10182498174237267 -0.6078867750438635 1
0.1610808774974376 -0.6627492596202664 1
-0.7937540496662674 -0.05590805779912443 0
-0.3458632875714033 0.20944253105965357 1
-0.1675148079440968 0.5167717868173565 1
-0.9829423706866817 -0.008343239145051806 0
0.4233293565317138 -0.22776836023389538 1
-0.008292805158903974 0.4341173994778596 1
-0.2083345771500689 0.40211753299597114 1
-0.7926827585285454 0.33800171408037083 1
-0.056925155035420096 1.165405716818788 0
1.0072241293548474 -0.07343563915670928 0
-0.7334468356261898 0.6217176764546298 0
0.24369114867956804 -0.9963573078575131 0
-0.6671236589717858 0.5391991552786272 0
-0.2796035697167632 0.4911780093600369 1
0.6897636868489514 0.9245802243420821 0
-0.5289951458815361 0.14694431820186582 1
-0.3881486015219884 0.45260729825585266 1
-1.099969843418396 0.2962015058045039 0
1.0161765284765725 0.1259718395341226 0
-0.40042420349329955 -0.137357843981248 1
0.9578144170362721 0.14814453095042013 0
0.9913522063848397 -0.36537629548677064 0
0.23464886035259325 -0.33457439490214264 1
-0.7263935269376744 -0.28537540171161957 0
0.7511491724008176 -0.4673802370008706 0
-0.2611144998753534 -0.2724498396422843 1
-0.557604187591746 0.04347576546610316 1
-0.1989044777587493 0.9538413357882137 0
-0.23366905901372312 0.5336008831578813 1
-0.4840547532616766 0.15625286595568594 1
-0.44950329675409295 -1.0475085411327425 0
0.38088778099205123 -0.3624907804369975 1
-0.4739343624392608 0.8173815317659362 0
0.7226365241384768 -0.8496354025394122 0
-0.9982675906007882 0.3608883469251188 0
0.30823570828372104 0.09649551512066316 1
-0.03782471751112808 -0.5099581528298344 1
-0.45682692578022355 0.2574315522362153 1
0.5752321508610336 0.9210166698369167 0
-0.8422130948109107 0.5442563680246858 0
-0.14247195717445632 -0.9885499661043604 0
0.2414865716438297 -0.3904832416808558 1
0.5569840056148436 0.8930967800744214 0
-0.14620491198131683 0.444543295541042 1
0.16721353276403375 -0.5862940563488812 1
-0.6992718068928693 0.7701837853468614 0
0.32623544289219103 -1.0086797816164899 0
0.07392637498417542 0.6186889273015985 1
-0.00425141416593057 -1.09879175522325 0
0.4943447500745179 -0.08531410039667683 1
-0.6224735099104314 0.6956432344579768 0
-0.4712232961365138 -0.12727933002940883 1
0.4989796293155463 -0.6357885163043475 0
-0.8849648019413193 0.6186413400404779 0
-0.760992802445055 -0.5733573492938897 0
-1.0892645428433414 -0.028102889172056958 0
0.07944691559727546 -1.0691076870283613 0
0.1817660095323846 0.4307024900775276 1
0.29325382453840754 -0.38067024231325686 1
-0.6692726224586233 0.8474335230515447 0
-0.1499247621085197 -0.43622607428402616 1
-0.46982607886413685 -0.7585754791534326 0
-0.8760634270690371 0.08068185638902817 0
-0.810720683367884 -0.5159111776431492 0
-0.30509793725399087 -0.8035655087549842 0
-0.0732755976163793 -0.986320478176176 0
0.2876401014438065 -1.0183051077781207 0
-0.26101851703344814 0.4118829672899244 1
-1.019286280915143 0.03778720279165437 0
1.0549312516905003 -0.2604584941750071 0
-0.3000595417773321 -0.32237231828411494 1
-0.2073584045453254 0.8797052414409832 0
-0.19881468872234642 0.5540109945584903 1
0.4818072760802609 -0.43161243765525903 1
0.20144464740414053 0.5260249506981715 1
1.1236767344105043 0.16886985923279363 0
-0.3975136726185087 0.22050649502756894 1
-0.16872642006683816 0.32920983875068593 1
-0.3574470032320323 -0.9527404074935999 0
-0.4710086923426742 -0.040779392750250644 1
0.558361582428477 -0.733666554498927 0
0.4712973092914283 0.8647116885141144 0
0.4222325885259036 -0.4352910264245897 1
0.9524798160630706 -0.5357232720465872 0
0.4052328437621887 -0.09975404330517354 1
0.3043086085001746 0.8533718149330013 0
0.23191655300875752 -0.4043751491174318 1
-0.9779196318604587 0.2934286679332252 0
-0.003023973927848221 0.5147461105865268 1
0.1414286129098569 1.132157851631318 0
-0.3022181718245521 -0.4080027201131696 1
-0.3734307699395877 -0.20199985135203538 1
0.4363271682035019 0.534230552537506 1
-0.8885643664339091 -0.6649373348616575 0
0.22570424808751116 0.9725930701283783 0
-0.6640133329452027 0.6961574655511524 0
0.20813564821671543 -0.5573448304387292 1
0.31060409913379045 0.8291153784941561 0
0.9414866709525388 -0.23620359305619346 0
0.3893977435057313 -0.8205577759222085 0
-0.4893255789365178 -0.18440818731846473 1
-0.8635766628537345 -0.5006114858780181 0
0.5026823155812734 -1.0001341994880786 0
0.11926997176156763 0.9818932582308763 0
0.37700189369111486 -0.45220846133222764 1
-0.33390447127505585 0.28957079001852337 1
0.022632756878051583 0.47755716163978534 1
-0.4872561534911588 0.1756637658123319 1
0.37894404652788305 -0.05325992603251786 1
-0.4638354984251513 0.1501822290970294 1
-0.6057561899712693 -0.6246511144875844 0
0.38373467294609864 -0.3339687313480246 1
0.3969253255838636 0.9158312757173741 0
-0.4272519430227645 -1.0091294999016531 0
0.32754372638745183 0.4845567961631697 1
0.397719530264112 0.7953341177001958 0
-0.25603992955936994 -0.5281440809134832 1
0.27624209949894796 -0.5422105857656901 1
0.534619629263062 0.23515968995702963 1
0.498577435985529 0.06662017683756846 1
-0.816609736373811 0.6587134577301356 0
-0.21057513281376067 -0.49021217156977726 1
-0.35149023375060784 -0.21700892745177044 1
0.871990529831728 0.35342980287725356 0
0.6132749066282883 0.16251222074835894 1
0.29050884547142447 -0.32026917691995543 1
-0.480182709207021 0.07199150153756231 1
0.059676231808756974 -0.45114998267673917 1
0.6731861956284281 -0.9613763191104238 0
0.9072998750092123 -0.13296905676603182 0
0.20379203651757133 0.36307152390044717 1
-0.6513580593290986 -0.8944042335871385 0
-1.032865490947196 0.3482995345653651 0
0.0955671340072844 0.4375297221781977 1
0.47414201030204867 0.33851430899403623 1
0.31339428126457386 -0.044555285388672906 1
-0.13780016050091265 0.7569470522541335 0
-0.5161768782137122 -0.2092949912973295 1
0.3400753854149043 0.40354169847337373 1
-0.336274079268478 -0.37667884548095415 1
0.12243667324068626 1.1678108358473658 0
-0.2557879568117015 -0.46536565793261364 1
-0.44523257422730167 0.8350150288723955 0
0.18853926053476439 -0.28747796211870214 1
-0.5760118911856896 -0.03073814585726385 1
0.4854817026207906 0.5624995881468658 1
0.32276894347697904 0.11049441022993614 1
0.9082917839318403 -0.12903577898817895 0
0.7712674921822722 0.6398217487692002 0
0.3112170630116603 -0.8281028568225601 0
-0.7518663227759281 -0.9822649351450975 0
-0.24647975896068597 0.34513040522923133 1
-0.4753546890556108 -0.2927168174660594 1
0.5518754040107088 -0.8769909049951117 0
-0.885716392004446 -0.1254995822185596 0
-0.7322269483783684 -0.7979033601381601 0
-0.3485721775859062 -0.8356138574337658 0
0.005578102047270023 0.5951607424857759 1
-0.8034859068253152 -0.5988372525974119 0
0.34448446018503925 0.3395274392464955 1
0.39519646010989173 0.9588508246204293 0
-1.0161393318812648 -0.5167968142160687 0
0.39849542547752914 0.24818028252279473 1
0.2817215960155031 -0.42924026203446164 1
0.5982145391982849 -0.8285539619990945 0
0.3523705559111149 0.4963971208442969 1
-0.5393655156935967 0.18892608154188512 1
-0.040087896186610475 -1.0006765498270704 0
0.26604344998323004 0.49570626535906015 1
0.24380515377749734 0.6654910280399664 1
0.7656661281128876 -0.4634625508909081 0
-0.1974636713660764 0.35538379042664825 1
0.7147684779686383 0.08007019859212096 1
-0.8255353968339747 0.8380686772316083 0
0.10286514292502189 -0.9302394780516209 0
0.3699741797982522 0.43256115225269004 1
-0.42829129463461213 -0.28048046182233766 1
0.5984857852148397 0.2182936971755132 1
-0.25807103374853274 -0.9973145835026224 0
0.9722671679492381 0.7825257150949233 0
0.8089131547022846 0.7918948287843061 0
-0.5722077476892653 -0.07568159459597579 1
-0.4754612710995729 -0.2618168422005426 1
-0.3064404785297344 0.9983187399963552 0
-0.8971784823099499 -0.3116452129421365 0
0.2574853027049564 0.49111000419110296 1
0.2162736655836549 -0.7979624655180847 0
-0.22615240352940613 -0.45321555269849495 1
0.3202824624883472 0.4198326957491121 1
-0.12785132867605653 -1.0547647724679445 0
-0.732116424421608 -0.5255985062773986 0
0.0967635945378683 0.4608866556756551 1
0.12276506870626089 -0.9787645045268109 0
0.9156856503055829 0.6532314969047834 0
0.0170523414253726 -0.2938310403860689 1
-1.1040759914095255 0.002572193781076461 0
-0.3849139818134466 -0.5696457912031274 1
-0.8215379262776802 -0.5927297142294724 0
0.0151150188547119 0.9019222095727477 0
-0.6635715276543168 0.8091787103763083 0
-0.19710594493436387 -0.36074779095203874 1
0.9629118780180742 -0.2400303092203142 0
-0.4299494895741333 0.29223047776951755 1
-0.916754218995887 -0.12449044799806643 0
0.21455119188945598 0.8787670931286211 0
0.14371993488503765 -0.5599015736289188 1
0.4654417306635526 0.016325110028892642 1
-0.45874153165049814 0.3121610688669891 1
0.4437147626645077 -0.7714695541752697 0
-0.9547250250024368 0.4223104439091206 0
0.6607734193412983 -0.6103601839552665 0
0.3704090100150318 0.07915316374345421 1
0.36339964854122614 -0.8392746032386715 0
-0.9178764123259628 -0.15962624199285974 0
0.4111197139480454 0.9060424510576863 0
0.16751360463912326 -0.3902489397767969 1
-0.4704439860579187 -0.06490946807517772 1
0.8055393090531388 0.6126085619200051 0
-0.902858543292712 -0.14535670102239823 0
-0.6432430627253339 0.8822237421519299 0
0.02887529001977128 -0.6175052148086045 1
0.018912542245918595 -0.6478743181896427 1
0.14001394901236588 -0.40904780779563854 1
-0.06236929308771394 0.34826010800472657 1
0.8778081421838893 -0.49031087526959766 0
-0.08821211816749966 1.1562741651455508 0
-0.3921558320581 0.033114111057443246 1
0.0518044198805144 -1.0466272995658896 0
0.8797999804008867 0.1313213988962211 0
-0.2018362917362953 0.46195297853658396 1
1.0213077698167894 0.10983528782993437 0
0.22757383438852472 -0.3382770976409529 1
0.30800124046787203 0.05067685523256944 1
-0.7307250240213795 0.7656790887146963 0
0.7783893456943839 0.4121981762758764 0
-0.334515792397278 -0.5027102846239062 1
0.24148861960166568 -0.8865930073632373 0
0.21952377731988013 1.0004432209710885 0
0.11822456112285909 -0.5685498819007252 1
0.3612404455169375 -0.25022915243986177 1
-0.2976362198911829 0.5051279157015449 1
0.33348517750735457 -0.11097399332191615 1
-0.06824089887299714 -0.5447615906261202 1
-0.1354447001563034 -0.5317192288763122 1
-1.102583354101709 -0.43078927636544406 0
0.24136949548671777 0.3962380544471233 1
0.8489994703382719 0.29499387160181245 0
-0.39845641960729783 0.019926193113021767 1
-0.6283108406728648 -0.7887885985716594 0
0.11463445016305952 0.5810049065228404 1
-0.3702351418164537 -0.21243541074563227 1
-0.03950906679349153 -1.0571490461187674 0
0.5044802452944922 0.10939889216715412 1
0.4217994654737482 -0.841731853101056 0
-0.41283122375398734 -0.4491001099097776 1
-0.9869549562057499 -0.46354247095168927 0
0.30612611544830287 0.23391927609676813 1
-0.2264178268987485 0.3688681097586385 1
-0.17474082461999438 0.9974118805097513 0
0.35318374765884514 0.005850742935831037 1
0.4367179891341476 -0.3528445032652198 1
-0.30779272058340384 0.7156194004378533 0
-0.7826321170893965 -0.6047023237620504 0
-1.0095001564050021 0.22313831499590953 0
0.3808330700519886 0.39186503355905605 1
-0.28955518461942764 0.40275056579932145 1
-0.8962468817496487 -0.04126414302158812 0
-0.322206669726914 0.2413225733406822 1
-0.1943777569293436 -0.9291152266761621 0
0.042858104962958 -0.5303316347050329 1
-1.0782503905021152 -0.10172920707337502 0
0.07235578090870243 0.38671002332810755 1
-0.12579542780516176 0.45393844561749586 1
-0.8969353118589366 0.7654093158479733 0
-0.7713144113441124 0.7441240201359324 0
-0.3795880057664013 0.7274665023899296 0
0.8723265509998455 -0.020721011564387486 0
-0.4957539541014528 -0.4429246223459786 1
0.95022626564051 -0.44253190279572757 0
0.43243665062028896 -0.08380992119043332 1
-0.49070179613345966 0.3055058149913633 1
-0.24929890854905484 0.5232479450508306 1
-0.9854222141883585 0.4281194843378651 0
-0.8899359855284519 0.8714371490023793 0
-0.33150083539558645 -0.4177086485628936 1
0.7408527739100674 0.6837554349692755 0
-0.5849365386606109 -0.11524476041583984 1
-0.8070383072437992 -0.7821622237945768 0
-0.03578568787145406 0.45104506575955433 1
-0.006169740755081893 -0.6281211362212463 1
-0.4515124069347296 0.8068226142526024 0
0.1399044205460922 0.4938172694216307 1
0.11108944485228273 1.0650436817238187 0
0.794129114042543 0.22614628036076054 0
-0.5596440114075242 -0.06571587968731296 1
0.8061616343325706 -0.7023880209851234 0
-0.7392285499248998 -0.821017282139446 0
0.4942126004461668 -0.016439204618726555 1
-0.6219945905855913 -0.8353546367660417 0
