3.4684113513731045 -3.3530049858229387 0
8.347253580643317 -2.537989927925019 2
9.958826262428278 -2.6996067701096607 2
2.7803018582567853 -2.4078305402035065 0
1.270944363294656 -7.01277851424774 1
2.698556404822482 -2.457197294164843 0
2.3698502075778096 -7.059180164226613 1
2.8507133341594666 -2.1335086801080583 0
8.852647903023305 -3.0526811147812922 2
3.021784511139114 -5.933168048354975 1
9.377734481292574 -3.2729634236705563 2
8.933051658134895 -3.171234806115306 2
9.743864401283732 -3.474482012744972 2
5.0865383672006885 -6.6049705206211025 1
2.3168320988654294 -2.6852549303640387 0
3.7937103221488306 -6.402052838551772 1
9.672200027050021 -2.5903616315637468 2
8.955191269010584 -3.1056412137712868 2
9.478243604163152 -2.49931384786084 2
3.243865675862975 -7.453907606703636 1
3.3935212934283783 -2.015663735540044 0
-0.4203904869904509 -9.249805307701939 1
8.99395947200323 -3.2788991765779434 2
2.607317139346474 -7.4488763320832145 1
9.547766128156049 -3.0595584496949484 2
3.2758345023836393 -2.5142966266834685 0
2.596855143946346 -2.7925187884915057 0
2.7316238675264617 -2.9169290716429805 0
9.474446770156883 -3.0429243363806893 2
8.998235338308097 -2.994169204405626 2
8.966939905781972 -3.255805525695318 2
3.119486430426443 -2.1949723564463364 0
3.3306324593172576 -3.0139386586372505 0
2.9466891806252855 -1.4723565273677104 0
3.9787944237043478 -7.828589490419151 1
5.003572539414855 -8.43330117074953 1
2.490380862137382 -1.400517541321598 0
9.080499324155745 -2.714920326358381 2
2.9500190179305057 -2.9384579406186067 0
9.988500573232868 -2.6480496159598137 2
9.26602716383317 -2.8218242903278536 2
4.164682584300615 -8.229722257897446 1
1.4625602742425254 -6.877315181997452 1
3.2007503233546712 -7.629764882891184 1
8.09706901165091 -3.51846914828844 2
4.942103818387485 -4.259380250098653 1
10.072158325774105 -3.9468228216861503 2
2.878369787125953 -4.8853100927956525 1
9.98473236405304 -3.154764813963479 2
9.434403709772061 -3.1197097190749012 2
9.138576171558233 -2.8810854914749324 2
5.553734773091321 -6.517284737297336 1
9.54264109808946 -2.967660618271027 2
9.085823480838007 -2.6651126883626337 2
3.709826798401394 -7.6512324772920675 1
5.08724789293199 -7.515229766029186 1
3.199410211320007 -1.6335778384741366 0
4.812156869402049 -6.271014879720582 1
4.510074923026443 -7.857601405137049 1
9.610141240366872 -3.7098750152925155 2
5.780943402020272 -8.292383226350776 1
8.627970516312175 -3.51618816812271 2
1.7354878788094643 -8.422314316729686 1
3.18034784870343 -1.347823897801106 0
2.5712330490939497 -2.200907437717039 0
3.6372374123009044 -2.0133254915939887 0
9.561953671050102 -2.0451770238588796 2
3.7264683962948717 -4.306864966209242 1
3.5956256642716755 -2.7174077666841443 0
3.4627946372496163 -6.991057613546958 1
1.1030270330109317 -6.118347187203613 1
2.708127064724078 -1.2923822902769664 0
4.148671328134883 -4.421018424689967 1
9.37463700470149 -3.258401701338128 2
9.13741602497582 -3.0941798874316366 2
8.529564510519052 -2.3638790639821985 2
2.7796279421532994 -2.3492989656315526 0
3.6890608743032325 -7.14086230977256 1
2.647084107026838 -1.7322422741771222 0
3.316240413944682 -7.271903808292354 1
10.011254659050971 -2.937856284686692 2
3.479341542394635 -6.444433500010632 1
2.477694044030028 -2.7530944844717222 0
3.0752510495898555 -1.978511555449615 0
9.602115836373434 -3.0361718557827575 2
3.088940399628089 -2.795676064663187 0
9.39701387989663 -2.851416840512345 2
3.2526478484224217 -2.839233555148042 0
8.360613998509558 -2.8881940627199723 2
4.393118697653517 -2.5480837902943234 0
2.5217367955486845 -7.096812563533387 1
3.3781319570116257 -2.6824118582312706 0
9.923085281101322 -3.453040627418136 2
5.221398724881091 -5.910922453011416 1
9.312001951092501 -3.157704718384889 2
9.488444884750388 -4.120631895845529 2
9.59498348252173 -3.301703717706927 2
1.8409224053139188 -1.9161393522497625 0
9.342235335690976 -3.1899188202443147 2
3.251305705976806 -2.8051708370356008 1
5.205252830514473 -4.9705191256239605 1
1.7197388039984696 -6.1298468579496035 1
9.403316128599652 -3.35132359981488 2
8.982344261405773 -2.5723520512269955 2
3.497343623717491 -5.626768619663952 1
3.47795805174693 -5.0884008670058405 1
9.014654940839925 -3.1133759767937903 2
9.397364269249113 -2.627175469521358 2
1.8186669422243715 -5.050922797249117 1
9.183067579411103 -2.629468180506904 2
9.197260304945358 -3.8393302678776973 2
3.71606478716464 -4.922420449174423 1
2.15432635604252 -3.584260380867447 1
9.038187823709391 -2.8572003405657593 2
3.418862918204983 -6.513635421616734 1
9.639194005549482 -3.088110079853649 2
2.985687289084566 -2.6150432968313053 0
3.0070378445337385 -3.0869762582617906 0
4.780330999751158 -5.992568075273582 1
2.680907566773081 -1.8700325387156842 0
3.0487109169403386 -2.16649950026353 0
3.6028652423497083 -5.268147439531857 1
3.1696634292447468 -4.259143522690628 1
4.2459083376158375 -6.226478257768937 1
3.014082805338809 -2.692246532845837 0
2.186037036794864 -2.345092074352089 0
3.0400676824860553 -2.149730521536212 0
9.449632049067924 -3.6214910060683447 2
9.02380670278711 -2.4974030588701264 2
3.0723270525644613 -7.187643787312154 1
3.640436049377872 -6.56569430600836 1
9.802767793045446 -2.42051100545906 2
1.3319968801131594 -8.748859405297157 1
9.49921375535822 -3.042987723488807 2
1.1633066293252448 -5.951799785982233 1
3.182692863191859 -2.5713467830059793 0
2.393957951861329 -2.3786494050049414 0
1.9400180189835536 -7.616426186658084 1
9.269844534252524 -2.480685119612148 2
3.240577523397777 -1.4881427687739495 0
9.412771422340855 -3.236281798791424 2
10.008623581625159 -3.9278940228231085 2
2.6712172023927905 -2.47107673822026 0
4.978850974593262 -7.559578201883701 1
3.6896451067759934 -5.38806883988138 1
2.420608020199491 -2.2016873955586496 0
9.251831072861046 -2.6070642885806534 2
9.70496582564328 -3.1781536051358557 2
6.261985533826579 -5.8542970273535 1
3.005649794818682 -8.016825825328178 1
9.462272095331697 -3.2114412456118933 2
3.1017194117457816 -2.1279762194800536 0
9.477656703174246 -3.0149301627113414 2
2.9619155939910273 -2.3077109315698023 0
5.090288918424851 -3.8979887735949643 1
2.022543272766254 -1.5499112236744716 0
1.9407779438186044 -2.202813608400126 0
2.7527695770566334 -1.5113291308265158 0
9.731551417266587 -3.8729248689604336 2
10.164724474773323 -3.616956939847814 2
2.188196403604146 -7.8866353474790465 1
8.608276623193204 -3.5559295101614845 2
8.87773501798946 -2.9124003234674385 2
4.065119505119626 -9.754580549292355 1
0.7878098817892796 -7.557682204067639 1
3.0212730740420635 -5.882583133277512 1
8.657929444254405 -2.797135312160523 2
3.770244985320846 -2.182384905799166 0
8.585366802012299 -3.2071333549518126 2
8.814652774387618 -3.701619616645349 2
3.4260876369400517 -8.319301461763326 1
2.489833448789172 -2.5066521435973748 0
3.3223513746660625 -3.1324982135933457 0
3.110385175976628 -2.575004510773116 0
2.4856676675993885 -5.71091024235036 1
2.538256034709942 -2.8114086395893234 0
3.218294436890939 -7.947414662659349 1
2.5633906724953963 -2.186002285164719 0
2.2502982463923042 -2.303262413611689 0
2.93677137403827 -5.897345947013019 1
3.50379846955859 -1.531156769162755 0
0.9451379369743247 -6.495351647500317 1
2.5170771192004615 -2.1254116344035205 0
8.868203812016656 -2.274039905216622 2
2.926663036050148 -6.090893795002242 1
3.3394337416251187 -3.078902877697713 0
4.7454796097566865 -6.830217547085927 1
2.9122909467438447 -1.3884175792878304 0
2.9616487824764386 -3.239007696946218 0
2.305220675231186 -1.9346108633001433 0
3.5747943040963244 -2.0048376648195263 0
3.439606775152522 -3.345615066177589 0
9.304460994759976 -3.3667042589950755 2
1.3758820912127643 -5.6962114705451485 1
1.383774067259193 -10.51964249618661 1
3.9745122426013033 -3.089298872190744 0
2.476685529988016 -6.763364513704219 1
2.955547369716684 -1.9705389177471209 0
3.3028527230851137 -5.286093178604557 1
2.6893624860606806 -3.34868290003333 0
3.360920370239754 -7.745133039998567 1
-0.3495209747927204 -7.041378739733426 1
4.066463776146056 -4.519823142185622 1
1.9755634755867828 -2.4881632274398195 0
8.865741368524253 -2.8604241864910533 2
3.5168846125155393 -2.526041332997029 0
2.2327670820127383 -4.876196275927498 1
2.3201047045058916 -7.416925178547935 1
3.2157620793850095 -5.929290754023473 1
2.004541447482121 -2.3865150138076805 0
2.4604113068411833 -3.1232258852153834 0
8.773390998473408 -3.623645636147976 2
4.864182378334369 -4.5004065640647095 1
9.70539035951225 -3.7275477110584 2
2.7501066233455824 -2.321174327735502 0
2.570873809860091 -2.207172118342152 0
8.756903658464163 -3.095317734967757 2
3.0179812546319664 -2.1326319631262116 0
2.7908661951537406 -7.588912345977838 1
9.596405567294909 -3.0070183082869852 2
2.091873075345748 -3.0065872997780776 0
4.375053843051534 -5.902440958174565 1
9.334552946294119 -2.6906150484998945 2
9.684385904768535 -3.0429879471718566 2
1.8322633543347187 -4.732834645217938 1
2.7373729434855996 -2.5653787460233244 0
9.1517375144734 -3.5698971579399084 2
9.918347079127537 -2.4440960407940757 2
2.7529033037632553 -2.101883491813974 0
3.703368683067315 -4.757641155274659 1
8.925298224652082 -3.3909649340735637 2
9.101019528964972 -2.384501416427924 2
1.7193339346920848 -7.707453912561891 1
2.366142278075513 -2.384862922024844 0
9.197221654979876 -2.930695471055836 2
2.7549682311003694 -2.1728564901491323 0
3.332193201629259 -4.370349875118083 1
2.38253064784488 -6.352108271710527 1
9.593551739310454 -3.909572487722034 2
8.789387634056327 -3.1126028046035055 2
3.751085142271643 -5.931132419702245 1
3.64133575627234 -1.7658241283733964 0
9.557326469691848 -2.061825325721287 2
1.749417975007969 -0.6375885044812397 0
2.874619561992492 -2.4180755537146648 0
9.477411419964591 -3.07932111902361 2
8.715397014654423 -3.3926908393687736 2
8.760450224088709 -2.546463528284759 2
2.5496120671830993 -2.3823170962287668 0
2.8799817232727043 -2.6187696908552516 0
2.317997735292872 -8.845587512156126 1
3.17293261373753 -2.6879760242196498 0
2.976159883470479 -5.973664886379633 1
1.879792118140972 -5.103509397682339 1
3.4198728420502573 -6.271791890000217 1
3.8323113713895314 -2.562455029143334 0
1.3099466908185213 -8.539415792200604 1
9.385446140439392 -2.8465735419353906 2
8.490616414522812 -2.6042331165715167 2
9.019484166496833 -3.0236431273647257 2
4.735149713050765 -7.651096228146137 1
4.6774966873781665 -5.204317725252591 1
1.3443714730093412 -5.3933433646049025 1
2.3033651739704557 -2.340505810842091 0
9.940763120196019 -2.565590652009166 2
9.430617717164811 -3.009718887545108 2
9.174558106753826 -2.4222207753569474 2
6.535455161731461 -8.45581813472594 1
4.248407482372532 -5.720488319501 1
9.139549826868446 -3.1858241965490794 2
3.2742589732980765 -3.2816491582720713 0
8.869256538542935 -3.1184839133560387 2
0.5972566681092775 -7.136393676310455 1
3.053751509158745 -9.515439957823574 1
3.536877838232563 -2.8434763355427255 0
5.042995380897278 -6.095971550552812 1
4.672935501611713 -8.806953681514772 1
2.54891292470396 -5.3831913169825345 1
1.3090693524076493 -6.823052693771119 1
3.0546022105720194 -3.67969147258096 0
2.368166239864925 -2.1595387029642366 0
9.325569703193414 -3.2387080576839886 2
9.313990250317069 -2.5639628597960753 2
5.024490655662078 -6.043707141816281 1
1.8908203923120404 -8.225845500130308 1
3.475055442888139 -2.4379533022132738 0
9.496949268861725 -2.846649396765591 2
2.534036344349575 -2.203102922359215 0
1.4311869230614234 -1.576585019820624 0
3.7090865818904977 -7.936060450132788 1
8.925426739828383 -2.2429785260229207 2
9.195097871989915 -2.7399030689775796 2
9.219900120043597 -3.1803679821283812 2
3.4998176117425457 -2.31106223816718 0
4.7197302694216585 -5.587231952570504 1
3.336013230598918 -8.6266043569026 1
2.4059224572338698 -2.9408871677427313 0
8.427252225344114 -3.4246469804126054 2
10.604312691230533 -2.875812140059781 2
9.46188665810984 -2.5377455993505857 2
10.439207768409277 -3.2131316848971587 2
3.9161013427546005 -2.2746842071977404 0
9.325323967686671 -3.216065583705499 2
9.114530336283622 -2.8446606992353143 2
3.28812117647268 -2.90741939429703 0
9.449740500220956 -3.089882636047684 2
3.0911607095920095 -2.1243043440614473 0
3.0035475005836805 -2.691330567465991 0
9.709613409033066 -3.059935583720633 2
3.8278713769598127 -7.905801956544871 1
2.5372121027033376 -1.5498585880913092 0
9.798156294244054 -2.238443142447429 2
8.248008604792373 -3.514931137252127 2
3.9755411554206272 -2.7626610747517772 0
9.355304140080102 -2.650752536444964 2
8.90836277955695 -2.783783791552567 2
3.6044702003400992 -6.934219351825683 1
3.321823167281499 -2.6705770370898936 0
3.0083585662629497 -7.881990663689957 1
3.1629227685518226 -2.068190650919575 0
9.318842466001179 -2.061899205904985 2
3.25797903824829 -6.410168959758038 1
9.849234975362865 -3.4592988986006112 2
9.009980176341195 -2.5886172783834787 2
10.114904092564856 -3.4238354505198805 2
1.9081853445488264 -10.023672009123816 1
9.369381457590015 -2.8180984381732257 2
10.424473863992896 -3.912916267921342 2
8.477776302686555 -2.639015483652691 2
3.13487747901648 -3.382385290651195 0
2.7961642257495294 -2.4933576294868627 0
4.845910242672337 -8.011003980676437 1
3.3002733753835916 -2.8147211597652317 0
3.2619675059833684 -2.182786275397663 0
2.9695082864705284 -3.220922270704369 0
2.6375283878631195 -2.328499294901335 0
5.683593965782752 -6.268172321800687 1
9.328339738923745 -3.0865923611119923 2
0.5280898068019795 -9.671946812573381 1
2.4044803863511586 -2.6600509234841443 0
3.9343671819816084 -2.655288483434725 0
3.1463351864123488 -2.0319059201191902 0
3.491283317760793 -8.12753408003723 1
5.626454215624435 -6.367122775124824 1
1.6739350819554888 -6.024413645574362 1
2.347441686594639 -1.7576898419511922 0
9.762957883479299 -2.7930685294930457 2
4.489649126939858 -6.971875523063583 1
5.3932131463941015 -8.4996151742626 1
-0.42447371065106676 -7.460728002718514 1
2.9745737786658912 -2.1782095805397623 0
5.179813675368098 -5.294873262699408 1
2.263968396908641 -3.190470572432158 0
6.245448594763397 -6.612487664057812 1
2.332798817821846 -3.042852252704896 0
3.913412599073452 -4.918790344593416 1
4.330830357923207 -8.066172068768577 1
5.03369026766021 -7.440305991434084 1
2.8753333449227565 -2.5811853156688422 0
9.028214382967704 -3.187300548670974 2
4.671137399108969 -5.361831378942462 1
3.7446817821122496 -9.558404598916663 1
9.644150822180661 -3.96712631412885 2
2.8978846030978436 -2.610034088203442 0
9.53639635152137 -3.0553920501342895 2
9.321085493453449 -3.3138287860120674 2
9.661331589983737 -2.915610515754354 2
9.152001084815275 -3.6393308416458128 2
2.9975142609249414 -3.069109772615938 0
8.939003674335783 -3.5052272384887324 2
9.887877561594191 -3.036789304599463 2
2.8800523143845775 -1.9822489101948653 0
3.375379651183191 -3.235262839838887 0
3.027586775016992 -2.398556921301881 0
9.827410032119623 -3.2967991826682583 2
1.9372109048240942 -7.765282468597059 1
3.5717975216156166 -6.571412944418596 1
3.7352326476121025 -1.946317109780989 0
9.573817073309165 -2.8505096369055716 2
2.074491703738781 -8.884207030676961 1
9.443112291400915 -3.241454576301245 2
10.251919761274397 -2.8509810687632697 2
10.829757611184325 -2.7090150343183295 2
3.6468604054053415 -2.4462908522736373 0
2.6713630718460486 -1.8527891607166624 0
9.792376914509541 -2.9553107845028768 2
2.019889507169016 -1.5924825227898989 0
8.44140281330678 -3.3591062617404583 2
3.384150866328815 -2.9069124763688 0
2.604400355516904 -7.618440183993758 1
4.104192526228242 -9.964336168285193 1
3.311858181669257 -2.699565291659423 0
4.430095012566369 -6.810083516215104 1
2.983494344032857 -6.385782199326333 1
0.7344789177914715 -3.273463883803673 1
3.4955639685362003 -5.574108513638938 1
2.818687869271847 -2.8328188509524153 0
8.211259585497713 -3.2189208592631786 2
8.162662636019418 -2.422213522014231 2
9.75307508726131 -3.2787269127624237 2
2.5321695122420245 -1.960486282487199 0
2.678031808563806 -2.0963398429720743 0
2.9971251181739085 -1.4183289546583242 0
8.314045022327134 -4.149071623458753 2
2.573513086426008 -7.373509237773863 1
10.531374832657411 -1.9682236782764109 2
3.553908567069837 -7.462647838563878 1
2.301229535136039 -2.3956977569239437 0
3.6280373832281376 -8.553754181323319 1
3.1704195777891955 -2.6342535599041463 0
4.524148955356731 -6.9771356947806495 1
3.0179723080264647 -6.258295401715297 1
4.403237039042085 -9.49856551580034 1
9.440458685847753 -3.6143327879077165 2
2.3942133995631147 -3.0541906950934496 0
2.420490126965041 -5.430294178742212 1
2.67778620949299 -2.912567876284779 0
2.4309792922368345 -2.5410313739448323 0
3.044447419554788 -2.8809474043856365 0
3.09722633037646 -2.5826094858775126 0
1.8266051248974158 -9.343438501522451 1
3.5063213622277702 -7.121370801934253 1
9.507823278730141 -3.254841688222367 2
2.740047964431057 -2.1158464690156915 0
2.354214650060941 -3.0270888152592788 0
2.904420685185009 -8.555669088045414 1
8.661432977533893 -3.5638844624280908 2
2.754709883792428 -8.176026650378022 1
3.5138406434463136 -2.4519525863134706 0
2.773529933632898 -3.7658098364744865 1
0.26222128668901723 -7.906355841063628 1
8.741378717246564 -3.3804483271167554 2
5.242330115093926 -8.078974167153081 1
2.8034616165961044 -2.4682646377477666 0
9.515480523102159 -2.2713456203297047 2
2.812136137977164 -2.587280943410483 0
3.0866512350438216 -0.9624687864363601 0
9.349660877896602 -1.869540075662713 2
3.196549339737383 -6.428958996808189 1
9.839995877671093 -2.6954271430175045 2
3.229146485196207 -3.4855832736093166 1
4.387134385057323 -5.37256074528595 1
9.23786493356047 -3.2893602191862135 2
9.7655976511709 -3.1206374728243396 2
9.267448667209655 -2.849687279736776 2
2.4964274816495657 -8.091311784959771 1
9.56824434777868 -2.6142850582931723 2
2.6907923687625335 -2.315234857957639 0
0.3290914790506281 -6.976660998845593 1
0.1200337362811763 -8.614116486137224 1
3.1178728218022984 -2.852161498835777 0
8.74669026091176 -3.366279849813975 2
4.8467858846812355 -8.180895618054983 1
3.069987843928917 -6.314966427698103 1
0.7794608837636505 -7.510319572719796 1
3.1004876618702597 -2.092239502447923 0
4.1834024076555645 -7.865986907758872 1
9.547145678388027 -2.929854576942363 2
3.3262319544558467 -2.874201005175981 0
9.053168037404447 -3.42247361031854 2
2.553594296970003 -2.033215487269868 0
3.158249017588701 -1.9078523008262231 0
2.634530701054714 -2.4802131315548657 0
3.3489447036095585 -3.080417688938919 0
9.835350513294108 -2.477992748689675 2
10.002651552932912 -2.865025714991566 2
2.5008468080270596 -2.7726244619807465 0
1.2637295348913633 -7.6610165857623596 1
3.4082206154828842 -2.653467435115669 0
2.5590404330818197 -5.537407579688058 1
2.5168963113685594 -2.5535318964249476 0
3.123879737372337 -6.123758929882559 1
1.313521943325711 -7.982355959533277 1
3.418310406068068 -2.1486470599458496 0
9.361456776219304 -2.7818937836560815 2
9.581287778446926 -2.9718856911263933 2
9.522419998318497 -2.4405660343623516 2
8.916981159928564 -2.8195106295052454 2
2.326125320895342 -1.2979043061435822 0
2.3417531969025416 -2.760830507009018 0
1.7303172672828844 -7.180548426455564 1
9.17449385024129 -3.1455070180759397 2
9.29087743162562 -2.9533524627099585 2
2.607593311018248 -2.831515756000101 0
3.671983495945667 -2.3312812359011534 0
8.93254977034137 -2.349538548508933 2
2.8682743624712774 -1.688002214834972 0
2.6098312277524705 -2.809979802860124 0
9.026645734119782 -2.9611646698755574 2
1.4211946535931663 -7.389348316872047 1
2.1460424791097035 -2.683628451854871 0
8.995159987822282 -2.5752622386301365 2
2.6884974694721793 -2.4372193519304353 0
2.864909915684181 -3.007845405612375 0
4.46584912752334 -7.849197566947007 1
4.704458399249826 -4.872045124931711 1
2.40200006959754 -1.9076715613835384 0
2.5449063951907163 -1.4465941825406259 0
2.6839370004794953 -1.8754665148702834 0
9.402094411300144 -3.406090607124523 2
