1.5292257981519741 -0.18922630016156283 1
1.9079779304066558 0.6571464461478173 1
0.777976593705198 -0.19897438172722132 1
-0.7966513272537384 0.5926922832866581 0
-0.8509312713840026 0.5391717501821004 0
1.896497336295263 0.37624124737465603 1
2.0559598918390534 0.11873824923444017 1
0.2474520318291449 -0.12162101903567707 1
0.7742780538620158 0.5844552453340188 0
-1.0052607881094748 0.22397434883169792 0
1.5170877085782275 -0.571732688674415 1
-0.6810185229353604 0.7729422864944571 0
2.003692827517849 0.3559604436816004 1
-0.686922772732663 0.8468246327106043 0
-0.5461114942399828 0.8678111273201425 0
0.9430408040918989 -0.5093887585647694 1
1.7810603139500039 0.5522978655782742 1
1.529836082586598 -0.4420109285180131 1
0.5631891072658775 0.8528474036546565 0
0.9825165543181132 -0.4693358188823824 1
-0.07269582211592274 1.0073528465688872 0
1.3247039087962351 -0.5012902256603714 1
-0.8490891820478784 0.07874744810481277 0
-0.7358685956257209 0.16472273083439007 0
1.674344621082908 -0.1724970278488635 1
-0.8996988966679531 0.09316905471373352 0
-0.8105471285645985 0.6155806281116246 0
1.6138759547881043 -0.2779521426449405 1
0.8010164978555385 0.41409036703950286 0
-1.0554013594977503 0.14202454880748028 0
0.39574845882252097 -0.2834816659248382 1
1.3538275725186493 -0.3575180725381025 1
1.5753134825356248 -0.27296776330131245 1
0.4925669048988355 -0.4364970244148306 1
0.8294367478322244 -0.3439523148056899 1
0.5985786224844896 -0.22561138213544826 1
0.024951438050309534 0.06542867359579799 1
0.715552859691135 0.7367224828482356 0
0.38487195069210967 -0.3135869183327016 1
0.5369185941844473 0.7419465389448835 0
0.2017180791554862 1.012757214852402 0
0.31844038453752754 1.1080777029248678 0
1.2294492786424533 -0.4001381225156681 1
1.9141999849942595 0.18318927367795532 1
-0.11291914903622309 1.0805369713516584 0
1.8199898548004445 -0.30892084240393347 1
-0.5504376598912836 0.9259042689860025 0
-0.005188428286520733 0.053624713325404416 1
-0.8925994783505605 0.2867594024288005 0
2.0314645212613045 0.6274416200327401 1
-0.02068055310072844 0.5593665051718099 1
-0.6230667540752791 0.5781845493692113 0
1.6579611338395113 -0.28655556839556406 1
0.1874979191421259 0.8578151502465882 0
-0.8818660624929859 0.016606495870930535 0
0.9175043672658237 0.17149008228984183 0
0.7228677344134835 0.5854201316848358 0
1.5973903436627341 -0.13197665704615708 1
-0.023173295579893144 0.30928170596693794 1
2.06557744853652 0.17834969982988055 1
-0.7287558024063885 0.5508534113802035 0
0.07593342039008048 1.1821636834601745 0
0.7105287213268539 -0.48114644391374906 1
0.8965720247675821 0.20172973423407672 0
-0.37087589120763187 0.8383727939934634 0
0.6218415401756276 0.7806376268603319 0
0.33025622386090886 -0.2551830532944249 1
1.2288339917353392 -0.5832133371788949 1
1.3652725895974736 -0.7000353666745548 1
0.942035853436912 0.08148515826818867 0
-0.8466082955844803 0.46965479442723373 0
2.0390263642993136 0.0942151038591641 1
0.9836097401794285 0.29775179633141174 0
-0.8004638609731265 0.3512081374063478 0
1.8075708518000086 -0.47485643913761216 1
0.6767821098627189 0.94278259023087 0
1.728624259483944 -0.18743326387035744 1
0.06334620689492634 0.9763503833879909 0
0.17971076900671254 0.8445292101411251 0
0.20365236335279335 0.9442448628847038 0
0.6525649405977569 -0.385880005880982 1
-0.4743964478995167 0.9717221149446128 0
0.9270707862107167 0.09322808574366218 0
0.8708626491999654 0.10063978808977972 0
-1.0307805110886328 0.2791563323627513 0
-0.6945681771408525 0.5412525088724127 0
-0.21402914300815665 0.8606008376878581 0
0.5227344745400874 -0.37547837643314136 1
2.1332741008414398 0.36305493527326604 1
1.0330961410720751 -0.44163702702037455 1
0.0727220531222837 0.1350836056260204 1
-0.21091590314977648 1.0059692447181283 0
1.2622844401042606 -0.4655826504016311 1
0.04797575533968869 1.0330270575359493 0
1.9357061383084462 0.26115144544630375 1
0.04567157485440955 -0.14173204153059965 1
0.11193893618845796 0.2460576683851337 1
0.8811962509254936 -0.10623815046917696 0
1.2246321015240502 0.27306844074077846 0
1.9605190546676505 0.05271993588764303 1
-0.8426353384543126 0.8023627193000161 0
0.18838406486057824 -0.07930955168326649 1
-0.051300399333119306 1.0459037577523234 0
0.9491464062995373 0.3968503852992966 0
0.5121379455072509 0.7238191840824396 0
0.42293231355386834 -0.40780849269375263 1
-0.10256052925800714 0.2802284118960912 1
0.1058787311831273 1.0306973851661558 0
0.07775775399646867 0.4076771213882377 1
1.5717389495811243 -0.4078943141747118 1
1.8811658978059764 0.390457245564241 1
-0.6969808066177176 0.6907462286499951 0
0.8458109518524479 0.7043344349401754 0
-0.094170971964917 1.0951870461516906 0
-0.2679871245929073 0.9214361678584979 0
0.10638896943794587 0.46722203151264236 1
0.6135907275684934 -0.40772620828850753 1
1.3138389141054243 -0.33432126981410537 1
0.287377439005282 -0.0836408262345513 1
-1.0028989975367277 0.013921297117376732 0
0.0654696130476976 0.17973076886702705 1
0.6566916536726657 -0.46216158768071447 1
0.4557016351413556 -0.2305405066262866 1
1.5406043633081976 -0.13104762866738331 1
2.0682257478299877 0.5035105326293586 1
1.242150711845435 -0.5842631231740562 1
-0.8576356706891539 0.3932897857675872 0
0.7506122623188348 0.7923240649938803 0
0.36313666791379456 -0.1304277149714526 1
-0.7250830507766169 0.6009671235342599 0
0.922194154448007 0.47319618827164545 0
-0.04074678262287659 -0.09893045663512315 1
0.8590820868333547 0.5163368867849187 0
-0.555616318078308 1.0194239366048723 0
0.3168152767862305 -0.39709195080799303 1
0.24877324691831987 -0.04282959394584382 1
0.6511339035993948 -0.37145914446933315 1
0.8696426583745289 -0.45173420479895254 1
0.26365761845736424 0.9658344866110252 0
1.938751107216096 -0.16689988494571936 1
-0.19193018982405113 0.9321645549117802 0
1.0950162488855613 -0.05957543420074714 0
1.9845085949601502 0.019403080061038455 1
-0.6369986859517988 0.5663991550338503 0
1.2304791892558773 -0.4067837209978832 1
0.8727649946629698 0.4438039003648293 0
1.5482655663079585 -0.020051569691214348 1
0.9935590099850622 0.16633640045627487 0
-0.3848734427773973 0.9026345337893984 0
0.8834418435921854 0.4656052632181381 0
1.9743765152892367 0.09926258008987945 1
1.0456679619410107 0.10596446317284483 0
0.5312954583917768 0.6606550817636649 0
0.8207785394430535 0.5753611941808098 0
0.87420857579034 0.595904060112617 0
-0.9614727012417816 0.28382773611383116 0
0.7535627481298387 0.6675215363397271 0
1.9821847463618527 0.2568019261976096 1
0.9381688980606673 0.20959070281610553 0
0.7813445704825415 0.6498803811459336 0
0.01619490132527837 0.17997108886262686 1
-0.8839256064587192 0.22240120674946126 0
-0.9517629671041011 0.021938978380877768 0
0.3624032032562725 -0.008338997191508116 1
1.1341614383413163 -0.05726370713243581 0
0.7950360329568895 -0.6027603180861011 1
0.2618451702872121 0.897758243818832 0
0.485034102343071 -0.43820410092972395 1
0.33380948195261484 0.9097595737145135 0
1.8060956905436818 -0.09810723017662759 1
-0.0605195640168279 0.07415098066697667 1
-0.03779910972467335 0.3697893945936457 1
0.8659980846072005 0.43763271229345707 0
0.8276895693625588 -0.2754252632615375 1
-0.8945549969909393 0.4031450170542571 0
1.7089543508927691 -0.41267094899498324 1
0.9151954259487141 0.38665710342561244 0
0.7386417703901199 -0.4048424581195158 1
1.9216197677005442 0.3535514116815337 1
0.06823732667224365 0.010062362074462781 1
-0.039690321332326195 0.35672189182764596 1
0.7436100869268871 0.6738902997948912 0
0.10767648871387307 0.267721890222237 1
0.048319734473444995 0.9898224008801796 0
2.0707864582972677 0.34391130355689153 1
1.2960560334855231 -0.5085680925756976 1
-0.771403059970457 0.7165305946200063 0
-0.05523599707865183 0.40165260403214337 1
0.7970044755381921 -0.6064985798270373 1
1.4461446221632293 -0.39627210974859206 1
1.934465110953717 0.34281706637226983 1
-1.0552849984011354 0.09434784554367118 0
0.5205640983077673 0.8493572167766252 0
-0.93417900837512 0.14598073244614554 0
0.010929241653068767 0.4377887351246427 1
2.059675029350947 0.3917919740807127 1
0.9369081094280876 0.3169505880538011 0
-0.45636008494491637 0.7407336132303359 0
-0.8306285736386213 0.37308241338067843 0
1.7714296513887582 -0.22516205707592243 1
1.857012187440278 -0.32469634946205594 1
0.21223851675842995 0.9189419487484938 0
0.4657043234187448 -0.5901812741571313 1
0.4908875549035223 -0.28054860827822015 1
0.045753394524903845 0.9158325446928782 0
2.0096053728269427 0.24492719053827908 1
0.2334194832332956 -0.25164727594977715 1
0.5380290936240767 -0.3989997481232303 1
0.5238088849096478 -0.3100595494790691 1
0.6398424279771808 0.8703575770660518 0
1.0072241293548474 -0.07343563915670928 0
0.3405386192299103 0.8013065530159539 0
-0.487045088632977 0.6994312291382243 0
0.4306985015842294 0.8092320256586483 0
0.42289652912776826 -0.3088769062428717 1
0.9157089776958959 0.597130488540509 0
1.0472482777453131 -0.27458199684358997 1
0.5716277541821969 -0.32960581722571425 1
0.011732019705599811 0.9113892926730488 0
1.0277147056113503 0.039151877197823065 0
1.242629883260169 -0.46241537768854246 1
0.9587591081225222 0.123131210913275 0
-0.8984472359176179 0.24950041186276484 0
1.7999241981804652 0.1524624486421243 1
0.12856017198048791 0.9317207497727912 0
-0.9935071039432699 0.4507667413929114 0
1.4961052670153998 -0.209711915329897 1
0.9851198450828379 -0.4178859845223481 1
0.6669380539386037 0.7846843883931837 0
0.49079649038309264 -0.2671929541872856 1
0.848792436054534 -0.48176029658582703 1
-0.7694850596915728 0.7072379393228776 0
1.9383329934692184 0.12916883091991288 1
0.4842584866881975 0.7590388582011249 0
-0.9181172253883739 0.22254639820019398 0
0.10118203720296567 1.0533391371010794 0
-0.17258767607275244 0.3710524570447028 1
1.6882530152664812 -0.24310162266229463 1
0.9824851517839414 -0.303623753374888 1
0.8703297717269605 0.569501181337228 0
0.2753962994561381 0.9578382892343393 0
-0.8392395401870567 0.7162439825505358 0
1.864285261043504 0.05008179951953232 1
0.8814714551413045 0.5349404493582797 0
0.6869055012735754 -0.3537720701949465 1
1.8458429670634608 -0.2176205353770232 1
0.40734214463156737 1.0871174791072258 0
-0.5721656250823757 0.6309898121359944 0
0.5329190178170496 -0.14521496518350607 1
-0.8694673014189934 0.553572300398552 0
1.998029730003689 0.4267563378057464 1
0.4366156132884424 0.8318816198761702 0
1.0223104213637386 -0.639824479742033 1
-1.1637953123411298 0.4065375262519053 0
0.23472964549749592 1.0817555278166038 0
-0.2156353682938887 0.9294032123671198 0
-0.18253034936331985 1.1187618095545349 0
-0.7188426016396803 0.6064448522522009 0
0.27888352176006764 -0.17507391719204793 1
1.9396216076078785 0.03353116864620864 1
0.3975046710418607 1.0051815405391016 0
1.6000332492181424 -0.46585201210995697 1
-0.23490545656136433 0.9024275297766539 0
0.17279654733851496 0.9537373116536754 0
-0.23980755579809898 0.9692397202620694 0
-0.2906584034724839 0.9199865512231066 0
-0.4959665021543122 0.7637079125127779 0
-0.8362853693741745 0.5123410694162707 0
0.7801593414505621 -0.35205475830922334 1
0.0387023946108528 0.8851549125802718 0
-0.870381635555195 0.24746889969302208 0
1.4545688882076688 -0.31173456622607343 1
0.6147209245003873 0.6701782578330546 0
0.6557286587777691 -0.2425964273986636 1
2.031802841664342 0.06408227744431197 1
0.02540484311764507 0.15657307888617378 1
1.1387320979978317 0.06992328572345487 0
0.8682853901833288 -0.45611915278126525 1
0.3345246344270705 -0.44513434923701684 1
-0.44147734470438577 0.7875853955588724 0
1.08321208924105 -0.4889872241535943 1
-1.0597736385389602 0.3678683726464515 0
0.8260201356837419 0.5017118684548368 0
2.0264488407382153 0.02282710256281421 1
-0.8292430890800935 0.3176773505887383 0
1.9128798233404742 0.4116179301644482 1
0.7216381869661864 0.48628766876599366 0
1.8688531082898987 0.020975356229386427 1
0.10364491306585602 1.063412872645523 0
0.3462191513345706 -0.21547752803165546 1
0.8219086276691152 0.8287358717826498 0
1.454209774911325 -0.37106997218516435 1
1.2610590114929126 -0.5410685192193532 1
0.24437207275129666 0.18339556373087976 1
-0.47800287055429425 0.9181633645220596 0
0.7572550153105442 0.6172233040295702 0
0.41669027006981946 0.8979070437008593 0
1.882278423217783 -0.18154083671585808 1
0.6807307406179217 0.4643848896812112 0
-1.0451759260835036 -0.022935647577481524 0
-0.8862077491230187 0.6113322974300028 0
1.1270556432694998 -0.5513010187279747 1
-0.26760076417275225 0.9664452253074884 0
-0.8592073861408379 0.36457639131582187 0
0.8322201465162712 0.6957383267141991 0
1.9951145086880606 -0.006966819635098875 1
1.0910844703058191 -0.2831353034512297 1
0.2856174681138916 -0.2179550674724302 1
0.7255142152440202 -0.5270091492204818 1
1.8939554796223992 0.4563875817097126 1
0.9163902658283997 -0.4562081170393399 1
-0.5268707119748646 1.0843099863781294 0
1.9656668655453358 0.14192853824472862 1
0.7066060747369578 0.5607742714535957 0
-0.5445235064669035 0.7353973613494843 0
0.4047306997295734 -0.108145895987933 1
0.8798084621841592 0.43193324270656913 0
1.5005652360480315 -0.4277077477390596 1
1.9319883389322643 -0.13997755302732426 1
0.119146892674222 0.26793919355944185 1
0.022234532811540243 0.31644132165577143 1
0.3001736469961379 1.2227470176824244 0
1.5405535176717795 -0.3299528948419373 1
1.3153031026172801 -0.4997312349787419 1
0.9389704326325445 0.15189969595957065 0
2.1243123934449186 0.6731542769076517 1
1.8681641077196542 0.1586594332665262 1
0.9301819067996893 -0.51215913755591 1
1.7246978226057383 -0.061713914233853195 1
-0.7709428734351218 0.3305018265387944 0
-1.0744005047996452 0.11768274809370102 0
0.3210396763804585 -0.2553730599119207 1
-0.7023456363642506 0.8410211963750917 0
0.041474693325082385 1.144115826859517 0
0.4014660190776098 -0.27619691261084933 1
0.07707564856369777 0.32483822321534905 1
-0.1863682221327599 0.43026316365515477 1
0.669234035158848 0.53495220066344 0
1.1777474920541993 -0.4351555436583586 1
0.1325359739750549 0.07164837643329916 1
1.4155095230533952 -0.39278174327661686 1
0.8673793272722375 0.9009943818231407 0
1.499868592153378 -0.44152188819290034 1
0.5880160676512076 0.9088215185326083 0
1.7836830169422997 0.17828937955183877 1
1.0308247190760136 -0.41142815591760273 1
0.19177931659251957 0.35069420424176456 1
-0.06445232256055161 0.07388720643068222 1
-1.0611455048263112 0.1959983889662703 0
0.9842137301276191 0.3183976812278226 0
-0.7496498660695712 0.7372448834594095 0
-0.7050735198667649 0.7343277177191117 0
0.7339017436041326 -0.4330630162428259 1
1.230223906066642 -0.49010577042933423 1
-0.9700577720323281 0.33667440153927564 0
-0.19461548638336326 1.2645997206736805 0
-0.4372262893006392 0.8395076586692448 0
-0.4992674501417278 0.9124088883509127 0
0.4424996541798346 -0.16287332223533257 1
-0.4499036154437274 1.0125782899039095 0
0.07805921061888736 0.0865136377162082 1
0.796639445083537 0.592072421355357 0
-0.4968200833657306 1.00307606006611 0
-0.0336434333507809 0.32814701795055146 1
1.8951712645406535 0.020484132236874553 1
-0.8983000487539159 0.4117621288435475 0
0.03290338986542786 0.326900049886716 1
0.6181842066918959 -0.5370947429885085 1
-0.5657834102226106 0.7379737470339464 0
0.26568149893179466 -0.040720441077311806 1
0.2060946050902942 0.15953324927174437 1
-1.0335859370694391 0.35695168466196703 0
0.5707221034548436 -0.4456442650323716 1
0.2147684779686383 0.580070198592121 1
0.2876949466538659 1.202887350094557 0
-0.8612649768367886 0.6818582947053392 0
0.06319729285089663 0.2417762819080001 1
1.2876883532924945 -0.44944991241438154 1
0.1586763899144426 0.32210573740066106 1
-0.5439613406016941 0.7575362491107595 0
1.1249531325620816 0.49678148668875727 0
0.972987007660934 0.4983076389909952 0
0.9465584741934037 -0.5629374695440448 1
1.253813276705652 -0.388380906369618 1
0.5450569625119439 0.815215328612047 0
-0.161718857302796 1.0374181541327745 0
0.14826764889838787 0.05056486099975931 1
-0.780366433598854 0.7992661988623475 0
1.5297880972623423 -0.34050183525060335 1
0.06804716425612772 0.1466459974741482 1
-0.48200826640411343 0.6991451878956955 0
-0.23930709694348457 1.0108767435356913 0
0.23433196096113953 -0.1698172181267296 1
-0.8086130727724892 0.6474816881190978 0
1.0573345336268873 0.37566292531148715 0
1.7171152081613 0.03604330393912136 1
-0.08641490756248892 0.9521487982710446 0
1.3690400037795771 -0.43283796108499917 1
-0.4970525462706121 1.0319788586069905 0
0.6792169511685424 0.590646792357977 0
0.35024540581646285 0.8432159865441942 0
1.5598414446249675 -0.31084855556322494 1
-1.0130456860301558 0.0478827679330695 0
0.670345658500447 -0.4542660735321411 1
0.021451524892339216 0.9742599556821 0
0.8291204035843993 0.5470584125337636 0
1.7947866696350125 -0.15158129533822234 1
-0.033608395331723676 0.4659719527963834 1
0.66085416127274 -0.42783962062312947 1
-0.7723216636876654 0.7019448451169517 0
0.1636852916278473 0.9609183991571437 0
-1.0442052461958222 0.37079994911156783 0
-0.036075983390104066 0.08860892982998969 1
-0.9413918221954863 0.5708660571826327 0
0.0628836497163182 0.8653247761202156 0
1.0422517940858627 0.5806236007840737 0
1.8091692568133764 0.029628740234649675 1
1.010000365004071 -0.5898525498348003 1
0.9365107741962665 0.343537523839914 0
-0.1252651725540641 1.1611162473957104 0
0.3805027510168001 0.9359536985749958 0
1.7669629777775104 -0.39105268206143473 1
1.710628174193528 -0.30185177339714997 1
1.8230720968955887 -0.047714704459565715 1
0.5296031009599804 -0.4417836914967117 1
-0.9544469283921498 0.26297972322877056 0
0.7486929574001822 0.9597124732992668 0
1.2888446493966785 -0.22121099033915992 1
-0.6108895323209023 0.6664282857618385 0
0.9081570888725783 -0.0032904215788372992 0
0.4344515477551208 -0.33336719804440595 1
1.0250835463009431 0.059919504570998164 0
1.7888887334084735 0.15114671164637927 1
1.8172696078667414 0.5617141212137267 1
0.3561969892277299 0.9898975554884797 0
0.8795705816434819 0.17043945960092233 0
1.418823158176533 -0.5053899980773124 1
-0.9134869366161308 0.6256597637376934 0
0.7842654725739112 0.6529856194311662 0
1.7786245403784193 -0.17261128465238618 1
1.8832696415382049 0.2573328186101055 1
0.09530616782491994 -0.2398666107228246 1
1.8464376851918107 0.3992066824243342 1
1.6868140272533187 -0.4199225774794224 1
1.6171986174141204 -0.3831032892030124 1
-0.14956903638537217 0.6435626819149064 0
0.3994401355993474 -0.24631308571264365 1
0.9013681041542233 0.11499418128576823 0
1.1324489236466821 -0.4544542371629562 1
-0.45486037161117465 0.8933237630866756 0
0.3142177927150198 -0.08399320898355961 1
1.2889699620087698 -0.5093119487935265 1
-0.5308653713453974 0.6860370907715321 0
0.05067288898096441 0.26135877838264454 1
-1.0487758418719648 0.4246588939873162 0
1.3442122515291635 -0.3610887002195777 1
-0.2734005215248324 0.9062403368310861 0
0.16288033607110547 -0.17176637305393658 1
0.10110410647905796 -0.3533223284187349 1
0.6170429358114331 0.7634506474955312 0
-0.1446794572877933 0.43034586345419445 1
1.9796779942532616 0.14633278128330834 1
0.6381645701394711 0.6400780366020536 0
-0.4003535916114758 0.9928402725554848 0
0.09465565764892125 0.8897841638445356 0
0.14314658384444529 0.0988027312816829 1
0.8491274811767361 -0.33042287551173594 1
0.026530888776747683 1.0816623894520907 0
0.8539840086235237 -0.47722641688908507 1
-0.5827767255512464 0.8232229379604216 0
1.783559674383973 -0.3144578400416967 1
-0.24175687101518625 1.1381984550834174 0
-0.019404439820643965 -0.07073482615940943 1
0.42180690220171707 -0.3291167652094202 1
0.20555059617422522 1.0587630990929549 0
0.2796168091937509 0.8591951071828708 0
0.5408883107789728 0.6188683332324182 0
-1.124513996953036 0.07983679210616995 0
1.2151806718105935 -0.6260936639055846 1
-0.8974849265854211 0.2766523373928318 0
1.96269116660673 0.42082406859761634 1
0.8091601984373805 -0.35234498520679436 1
0.6477479528751061 -0.2687603045310466 1
0.13443829356649722 0.916253191846677 0
0.152378141557711 0.9656940936532186 0
1.4016014352419706 -0.5302254055924442 1
0.9800888599607505 0.35067245720697854 0
1.0120286596712498 -0.509644735820315 1
-0.34119955855337714 0.7703931289510936 0
0.0021745929091022964 -0.1143080184538242 1
1.7231309760545779 -0.37107393204106287 1
0.5519611189166101 0.8215606854211439 0
0.4242877777084625 -0.21101615713135738 1
0.5605830234370821 0.6988106678269701 0
0.8175972755235852 0.10329030479527543 0
1.0271232877451097 -0.4737306230082339 1
-0.9189770304951318 0.24748940959401652 0
-0.4740872795514025 0.8284952334423886 0
0.00275068279755772 0.33281925493643827 1
-0.6401536657231498 0.8944773420311742 0
