-4.6071 10.1419 0
-3.8456 9.0266 0
-5.1144 7.2439 0
-3.1121 8.1883 0
-3.9465 8.5112 0
-3.9753 8.6228 0
-2.5369 7.7881 0
-1.6330 9.5478 0
-2.9581 7.8269 0
-3.1979 8.3302 0
-5.8783 5.2141 0
-5.1230 8.0960 0
-4.7863 6.7661 0
-5.4446 8.0473 0
-4.0687 7.9456 0
-4.2169 8.9759 0
-5.0154 8.3834 0
-4.4670 9.2177 0
-2.4963 9.1856 0
-3.2099 7.7562 0
-5.6647 6.7992 0
-3.2284 7.2622 0
-5.0801 6.8896 0
-3.9730 8.6611 0
-4.5286 7.2824 0
-4.7196 7.7366 0
-4.7219 9.5216 0
-3.7948 8.2050 0
-4.8494 8.7587 0
-3.1130 7.9940 0
-4.9444 7.9064 0
-3.7082 8.4729 0
-4.3170 6.8597 0
-4.8903 8.8192 0
-2.8481 8.3645 0
-4.2875 7.7912 0
-3.7141 9.7340 0
-5.0388 6.8852 0
-3.5314 9.0468 0
-3.6923 7.1329 0
-4.9449 8.3855 0
-3.8039 8.4017 0
-4.2692 5.4531 0
-5.4027 8.1660 0
-5.5971 8.3026 0
-3.4837 9.6248 0
-2.2696 7.9510 0
-4.0566 8.1712 0
-3.0101 9.4165 0
-2.0858 7.7863 0
-2.7773 8.5006 0
-2.7581 8.6273 0
-3.0498 8.3700 0
-4.2585 8.3578 0
-6.5193 6.0030 0
-2.8150 8.4783 0
-3.5433 8.2058 0
-4.9081 7.5922 0
-4.6673 8.3171 0
-3.5767 8.4972 0
-3.9425 8.8495 0
-3.5724 9.0186 0
-3.7176 7.4713 0
-5.6714 7.4156 0
-2.9694 7.4319 0
-3.6775 8.4658 0
-2.5881 8.2009 0
-3.3951 8.9665 0
-4.3998 7.3285 0
-3.4076 9.7352 0
-4.2563 7.7033 0
-4.1594 6.7214 0
-4.0906 8.1447 0
-4.7622 7.1543 0
-5.2560 7.0753 0
-3.4326 8.7145 0
-4.5635 8.4479 0
-4.0681 7.9624 0
-1.7015 8.1341 0
-4.2567 8.3026 0
-4.0265 7.0477 0
-4.5981 6.4325 0
-3.6377 9.9011 0
-4.6124 7.7570 0
-4.0440 6.9031 0
-4.6080 7.5533 0
-5.3797 7.4700 0
-5.5396 6.0250 0
-2.1156 8.2494 0
-3.2404 7.6509 0
-3.7759 9.4272 0
-2.0463 7.5283 0
-3.2731 8.1418 0
-4.3315 7.4952 0
-4.1284 7.8880 0
-4.8887 7.2745 0
-3.2828 8.5013 0
-3.9719 7.9504 0
-5.6605 8.1654 0
-4.9356 8.2288 0
-2.7227 8.8652 0
-4.8783 7.2240 0
-4.6838 8.6607 0
-4.4197 8.4306 0
-4.6255 7.1612 0
-3.3853 6.9866 0
-4.3488 8.7730 0
-3.1082 8.2062 0
-6.1798 6.5354 0
-3.9986 7.9084 0
-4.1010 7.4746 0
-5.4902 8.1157 0
-6.0392 6.7544 0
-6.3930 5.3457 0
-4.4069 7.7961 0
-2.4812 8.1543 0
-4.2996 8.5786 0
-2.6557 8.9021 0
-4.1771 6.9585 0
-3.1682 7.0280 0
-3.0393 7.6761 0
-4.9322 8.0994 0
-4.9721 7.1323 0
-3.0715 8.6587 0
-4.1688 7.8240 0
-4.5989 8.7601 0
-2.9355 8.7318 0
-2.6560 7.6401 0
-2.8922 7.6645 0
-5.8831 8.2347 0
-4.4903 7.0541 0
-3.0641 9.4390 0
-3.4538 8.8848 0
-3.7145 7.9679 0
-3.3252 8.8793 0
-2.5737 7.4994 0
-4.1946 6.5386 0
-4.7358 6.4931 0
-4.2411 8.9695 0
-3.9531 7.6048 0
-4.1728 6.7200 0
-2.8564 8.9605 0
-5.8835 7.2191 0
-3.2331 8.1919 0
-3.4558 6.2966 0
-4.6672 7.6356 0
-4.1180 8.9995 0
-4.5764 8.6237 0
-2.2240 9.2024 0
-3.4784 9.1344 0
-4.4079 8.5574 0
-5.0113 8.3055 0
-4.0701 8.2575 0
-4.1195 5.5333 0
-4.4199 9.1227 0
-3.3691 8.9686 0
-4.5674 7.2329 0
-3.4986 7.2511 0
-2.4633 10.5836 0
-3.1808 8.1094 0
-14.0461 -11.4096 1
-13.9702 -10.9688 1
-16.9753 -10.6147 1
-15.4095 -10.7765 1
-13.7616 -11.0078 1
-14.2715 -11.6140 1
-14.5589 -10.2233 1
-14.3374 -9.7426 1
-15.5269 -10.4606 1
-14.8506 -10.9537 1
-15.4614 -10.8972 1
-13.8573 -9.8520 1
-15.7143 -9.7623 1
-14.2141 -10.0069 1
-15.0118 -11.7029 1
-15.2883 -11.5887 1
-15.5677 -10.9125 1
-15.3640 -11.0617 1
-14.7407 -11.0961 1
-15.6818 -10.8823 1
-14.6930 -11.0742 1
-16.7105 -11.7619 1
-14.7919 -10.1032 1
-14.5244 -11.9304 1
-14.1532 -10.0853 1
-14.7732 -10.0301 1
-14.3548 -11.4578 1
-13.9680 -11.2169 1
-15.6287 -10.5715 1
-13.0981 -8.6519 1
-13.4461 -9.9267 1
-14.9669 -10.3900 1
-13.3016 -11.3830 1
-14.1055 -10.4561 1
-17.6702 -11.4765 1
-16.2547 -11.7062 1
-14.8590 -11.6680 1
-15.8173 -11.1624 1
-15.5607 -11.3916 1
-15.4859 -9.5458 1
-16.0336 -11.4462 1
-15.4952 -12.1344 1
-16.1756 -12.2415 1
-14.7117 -10.3074 1
-15.9111 -10.6787 1
-15.9151 -10.0470 1
-14.4541 -11.1777 1
-13.8871 -11.3242 1
-16.5379 -11.1797 1
-14.9156 -10.8668 1
-14.6499 -11.1106 1
-14.9208 -10.1410 1
-14.6234 -11.7519 1
-15.6957 -10.7966 1
-14.2673 -9.5115 1
-14.8035 -10.3075 1
-15.5850 -10.0162 1
-15.2109 -10.7415 1
-14.2590 -10.7499 1
-15.3234 -10.7426 1
-15.8749 -10.9167 1
-16.3012 -12.3585 1
-16.9013 -10.6546 1
-13.4411 -9.3065 1
-15.4506 -11.4969 1
-13.8664 -8.8747 1
-14.6253 -9.5285 1
-13.2667 -9.7094 1
-15.6141 -9.4541 1
-12.3473 -8.6890 1
-13.9831 -9.8252 1
-14.2779 -11.1584 1
-16.5818 -11.1666 1
-16.5853 -11.6371 1
-15.6226 -12.1452 1
-16.5021 -12.4844 1
-13.1112 -9.6373 1
-14.5612 -10.9609 1
-14.0401 -10.9401 1
-11.8995 -11.1644 1
-14.3560 -10.6412 1
-15.3941 -11.7811 1
-15.3178 -11.1326 1
-15.1492 -12.4751 1
-16.2958 -12.3051 1
-14.5975 -12.3188 1
-13.8865 -9.8737 1
-15.9008 -10.4783 1
-14.0742 -12.0508 1
-15.7896 -10.2463 1
-15.8236 -9.6039 1
-17.6982 -12.7094 1
-14.4716 -11.3618 1
-12.7957 -10.1342 1
-14.6471 -8.8039 1
-15.7625 -11.6140 1
-14.9341 -10.3661 1
-15.0777 -12.3034 1
-14.6553 -10.2725 1
-15.7916 -10.3039 1
-14.8100 -10.3998 1
-15.4507 -11.0377 1
-16.2287 -11.6000 1
-15.3122 -10.1516 1
-14.2808 -10.4331 1
-15.9179 -10.7282 1
-14.8046 -10.7917 1
-15.0708 -9.5073 1
-14.1418 -10.6435 1
-15.6857 -11.1796 1
-14.4628 -10.9342 1
-16.4994 -12.2306 1
-15.0280 -10.2994 1
-14.4522 -10.2906 1
-15.5197 -10.8326 1
-15.1227 -10.2018 1
-15.2149 -11.6316 1
-13.0111 -12.0343 1
-13.6551 -9.7732 1
-14.8403 -11.1984 1
-16.3462 -11.9686 1
-14.1924 -9.8343 1
-15.1160 -11.0158 1
-15.9811 -10.8105 1
-14.5757 -10.8454 1
-15.9724 -10.8229 1
-15.3124 -11.2473 1
-14.9156 -9.5858 1
-14.8132 -10.0646 1
-14.0650 -10.6201 1
-16.2209 -11.1147 1
-13.9965 -11.8382 1
-15.9766 -9.7235 1
-15.6092 -9.4312 1
-15.0002 -9.9636 1
-16.2595 -12.6946 1
-16.1320 -10.9840 1
-15.3191 -13.5344 1
-14.7718 -10.6663 1
-15.3880 -10.2697 1
-14.6152 -11.2794 1
-14.7548 -10.4587 1
-12.8473 -10.9027 1
-15.7689 -10.8458 1
-13.6896 -11.4798 1
-16.6488 -12.1412 1
-15.6378 -11.2653 1
-15.6842 -10.7736 1
-15.3344 -11.2477 1
-14.4105 -10.0349 1
-15.0956 -10.3799 1
-15.0100 -9.9123 1
-13.7449 -9.9058 1
-15.9741 -11.9904 1
-17.3956 -12.0802 1
-14.7941 -11.8918 1
-14.4288 -11.9891 1
-15.1095 -12.2520 1
-13.9038 -9.9421 1
-14.0880 -10.8899 1
-0.9675 -8.8558 2
-1.1620 -9.9885 2
-0.1604 -8.4376 2
-1.4456 -8.3447 2
0.0148 -8.1511 2
-0.6857 -9.6334 2
0.6900 -7.3686 2
-0.6281 -7.9568 2
-1.7671 -8.8513 2
-1.3469 -9.7563 2
-1.9043 -10.2382 2
0.0824 -10.0646 2
-3.2570 -9.2915 2
-1.9360 -9.2910 2
-2.4334 -9.6545 2
-0.8693 -7.9455 2
-2.2735 -9.8245 2
-0.6318 -8.7709 2
-1.2422 -7.5650 2
-0.7205 -9.2284 2
-0.1592 -9.0306 2
0.8123 -6.0191 2
-1.0974 -8.1843 2
-2.1347 -9.5322 2
-1.2150 -9.0606 2
-0.4663 -8.2167 2
-0.3631 -9.1403 2
-1.4300 -8.6078 2
-1.2849 -10.6849 2
0.2709 -8.3136 2
-0.2226 -9.5452 2
-1.4761 -9.5730 2
-1.2080 -7.6027 2
0.1961 -8.6788 2
-0.9381 -7.8343 2
-2.7306 -11.5313 2
0.0904 -8.6124 2
-1.8474 -8.3012 2
-0.7801 -9.1231 2
-1.6895 -9.3581 2
1.0240 -7.8933 2
-1.3883 -10.3395 2
-1.8684 -9.0510 2
-1.6100 -10.2989 2
-0.3023 -9.0332 2
-0.5117 -9.1090 2
-0.2321 -8.9413 2
-2.1755 -11.4418 2
-0.4122 -7.9855 2
-1.5029 -8.2726 2
-2.8124 -10.3901 2
-0.8572 -7.0256 2
-1.0539 -8.9425 2
-0.7287 -8.2983 2
-1.8432 -10.3424 2
-1.4697 -10.1331 2
-1.2757 -8.3428 2
-0.1509 -8.4861 2
-0.4317 -7.7494 2
0.1942 -9.3122 2
-1.3289 -10.1208 2
-2.1393 -9.8730 2
-0.1909 -7.7137 2
-2.3105 -9.5179 2
-1.9055 -10.7200 2
0.1781 -6.9664 2
-1.3023 -10.2902 2
-1.0899 -8.4547 2
0.3322 -8.8795 2
-1.0996 -6.6684 2
-0.6814 -6.6245 2
-0.9678 -11.4573 2
-0.5966 -8.7939 2
-0.3423 -8.6506 2
-1.5281 -9.2165 2
-2.1065 -8.9531 2
-3.1905 -9.2344 2
-1.5112 -9.7114 2
0.7904 -8.6999 2
-1.1210 -8.9860 2
0.2638 -8.5420 2
0.8996 -7.7998 2
-1.7492 -8.7663 2
-2.7035 -9.5975 2
-0.4295 -8.9998 2
-0.5204 -8.7178 2
-1.0727 -8.6136 2
-2.1270 -10.1546 2
-0.4574 -7.9852 2
0.2703 -8.0273 2
-2.2597 -9.3100 2
-1.0725 -9.5538 2
-0.4351 -8.2559 2
-1.5929 -10.8167 2
0.3842 -9.0435 2
-0.8984 -10.6137 2
-0.0983 -10.1788 2
-1.5085 -9.0854 2
-2.9827 -9.4016 2
-0.2212 -7.0164 2
0.0993 -9.8262 2
-1.9340 -10.3382 2
0.2081 -7.7929 2
-0.2837 -9.2463 2
-0.0332 -9.4723 2
-0.3116 -9.7256 2
-3.3014 -10.8997 2
0.2261 -7.5463 2
-2.7671 -11.4507 2
0.2861 -7.9497 2
-0.4469 -8.1620 2
-1.0255 -12.0035 2
-2.5277 -10.5516 2
0.4356 -8.3107 2
-0.5635 -7.7700 2
-0.7145 -10.0331 2
-0.4443 -8.2160 2
-1.7878 -8.0401 2
-1.4892 -8.8802 2
-1.4560 -9.8798 2
0.9095 -8.5250 2
-0.2805 -9.9122 2
-1.6925 -8.8997 2
-1.2656 -9.4106 2
-1.3416 -7.4531 2
-0.7961 -8.1858 2
-1.3469 -9.0760 2
-1.2074 -9.4050 2
-0.0855 -9.6627 2
-1.2289 -9.3980 2
-1.3433 -8.3862 2
-1.8124 -9.6100 2
-1.2912 -9.3466 2
-1.0740 -9.9040 2
-0.3623 -8.3985 2
-1.8910 -12.0117 2
-1.1512 -8.6209 2
-1.7423 -10.3341 2
-2.9414 -9.7100 2
-1.0309 -9.1308 2
-1.5942 -9.5005 2
0.7027 -7.8846 2
-2.0841 -9.5949 2
-0.1722 -9.0968 2
-0.7328 -9.4234 2
-1.5656 -8.7701 2
-0.4885 -7.5311 2
0.0294 -8.4989 2
-2.3145 -10.7382 2
-0.3706 -8.9341 2
-1.3444 -8.5517 2
-1.4211 -9.9274 2
-0.5902 -9.2742 2
-0.7901 -9.5321 2
-1.7706 -10.1368 2
0.0788 -11.1400 2
-0.4781 -9.4980 2
-1.4669 -9.2015 2
-2.1024 -9.2788 2
-2.7197 -9.1060 2
3.3622 -7.5553 3
2.1295 -6.6513 3
0.8427 -5.8661 3
2.0504 -7.7593 3
0.1775 -8.2459 3
0.4227 -7.0096 3
2.2124 -6.9852 3
2.6130 -5.7991 3
-0.0817 -7.5757 3
-0.0014 -6.7717 3
1.6703 -7.1629 3
1.1044 -8.6949 3
0.7002 -8.3168 3
0.6901 -7.0503 3
0.9069 -6.9670 3
0.0957 -7.3611 3
0.8703 -7.3580 3
0.5980 -7.5425 3
1.8096 -5.9537 3
0.3902 -7.5389 3
-0.5120 -7.5794 3
1.4719 -5.5924 3
-0.9625 -7.4222 3
-0.4810 -8.0272 3
-0.0164 -6.5939 3
-0.0576 -8.4355 3
-0.3577 -6.9974 3
0.6267 -6.9217 3
0.6110 -6.5167 3
0.8167 -7.8876 3
0.7553 -7.0256 3
0.9116 -6.0165 3
0.6224 -7.7360 3
-1.5230 -9.5120 3
-0.2667 -7.6499 3
1.7518 -6.2315 3
1.4081 -5.5675 3
1.5416 -5.7517 3
1.8489 -7.7356 3
2.7140 -6.9003 3
0.2273 -6.7973 3
0.4848 -7.4530 3
2.5798 -6.3207 3
1.6010 -7.6871 3
0.9360 -6.7140 3
0.9840 -7.0329 3
0.9135 -7.4203 3
1.2886 -6.8814 3
3.1167 -5.0890 3
0.7019 -6.1818 3
0.9938 -5.6667 3
0.9402 -7.4716 3
-0.5837 -8.5114 3
1.7337 -7.2347 3
0.5035 -6.0707 3
0.8604 -8.8088 3
0.3008 -6.8226 3
0.8480 -5.9222 3
-0.2090 -8.9357 3
1.4346 -6.3042 3
1.9638 -8.0681 3
0.0511 -8.3843 3
-0.0071 -7.5020 3
0.9637 -7.0710 3
-0.3177 -7.2970 3
0.5287 -6.9661 3
1.9192 -6.9741 3
1.6244 -6.8949 3
0.2573 -7.3106 3
1.8985 -5.8372 3
1.1374 -6.9094 3
0.7017 -8.4509 3
1.1656 -7.5475 3
1.7703 -5.0730 3
-0.4121 -7.1178 3
-0.4551 -7.5529 3
1.2979 -7.6241 3
0.7276 -8.1711 3
0.9349 -8.2976 3
0.4374 -6.7935 3
1.2309 -7.6126 3
0.3281 -5.0615 3
1.4123 -7.3465 3
2.1479 -8.0111 3
2.3451 -7.6697 3
1.7385 -5.3364 3
2.0879 -6.5743 3
1.5382 -7.7451 3
0.5110 -8.7757 3
-0.3919 -7.7302 3
0.2128 -6.9662 3
1.7853 -8.1778 3
-1.2426 -7.4378 3
-0.8401 -8.0659 3
0.9217 -7.8929 3
-0.8131 -6.4242 3
1.6684 -7.4726 3
2.0126 -7.4931 3
1.6155 -8.7815 3
0.6787 -6.9090 3
0.8190 -6.6094 3
-0.1016 -7.1089 3
1.2351 -7.9750 3
-0.5830 -6.9889 3
0.1131 -9.1550 3
-0.4134 -6.7036 3
-0.1140 -8.8592 3
0.0771 -5.5671 3
1.7215 -5.2113 3
-0.2999 -7.2180 3
1.2279 -6.7230 3
1.0086 -5.9803 3
1.0308 -6.4377 3
1.9844 -6.0177 3
1.7638 -8.9033 3
0.4655 -7.8998 3
1.0243 -7.0734 3
0.8963 -4.6989 3
1.3262 -7.8036 3
1.0318 -8.5676 3
1.2395 -5.6870 3
1.7856 -7.9410 3
0.9528 -7.3194 3
1.7693 -6.8013 3
2.6923 -6.6748 3
1.8701 -8.7814 3
-0.1422 -7.6931 3
0.1555 -6.0350 3
1.0025 -5.3234 3
2.6284 -6.2447 3
2.0458 -6.3794 3
0.8368 -8.4285 3
0.1571 -6.0318 3
-0.4925 -6.8621 3
1.3503 -7.3212 3
1.8956 -5.9523 3
0.8980 -6.7917 3
1.0679 -7.4999 3
1.2687 -6.6655 3
2.3976 -6.7409 3
-0.0484 -8.4267 3
0.7547 -6.1873 3
0.6974 -8.2054 3
0.8259 -6.8349 3
1.4114 -7.0192 3
1.2859 -7.8185 3
0.8751 -6.2715 3
0.5158 -7.2772 3
0.8141 -8.3215 3
2.1257 -6.1530 3
1.2395 -8.5874 3
3.5442 -6.0634 3
2.2137 -7.7132 3
1.8106 -6.4111 3
0.0723 -8.3465 3
-0.5721 -7.2596 3
1.4173 -6.2282 3
0.7390 -6.3009 3
2.4406 -5.8956 3
0.6316 -7.4699 3
5.7668 12.9477 4
6.3405 13.4727 4
5.3103 13.3797 4
6.0312 13.0169 4
6.5066 13.2146 4
6.1087 12.5453 4
4.9989 10.6677 4
6.2162 13.6585 4
5.7416 13.8652 4
3.8901 12.0666 4
4.3142 13.5164 4
6.7356 11.5484 4
7.3800 14.7648 4
6.2659 14.9445 4
5.9630 10.2004 4
5.9927 12.4714 4
6.1921 12.8642 4
6.0159 11.8597 4
6.6261 13.6382 4
5.3985 13.0003 4
6.3966 12.9838 4
7.2076 11.5820 4
5.0676 12.7748 4
6.9098 14.6164 4
4.7053 12.6490 4
6.8933 13.3761 4
7.0271 13.1670 4
8.3287 13.6904 4
6.4582 14.6844 4
5.2648 12.5472 4
7.2691 15.2147 4
6.5253 13.1698 4
7.2447 13.5517 4
6.6165 13.5603 4
6.7147 12.5743 4
6.0872 11.9740 4
5.3584 11.7415 4
5.0680 13.2267 4
8.4137 14.1672 4
4.6405 12.1311 4
6.0144 12.8251 4
6.3545 13.7360 4
5.1077 12.5683 4
8.3531 12.8678 4
5.3862 13.1804 4
5.0498 11.9462 4
5.4759 13.1651 4
4.7642 11.5853 4
5.7888 13.1070 4
6.4273 14.3014 4
4.8684 11.8816 4
5.1486 13.7683 4
7.0122 14.4361 4
6.3421 12.7722 4
7.0910 14.3766 4
6.0720 14.3005 4
4.8495 12.6512 4
6.9699 13.4871 4
7.1412 12.8323 4
6.4836 14.1631 4
4.2977 13.5588 4
6.5136 12.1873 4
7.1883 14.5752 4
7.0363 13.2538 4
7.2641 14.8012 4
5.3251 13.4649 4
5.6173 12.6985 4
7.3271 13.0035 4
5.3085 14.1095 4
6.4405 13.6887 4
6.4568 13.7467 4
5.2374 13.9310 4
5.9362 12.1761 4
5.6334 12.3127 4
5.4411 12.9996 4
3.6078 12.5244 4
4.6379 11.8030 4
4.6708 11.1028 4
6.7792 12.8215 4
6.4121 14.8486 4
5.4622 13.0627 4
6.6535 13.4538 4
5.6016 13.3813 4
4.1623 12.5932 4
4.5466 11.9287 4
7.6874 13.8572 4
5.5077 13.2068 4
6.7931 12.6702 4
3.9163 13.3707 4
3.7190 10.3024 4
5.4272 11.7591 4
6.9578 14.4954 4
7.0937 12.7611 4
5.1864 13.4562 4
7.7555 15.5682 4
7.0445 13.6299 4
6.5502 13.2391 4
6.5261 12.6960 4
6.1490 14.0740 4
6.5109 13.6267 4
6.8431 13.1764 4
4.9435 12.9007 4
5.4789 11.7839 4
7.3445 14.2083 4
6.8994 12.4925 4
4.1582 12.0276 4
7.3495 13.8495 4
5.0688 12.1781 4
6.7227 14.1141 4
5.9740 15.8351 4
8.3906 12.6444 4
7.2237 14.5891 4
3.9324 12.6235 4
6.7790 13.1267 4
5.5705 13.1422 4
5.6892 12.3464 4
6.3501 13.2496 4
7.4216 14.7461 4
5.6610 11.2596 4
6.1041 10.8588 4
5.8815 13.8396 4
5.7075 14.8881 4
5.1392 12.5112 4
5.8391 14.1015 4
5.6254 11.5410 4
4.9225 12.2202 4
5.3979 13.1358 4
6.8256 12.7475 4
7.4655 14.5681 4
7.2096 13.4919 4
7.5953 12.3920 4
6.5648 12.5123 4
6.4966 11.4521 4
7.3251 14.0281 4
6.0153 13.4158 4
6.3322 13.8301 4
4.6475 12.0407 4
4.6752 13.0300 4
6.1095 13.8962 4
5.6269 12.4181 4
5.8781 13.1588 4
6.7742 14.5882 4
3.5494 12.4851 4
5.3872 13.8034 4
5.2285 12.2515 4
6.3158 13.7057 4
4.6788 10.7790 4
5.4497 12.1705 4
6.0642 12.6490 4
7.2056 13.0960 4
5.3804 12.0934 4
4.8882 13.2095 4
6.8994 14.5200 4
4.6280 11.1633 4
6.4122 13.6244 4
6.2786 12.0656 4
6.3435 13.6537 4
7.1679 12.5767 4
7.0898 14.4649 4
5.9614 12.7212 4
