-3.6809 10.7220 0
-5.8391 7.8269 0
-6.1289 8.0787 0
-4.4946 9.4182 0
-4.7499 10.8672 0
-4.8485 9.6263 0
-5.4023 7.9210 0
-3.6732 9.0948 0
-5.1905 8.5416 0
-2.0934 11.6150 0
-5.6146 10.0204 0
-4.6628 7.2894 0
-5.1126 8.7530 0
-4.8795 8.7213 0
-6.2512 10.4419 0
-3.3327 9.6357 0
-5.3429 8.8050 0
-6.2725 7.8430 0
-6.5404 8.7928 0
-4.5619 8.1043 0
-5.2911 6.5844 0
-3.8175 9.3065 0
-5.4691 8.7209 0
-5.3685 9.2056 0
-3.6142 10.3697 0
-7.3633 7.0823 0
-5.9103 8.2947 0
-3.1597 10.2148 0
-5.1968 8.5934 0
-4.8144 9.6366 0
-4.9085 9.0010 0
-3.6440 8.4472 0
-4.4138 9.1632 0
-3.8992 10.4590 0
-4.4270 9.0973 0
-6.1104 10.0092 0
-5.0422 8.8005 0
-5.9046 8.5723 0
-3.4137 9.9601 0
-3.0101 10.9549 0
-5.4094 9.3222 0
-6.0142 8.1462 0
-6.4935 9.2410 0
-3.5439 10.2917 0
-7.4992 7.5071 0
-3.8818 9.9737 0
-6.4159 7.7626 0
-6.3780 8.4803 0
-5.1464 9.1301 0
-3.6138 10.8601 0
-3.4415 9.5469 0
-4.9863 9.7510 0
-4.5129 7.0281 0
-4.3439 9.5846 0
-4.4129 7.9756 0
-4.0757 7.8335 0
-3.9396 10.1094 0
-5.2922 7.6605 0
-5.0204 9.0118 0
-6.7227 7.8942 0
-6.0041 8.8090 0
-5.8267 8.3025 0
-4.5339 7.6902 0
-6.8225 9.1438 0
-5.4687 8.1617 0
-2.9331 10.4883 0
-6.0024 8.8486 0
-4.8844 10.1507 0
-5.5649 8.8238 0
-3.9093 10.7687 0
-6.2649 7.4587 0
-3.8479 8.8844 0
-4.8336 9.4576 0
-6.6795 9.7349 0
-5.9970 9.4367 0
-4.5364 9.3692 0
-4.8936 7.7062 0
-4.4667 9.3421 0
-4.5577 9.3327 0
-5.5568 8.7359 0
-3.2286 8.0069 0
-4.4841 8.9062 0
-4.8530 8.1547 0
-3.8015 9.0371 0
-4.5877 8.7116 0
-2.8182 9.0606 0
-6.7275 7.5503 0
-5.5476 7.8407 0
-3.7949 11.1856 0
-5.5909 9.5502 0
-3.9343 10.9410 0
-4.4841 10.0893 0
-7.1798 8.8777 0
-5.7771 8.6694 0
-5.5859 9.2410 0
-6.2510 8.8083 0
-6.2002 10.0204 0
-7.1712 9.4643 0
-4.9587 7.8551 0
-4.0639 7.9982 0
-5.9612 7.8855 0
-5.5083 9.7514 0
-4.4823 9.5854 0
-5.5089 7.6072 0
-4.8857 9.7451 0
-4.6271 10.1729 0
-5.5308 10.5255 0
-4.9808 10.0334 0
-3.5857 9.4941 0
-4.0883 8.9047 0
-3.1818 9.9715 0
-2.1264 11.0596 0
-4.4127 10.3711 0
-5.1828 9.2765 0
-4.0127 8.7352 0
-4.7453 10.1250 0
-4.7544 10.8990 0
-4.4968 8.8790 0
-5.6765 8.8568 0
-3.3446 8.1650 0
-6.2032 6.3306 0
-5.2667 10.2663 0
-4.6597 8.7129 0
-5.5618 8.2743 0
-4.7269 9.8401 0
-6.4688 9.2818 0
-4.9726 7.7981 0
-5.5896 5.7554 0
-5.1043 8.3214 0
-5.2132 8.1413 0
-4.2332 6.1935 0
-3.8357 8.2633 0
-4.1224 8.0577 0
-4.6311 8.7319 0
-3.9948 9.2245 0
-5.3079 9.3809 0
-7.3816 8.4485 0
-5.0621 9.1987 0
-6.6393 7.8611 0
-4.0199 10.9915 0
-5.3018 8.0711 0
-5.1285 9.2172 0
-2.3039 8.9471 0
-4.8550 9.5799 0
-5.9389 7.8796 0
-6.3860 9.0278 0
-4.2997 8.7450 0
-4.4233 8.2466 0
-4.3995 9.9232 0
-4.9536 8.1764 0
-5.2860 7.5814 0
-4.4126 9.6526 0
-4.7705 8.9463 0
-5.9131 7.4661 0
-4.0701 8.2547 0
-3.6257 9.3271 0
-4.1918 9.9608 0
-5.7725 8.9669 0
-5.5416 8.9218 0
-5.1497 7.9220 0
1.1374 -9.4098 1
0.7092 -9.9750 1
-0.3196 -10.7447 1
0.1936 -10.6971 1
-0.3670 -10.1538 1
-1.0727 -9.7278 1
-0.2679 -11.8369 1
-0.6252 -9.8949 1
-2.3326 -11.1456 1
0.8019 -11.6821 1
-0.4272 -11.8852 1
1.0808 -8.7899 1
-2.1499 -10.6590 1
-0.5580 -11.3594 1
1.2789 -9.1211 1
-1.1502 -11.6917 1
-1.5382 -11.9552 1
-0.4281 -7.5620 1
-1.3549 -9.8405 1
0.6983 -10.5077 1
0.3905 -10.2433 1
-1.6267 -9.6855 1
1.1901 -9.9405 1
-0.7280 -8.5767 1
-0.5516 -9.3698 1
-0.0110 -10.0125 1
-0.2203 -9.8604 1
0.1682 -10.3590 1
0.9827 -9.7940 1
-1.9746 -9.8892 1
-0.3852 -9.6899 1
0.2454 -10.1149 1
1.0841 -8.8846 1
-1.6438 -11.0611 1
-0.5639 -10.8919 1
-0.0035 -10.6379 1
-0.8050 -9.3174 1
-0.2921 -10.0565 1
1.2415 -9.3310 1
-1.1948 -11.7633 1
-0.0963 -8.1083 1
-0.6369 -11.0866 1
0.7596 -10.4250 1
-1.7351 -10.1679 1
0.9703 -8.5865 1
-1.4986 -10.7234 1
0.2994 -10.5473 1
-1.7853 -11.4834 1
0.6787 -9.3494 1
0.1753 -11.9896 1
0.3931 -10.7174 1
0.6730 -8.7234 1
0.7268 -10.0549 1
-0.4457 -8.5263 1
-0.4356 -9.5335 1
2.0629 -10.1886 1
-0.1439 -11.2212 1
0.7265 -8.9728 1
-1.5308 -11.6581 1
-0.4083 -10.8029 1
-1.0217 -10.3774 1
-0.9322 -12.1771 1
0.6740 -10.0282 1
-0.8802 -10.0481 1
0.0142 -10.8499 1
1.0058 -9.6168 1
-0.0279 -9.0974 1
0.7201 -10.7982 1
-0.0150 -11.8700 1
-0.8154 -8.8479 1
-1.2991 -8.8541 1
0.2273 -10.2170 1
1.1499 -10.5500 1
1.0164 -10.3292 1
-0.4622 -10.1250 1
-0.5476 -8.9717 1
-0.0398 -9.4475 1
-0.6172 -11.9207 1
1.7065 -8.7577 1
0.5311 -9.6782 1
0.1486 -10.7146 1
-0.9709 -10.7325 1
-1.1743 -10.9225 1
0.1016 -8.9945 1
-0.4096 -11.0003 1
0.1617 -10.7106 1
-0.6039 -8.8418 1
1.4511 -8.2105 1
0.6374 -8.7228 1
-2.0035 -10.3795 1
-1.7372 -11.7595 1
-1.5490 -10.4968 1
-0.8577 -9.5982 1
2.3827 -9.9223 1
0.4585 -9.9983 1
-1.6564 -11.9949 1
0.1781 -9.6890 1
-0.8636 -8.6447 1
0.4441 -10.3030 1
-2.2145 -11.0208 1
0.1359 -9.5906 1
-1.7356 -10.9080 1
-0.4977 -11.4066 1
-0.3613 -8.6481 1
-0.8776 -11.2604 1
1.2724 -8.2760 1
-1.1959 -10.2832 1
-0.4943 -9.9593 1
1.2524 -8.8292 1
0.7668 -10.4073 1
-0.4762 -9.3614 1
-0.1019 -8.8442 1
-0.3966 -9.5041 1
0.2174 -11.1072 1
0.9106 -10.6846 1
1.2359 -9.0231 1
1.1572 -9.8775 1
0.4765 -9.6699 1
0.1777 -10.8247 1
1.1166 -9.5906 1
-0.0537 -9.1828 1
0.1483 -10.3692 1
-2.6609 -11.6260 1
-0.3735 -10.5956 1
1.8546 -9.7234 1
-1.6510 -10.9398 1
-0.4694 -10.4529 1
-1.7593 -10.8582 1
1.3086 -9.8873 1
0.0387 -10.3668 1
-1.7134 -12.4864 1
-0.2688 -10.0755 1
-0.1266 -9.6684 1
0.3330 -10.9052 1
-0.7229 -10.1825 1
-0.6520 -10.3046 1
-0.1410 -9.2748 1
0.1955 -8.9299 1
0.9496 -10.8489 1
-0.5902 -10.8774 1
-0.2607 -10.8170 1
1.4539 -9.5879 1
0.6110 -9.4434 1
0.5170 -8.5747 1
1.3418 -10.5833 1
-1.8148 -11.2463 1
0.0200 -8.0281 1
-0.1368 -9.8980 1
-0.7651 -10.8970 1
-0.3755 -11.0733 1
2.2987 -9.4347 1
0.9303 -7.5083 1
-0.0992 -11.3395 1
-0.4769 -9.4145 1
0.2353 -9.5376 1
0.5634 -9.8692 1
-2.0281 -9.7215 1
1.4144 -10.7059 1
-1.1253 -10.3189 1
0.2541 -10.0568 1
9.2796 5.7195 2
9.7902 3.0319 2
11.3185 5.3643 2
9.1288 4.2552 2
10.0503 3.2294 2
8.9294 3.1725 2
10.1740 5.1785 2
10.5694 3.9818 2
10.4322 3.9154 2
10.1353 4.5619 2
8.9844 4.0590 2
10.4201 4.4220 2
8.4068 4.0025 2
11.1085 3.6376 2
10.7274 3.0392 2
9.2432 3.4273 2
10.1076 6.0488 2
10.1961 4.6423 2
8.4835 1.8432 2
10.6670 4.6520 2
8.5540 4.0178 2
10.4029 2.3726 2
9.2504 3.3718 2
9.2653 2.9364 2
9.6152 2.9581 2
9.7868 5.3913 2
10.2689 4.1338 2
9.7056 2.9473 2
12.8552 6.6965 2
9.3340 2.2897 2
10.0384 4.8515 2
11.2331 4.6406 2
9.3614 3.1090 2
10.9427 3.1922 2
9.6628 3.9112 2
10.2639 3.6665 2
7.7254 2.9780 2
8.5241 4.2845 2
11.1575 4.3357 2
8.8753 4.0661 2
9.7421 4.5066 2
10.7923 3.2561 2
9.6688 3.0837 2
9.9123 3.4766 2
7.9822 2.7158 2
10.0870 2.9793 2
11.0468 3.2487 2
9.4058 4.0487 2
8.9291 1.8624 2
9.8136 4.2451 2
9.5409 2.7532 2
10.5830 4.8504 2
10.4652 3.4891 2
11.5582 4.8564 2
11.5170 5.5566 2
9.3779 4.7236 2
8.0967 3.1159 2
9.6856 4.3898 2
9.3785 3.9089 2
9.5356 2.6547 2
11.6459 2.4252 2
11.9684 6.0384 2
12.0198 2.3219 2
9.9850 5.2163 2
7.8331 1.8716 2
8.4271 1.8815 2
8.9901 4.0728 2
7.9166 5.3894 2
9.2702 3.2344 2
8.8914 3.0382 2
9.0128 3.0918 2
9.0094 3.9976 2
10.1392 2.6650 2
10.4209 2.6619 2
9.8048 4.8277 2
10.3260 3.5657 2
10.6334 4.5596 2
11.2275 5.2042 2
9.6806 3.7973 2
12.0397 3.2442 2
10.0657 2.0051 2
10.3176 3.4023 2
11.0279 5.1560 2
11.9291 5.1477 2
9.0181 3.7628 2
8.5421 3.0543 2
10.4494 4.5915 2
10.7481 4.7973 2
9.1545 3.7797 2
9.4176 3.6892 2
9.8811 5.3572 2
8.0608 3.2730 2
8.8409 3.7188 2
9.7847 4.5349 2
11.3679 4.8516 2
9.3873 3.1861 2
9.5703 4.4993 2
9.5181 3.4733 2
10.5922 3.5249 2
11.0728 4.1826 2
11.2308 4.8386 2
9.0068 3.0053 2
8.9274 3.6286 2
9.7096 3.9813 2
7.5875 2.5541 2
8.8936 3.9675 2
9.3699 3.2127 2
10.8139 3.9551 2
8.7360 3.5474 2
10.0214 2.1926 2
10.0291 4.4020 2
11.7072 4.4530 2
11.5662 3.2830 2
9.1040 4.2769 2
10.3936 3.2461 2
9.4592 5.6001 2
9.9766 3.4615 2
9.7465 4.4557 2
9.6293 3.0546 2
10.8384 3.5821 2
9.7359 4.3880 2
10.3238 4.1231 2
10.0557 4.8988 2
10.4792 5.3905 2
10.2532 3.9432 2
9.3755 4.2921 2
8.8365 3.1652 2
11.2195 4.9894 2
12.2691 4.6667 2
9.2629 4.2476 2
11.3720 5.7604 2
9.4161 3.6301 2
8.9136 5.2470 2
9.6692 3.6932 2
9.3656 3.7602 2
9.2732 4.9604 2
10.6334 3.2415 2
9.2868 3.8432 2
10.2706 5.5197 2
9.5675 6.9134 2
9.0933 2.5357 2
8.2190 2.9124 2
10.5025 3.7987 2
11.1894 5.6978 2
10.5936 4.2516 2
10.9928 5.0580 2
10.7392 4.4373 2
8.9112 3.1109 2
9.4531 5.0051 2
10.7250 6.4333 2
10.3237 3.7751 2
11.9979 6.6279 2
10.2194 4.4951 2
9.9850 4.3890 2
10.5397 6.0924 2
10.1253 5.4632 2
8.4288 4.1907 2
9.0524 1.9886 2
9.3010 2.9852 2
10.3739 4.1508 2
-1.4895 9.0787 3
-0.7934 10.7073 3
-1.7124 9.1014 3
-3.9234 7.2155 3
-1.7147 9.9165 3
-2.7868 8.7509 3
-2.4987 8.5513 3
-2.5270 7.9409 3
-2.6287 9.5253 3
-2.0354 8.9109 3
-1.6627 8.8527 3
-1.6893 10.9715 3
-1.6654 9.0625 3
-3.0243 8.2045 3
-2.4181 10.0546 3
-2.4803 9.6214 3
-4.1205 8.0525 3
-1.1649 9.9517 3
-1.6722 7.7758 3
-3.3986 9.3535 3
-1.6275 8.3106 3
-2.0604 8.1012 3
-1.7387 8.7882 3
-2.7628 7.9419 3
-1.8630 7.1720 3
-2.8575 10.5464 3
-1.0410 9.3149 3
-0.7523 8.7552 3
-1.5880 11.0722 3
-2.1952 9.8811 3
-1.4777 9.0574 3
-2.0989 9.5431 3
-3.5968 5.7465 3
-1.5242 8.1771 3
-0.8952 11.3787 3
-0.9970 11.2070 3
-3.0144 7.4077 3
-2.2379 8.7765 3
-1.5482 8.9736 3
-5.0966 8.1866 3
-1.8951 9.4287 3
-1.0765 9.3726 3
-1.8736 8.2848 3
-2.4554 11.2044 3
-3.2648 10.4396 3
-2.0819 8.7962 3
-2.7937 8.8478 3
-1.3759 9.3996 3
-3.2696 9.5757 3
-0.3431 10.3396 3
-3.6458 7.6832 3
-1.4171 10.1412 3
-1.5561 8.7304 3
-2.8365 8.7679 3
-2.9410 9.3904 3
-0.4458 10.9906 3
-0.3707 8.6241 3
-2.1189 10.4623 3
-2.1023 7.9673 3
-1.9192 8.9597 3
-1.1286 8.4982 3
-3.3795 7.0223 3
-2.1682 10.5536 3
-1.4576 8.5663 3
-2.0267 10.1159 3
-0.9619 9.0593 3
-2.4490 11.2555 3
-3.7595 7.3457 3
-2.6819 8.1211 3
-3.0446 5.6296 3
-1.4696 10.0336 3
-2.8417 10.0270 3
-2.1151 8.6438 3
-0.9540 9.1580 3
-0.0686 12.2981 3
0.0274 9.5736 3
-0.0394 10.0997 3
-2.4483 8.0086 3
-0.7643 9.4900 3
-3.4400 7.5413 3
-1.5302 7.1509 3
-1.2994 9.9047 3
-3.5780 8.3494 3
-1.1823 7.9283 3
-3.8033 8.1474 3
-2.4455 9.4937 3
-1.1014 9.0205 3
-2.2503 9.8812 3
-0.7781 8.8799 3
-1.0907 10.6018 3
-2.4654 8.1872 3
-2.4412 8.8358 3
-2.4743 9.6339 3
-1.2827 8.7348 3
-0.7090 9.0785 3
-3.4042 7.2121 3
-1.3109 8.0789 3
-2.7087 8.3349 3
-3.8281 8.1432 3
-2.2701 9.1515 3
-1.1992 9.0648 3
-3.7331 9.3687 3
-2.0262 9.4088 3
-1.3376 7.6656 3
-1.8786 8.9976 3
-1.7371 7.8065 3
-2.6313 9.0311 3
-3.1333 6.5647 3
-1.4717 8.2946 3
-1.2063 9.4915 3
-2.1230 7.6876 3
-2.0912 7.4012 3
-1.0150 10.7906 3
-0.9525 8.6368 3
-1.9641 9.0311 3
-3.1056 8.2991 3
-2.9027 8.5402 3
-1.8250 9.5074 3
-1.9531 8.0155 3
-1.8066 7.3952 3
-1.4990 11.0168 3
-3.4148 7.5926 3
-2.3971 8.3226 3
-2.7872 8.9927 3
-0.8758 10.5556 3
-2.6713 8.9803 3
-1.9898 7.2705 3
-0.0010 9.8006 3
-2.2353 8.3390 3
-1.6372 9.8033 3
-2.5511 8.7367 3
-1.3327 9.1276 3
-1.9855 8.6088 3
-3.4140 8.2931 3
-2.0393 8.7750 3
-2.8709 9.7439 3
-0.5822 9.7735 3
-1.2958 9.6267 3
-2.0474 8.9478 3
-1.3909 9.4679 3
-1.4610 9.9633 3
-2.6183 9.1302 3
-1.3616 10.1738 3
-0.6095 11.4577 3
-2.0949 10.0044 3
-2.0603 10.1637 3
-1.9377 10.7189 3
-0.3084 10.0643 3
-1.7660 8.1411 3
-2.5794 9.1850 3
-3.2988 8.3411 3
-1.1410 9.3095 3
-0.2795 8.2463 3
-4.3591 8.0542 3
-1.9291 10.2359 3
-4.6385 8.0271 3
-1.3047 8.5435 3
-1.0623 9.8380 3
-2.8316 9.9322 3
-3.0030 6.2076 3
9.1328 -9.0222 4
7.3277 -10.4363 4
9.4217 -10.5951 4
9.9460 -8.8299 4
7.8541 -10.7765 4
7.6621 -10.1667 4
9.7470 -10.9697 4
9.6445 -8.8458 4
9.9319 -10.9160 4
6.8331 -12.6230 4
8.5869 -11.0811 4
8.4615 -13.0554 4
9.5757 -10.2822 4
8.1810 -10.6712 4
8.3928 -13.8590 4
8.5704 -10.4586 4
7.1875 -11.1060 4
7.2633 -11.0148 4
7.0682 -12.5175 4
8.5186 -10.2945 4
7.7521 -11.8609 4
9.2497 -11.0041 4
6.5981 -11.9634 4
6.3039 -10.8691 4
9.4720 -10.3258 4
7.1954 -11.3461 4
8.6253 -9.3828 4
7.2132 -11.9038 4
7.4783 -11.6778 4
9.7890 -10.3282 4
7.2442 -10.0859 4
6.2343 -11.0599 4
8.3372 -10.4392 4
9.3114 -10.4596 4
8.3303 -10.9835 4
9.8041 -8.8842 4
9.0127 -11.6871 4
7.2680 -9.4641 4
8.3182 -9.4552 4
8.1843 -10.7583 4
7.6814 -11.2410 4
8.2823 -10.8253 4
8.4783 -10.6341 4
8.8061 -10.4770 4
9.0733 -11.5612 4
6.3976 -11.4834 4
9.2196 -11.8307 4
8.5821 -11.1378 4
9.0091 -10.9792 4
8.1741 -11.6711 4
7.8071 -11.8420 4
9.2965 -10.3212 4
8.8210 -10.1162 4
7.3034 -11.2771 4
7.7466 -10.2289 4
7.5597 -11.0492 4
8.0639 -10.3465 4
8.6080 -11.7086 4
8.2448 -11.4083 4
6.7204 -12.2430 4
6.9464 -13.3090 4
5.7774 -12.8324 4
5.4699 -11.9071 4
9.4996 -10.3614 4
8.0103 -10.1730 4
8.9808 -11.1046 4
5.8353 -12.6320 4
8.9051 -10.8156 4
7.5985 -11.6673 4
6.6280 -12.0349 4
7.0979 -10.4910 4
8.6537 -12.3858 4
10.0086 -10.3727 4
7.6818 -10.9406 4
8.4219 -11.8491 4
8.3906 -11.3565 4
8.2682 -12.0084 4
7.8786 -11.5245 4
7.8199 -11.1785 4
9.0160 -9.7668 4
7.5587 -9.9447 4
8.6327 -12.7829 4
8.5048 -10.8826 4
8.2450 -8.9023 4
6.8742 -11.4926 4
8.1864 -11.0963 4
9.1804 -10.7135 4
8.8217 -11.8034 4
9.1248 -11.2693 4
7.5005 -11.3952 4
7.3354 -10.3472 4
8.0311 -11.2997 4
9.3171 -11.8953 4
5.2256 -13.3247 4
7.9125 -10.9398 4
8.0587 -11.7606 4
7.1621 -11.5992 4
8.5173 -9.6627 4
7.4938 -10.8492 4
7.8622 -11.4276 4
6.9412 -11.2409 4
8.7093 -11.5098 4
7.3106 -10.4945 4
7.8350 -12.5811 4
7.8097 -12.1022 4
10.4397 -11.9451 4
6.6545 -12.2871 4
8.0000 -11.2564 4
7.6389 -10.6631 4
7.6525 -11.7826 4
7.1442 -10.4617 4
7.9682 -11.4956 4
6.7317 -13.1878 4
7.8133 -11.6913 4
8.7083 -11.3866 4
7.1547 -11.2975 4
6.2956 -11.9906 4
9.3449 -9.4439 4
9.2239 -9.9246 4
7.3767 -9.4280 4
6.9325 -12.6639 4
7.8960 -10.3770 4
7.1051 -11.7752 4
5.6839 -13.5776 4
9.0948 -11.1078 4
7.2909 -10.8020 4
7.6648 -9.5548 4
7.7262 -10.7776 4
7.3423 -11.0516 4
6.6536 -11.9281 4
8.1454 -9.2503 4
9.5948 -10.3138 4
8.1474 -11.2322 4
7.7226 -10.3242 4
7.2159 -11.1253 4
9.2321 -9.7689 4
7.0482 -11.9258 4
10.3414 -10.1514 4
6.6412 -11.0641 4
8.5168 -12.8011 4
7.0377 -11.8943 4
7.6338 -11.2539 4
6.6958 -11.1858 4
9.3286 -9.3852 4
9.6531 -11.2199 4
8.4556 -9.9614 4
8.1004 -11.1755 4
6.6497 -13.3628 4
6.7858 -10.7562 4
7.8841 -11.3777 4
8.9330 -10.4770 4
8.6977 -11.7761 4
8.3135 -9.3718 4
6.1745 -11.9141 4
6.9468 -11.2196 4
7.8288 -10.8033 4
6.8809 -11.6029 4
7.2104 -12.1550 4
8.1000 -10.3971 4
9.1240 -11.7477 4
