0.3838 4.8423 0
2.3138 7.7060 0
0.8037 7.0430 0
1.5601 6.9265 0
0.3436 6.7818 0
0.5339 5.2895 0
1.8897 7.9565 0
1.8828 7.3405 0
0.1393 6.0036 0
1.2506 7.4420 0
1.7199 8.3416 0
2.1659 7.0137 0
-0.1726 6.8264 0
2.2545 6.7163 0
1.5115 6.4328 0
1.6260 5.8120 0
-1.0330 5.9211 0
0.3504 8.2061 0
1.0410 8.5861 0
2.5278 7.5151 0
1.4990 7.5587 0
1.1459 7.8068 0
1.0189 4.5624 0
0.1447 7.0649 0
2.2368 8.7541 0
2.5967 8.9277 0
1.3814 8.4160 0
1.5152 6.0747 0
2.6544 7.3461 0
0.2013 7.5202 0
0.5400 7.0226 0
1.3353 8.1027 0
1.7033 7.2095 0
1.2109 8.0257 0
0.0987 6.6307 0
1.6467 8.2148 0
-0.0013 5.4072 0
-0.6821 6.7797 0
1.8774 8.4819 0
2.1075 7.6195 0
0.8453 7.0956 0
1.1816 7.0159 0
0.7562 7.5207 0
2.0068 6.8722 0
2.5479 7.9912 0
0.8403 5.9705 0
0.5771 5.4961 0
1.9295 7.9595 0
0.9387 7.1868 0
2.8269 8.4471 0
0.0555 5.3585 0
-0.1372 7.4448 0
0.6564 6.8699 0
0.7742 7.1120 0
0.0726 6.8510 0
2.1710 7.2966 0
-0.0631 5.8947 0
1.9261 8.0897 0
2.1254 7.0270 0
0.2271 5.3142 0
0.5400 6.9503 0
1.0453 5.7935 0
-0.3125 4.1775 0
-0.4344 6.3207 0
1.8955 6.8485 0
1.2038 5.7030 0
0.9413 7.5242 0
1.4517 6.8567 0
0.9038 6.5540 0
0.9046 6.8550 0
1.8431 8.8604 0
0.1641 5.6952 0
1.8088 7.1013 0
-0.5625 7.9210 0
-0.4989 6.5044 0
2.0703 7.5848 0
0.1076 5.4129 0
2.5551 7.8226 0
1.8413 8.9364 0
0.2016 7.2373 0
0.7670 7.8669 0
0.9774 6.5941 0
-0.1921 5.7509 0
2.1296 7.7765 0
1.8289 7.0016 0
1.4118 6.7461 0
0.8091 7.7526 0
1.3343 8.3020 0
2.1923 7.3120 0
1.2165 6.9010 0
1.1420 6.7085 0
0.3991 6.6703 0
2.6894 7.9826 0
0.9725 8.9493 0
1.9509 7.8517 0
0.7629 5.5621 0
0.7266 7.0347 0
1.6859 7.7525 0
1.0061 6.6839 0
1.6265 7.8756 0
1.6844 7.1765 0
-0.2267 6.6942 0
1.5278 6.2785 0
1.5360 6.0033 0
1.3877 7.9779 0
0.4951 7.3156 0
0.6252 6.5705 0
0.4092 6.2348 0
-0.0293 6.1381 0
2.3018 8.8685 0
-1.0915 4.9823 0
-1.3474 4.6245 0
0.2787 7.2523 0
0.9640 6.6502 0
1.8625 6.9607 0
1.4659 7.8053 0
2.0103 6.9669 0
2.7323 7.0419 0
-1.1454 5.7365 0
2.0699 7.1546 0
0.4044 7.7528 0
0.4025 6.1264 0
0.7703 7.9895 0
0.2935 6.4831 0
1.4106 7.3707 0
2.1123 7.9975 0
-0.2330 6.5687 0
0.2621 5.8857 0
1.5435 7.3651 0
1.1239 7.4400 0
1.4465 7.9557 0
0.2523 6.6279 0
0.0458 7.1630 0
-0.6378 5.9129 0
0.9356 6.0247 0
0.2980 7.8628 0
1.1520 8.9918 0
0.0190 6.5870 0
0.2819 7.3328 0
1.2548 7.1959 0
-0.6754 4.6642 0
1.5887 6.3079 0
1.5593 5.8981 0
2.4604 7.5518 0
2.7071 7.3835 0
0.4695 5.3703 0
2.2686 8.8186 0
1.9624 6.7836 0
1.7854 5.7094 0
0.9196 8.2500 0
1.1072 6.9927 0
1.2852 7.2512 0
1.4532 7.5297 0
0.1308 7.5155 0
1.5920 8.7490 0
-0.3451 7.3432 0
2.1855 7.7929 0
0.4996 4.6460 0
1.0672 7.0018 0
0.5872 7.0286 0
-1.6894 -6.5635 1
-0.3146 -8.3598 1
-0.8719 -5.3602 1
-2.9568 -6.4079 1
-0.0480 -5.2217 1
-1.8359 -6.8315 1
0.1900 -5.5375 1
-1.2849 -6.7127 1
-0.5444 -5.7682 1
-1.2710 -7.7194 1
-0.4890 -5.8596 1
-1.2465 -7.0880 1
1.1290 -5.0377 1
-2.0666 -6.8597 1
-2.4788 -7.6940 1
-0.5783 -6.6017 1
1.1718 -6.1005 1
-3.3006 -9.1970 1
-1.4742 -6.6325 1
-0.8499 -6.1346 1
0.4245 -4.6965 1
-1.5732 -5.8254 1
-0.4262 -5.3486 1
-0.8428 -8.1885 1
-1.6604 -5.2129 1
0.3965 -6.1375 1
1.1848 -3.5172 1
0.7436 -5.3779 1
-0.5295 -7.0332 1
0.0773 -4.5809 1
-2.7338 -7.8315 1
-1.3558 -6.3195 1
-0.0082 -4.9065 1
-0.9522 -4.4596 1
-1.4723 -6.0986 1
0.2923 -4.3481 1
-2.1467 -7.6121 1
-0.1870 -3.9830 1
0.1054 -4.4359 1
-1.4298 -6.9774 1
-1.5277 -7.2829 1
1.1076 -3.3135 1
0.0312 -7.1202 1
-0.1069 -6.3008 1
-1.8788 -5.6812 1
-1.6555 -6.6846 1
-0.7067 -5.3947 1
-0.6687 -6.4509 1
0.5338 -6.4166 1
-0.5455 -6.8228 1
-1.3483 -5.0310 1
-2.3068 -7.0976 1
-1.0299 -5.9964 1
-0.7825 -7.3109 1
-2.1249 -7.0506 1
-1.0824 -5.8551 1
-1.8173 -5.7784 1
-0.1621 -4.3724 1
1.1570 -4.6193 1
-1.4087 -7.6126 1
-1.4605 -5.5176 1
-0.7450 -7.4672 1
-1.6873 -6.3983 1
1.1248 -5.7382 1
-2.2323 -6.4658 1
-1.7945 -8.0584 1
-1.3624 -6.3877 1
-0.6625 -7.1898 1
-1.0038 -6.6593 1
-0.1206 -5.2034 1
0.3390 -7.8187 1
-1.4736 -6.7059 1
-0.7196 -7.0179 1
-0.3970 -5.9856 1
-2.3037 -6.8148 1
0.8738 -4.3717 1
-1.6458 -4.6338 1
-1.7471 -6.8876 1
-2.1549 -5.3506 1
-1.8002 -7.4824 1
-2.0252 -5.9688 1
0.4837 -6.5362 1
-1.6031 -5.7873 1
-1.1887 -6.1630 1
-1.3058 -4.4060 1
-1.0713 -6.3675 1
-0.7348 -4.9452 1
-1.5092 -4.9677 1
-0.8044 -6.6538 1
-0.0194 -5.8632 1
-0.6495 -4.6233 1
-0.8860 -6.0929 1
-1.4968 -5.3359 1
-1.0049 -6.6813 1
0.1789 -5.7470 1
-0.3965 -6.5517 1
-0.8692 -6.4824 1
-1.6194 -6.8406 1
-0.9900 -5.6781 1
-0.0525 -5.5304 1
-0.7042 -5.3834 1
0.0491 -7.7100 1
-0.2678 -5.9137 1
-1.5209 -5.0032 1
-2.4285 -6.7099 1
-1.7792 -5.5217 1
-0.7468 -5.0793 1
-0.5273 -5.4374 1
-0.3422 -5.6868 1
-0.7841 -6.5858 1
-0.8266 -5.0612 1
0.8502 -4.4979 1
-1.4361 -3.9758 1
-1.3730 -5.7372 1
-2.3246 -7.2657 1
-0.8869 -7.1403 1
1.3929 -4.9425 1
-1.1321 -6.3963 1
-2.7099 -6.5673 1
2.0259 -6.5914 1
-0.8746 -6.5204 1
-0.7951 -4.9050 1
0.8670 -5.7428 1
-1.4299 -5.1579 1
-0.3865 -5.4012 1
-0.2522 -6.4811 1
-1.6960 -5.2601 1
0.6257 -6.1811 1
0.2604 -5.0044 1
-2.7256 -8.0695 1
-1.0546 -6.9005 1
-0.7161 -3.6644 1
0.0719 -4.6404 1
-0.8614 -6.1605 1
0.2664 -4.1937 1
-1.1611 -4.9464 1
-2.3811 -5.7400 1
-1.4287 -6.3026 1
-2.1138 -6.2197 1
0.7938 -5.9222 1
-1.1407 -5.8154 1
-1.6856 -5.7174 1
-0.8926 -5.5327 1
0.1556 -3.8577 1
-2.0840 -4.8530 1
-1.9106 -6.4048 1
-1.3369 -6.1044 1
-1.2116 -5.5069 1
-1.1930 -4.4338 1
-1.1292 -5.2469 1
-1.9057 -7.1207 1
0.6488 -4.9102 1
-0.4603 -4.7211 1
-2.0110 -7.2649 1
-0.2173 -5.1333 1
-0.8736 -5.0475 1
-1.4015 -5.8030 1
-0.5648 -5.2342 1
0.0666 -5.2480 1
-2.0587 -4.5853 1
0.0354 -13.3078 2
-0.4350 -11.5654 2
0.3789 -13.6810 2
0.5180 -12.6814 2
0.5172 -12.2719 2
0.3489 -13.1238 2
0.9841 -13.5274 2
0.3101 -14.1280 2
0.1720 -12.0739 2
1.0121 -11.3850 2
0.9890 -11.8186 2
1.3343 -11.6235 2
0.9986 -13.1814 2
-0.0213 -12.3321 2
0.3918 -14.9507 2
0.8829 -13.7137 2
0.7906 -12.7562 2
0.9249 -14.0650 2
-0.3652 -12.7164 2
-0.3689 -11.9565 2
-1.5358 -15.9486 2
-1.1799 -12.9801 2
-0.3323 -13.7122 2
-1.0530 -14.3099 2
-1.7790 -13.0414 2
-0.7175 -14.0511 2
-1.6353 -13.5929 2
-1.4830 -11.9763 2
-1.9166 -12.0004 2
1.4996 -11.7572 2
0.1250 -12.0950 2
-0.1676 -12.2876 2
-1.0485 -12.6332 2
1.1117 -12.0166 2
-1.6973 -13.1855 2
0.2154 -12.9582 2
-1.3412 -12.6379 2
0.8675 -12.9124 2
1.1369 -12.7094 2
0.6847 -14.3106 2
-0.9354 -12.2436 2
1.1894 -11.9730 2
0.7261 -12.8785 2
-0.0864 -11.6091 2
-1.3058 -14.2825 2
-0.2261 -12.5573 2
0.1497 -12.9213 2
0.3782 -14.0453 2
2.3579 -11.9334 2
-0.0647 -12.3505 2
-0.8599 -12.6294 2
0.2869 -13.7609 2
-1.1168 -13.4495 2
0.1898 -13.2648 2
-0.4085 -13.7587 2
0.2996 -13.3978 2
-1.0503 -12.9718 2
0.9528 -11.9230 2
-1.7104 -13.1715 2
1.0327 -11.2637 2
-1.1618 -14.5177 2
-0.0460 -12.4266 2
0.2834 -13.1383 2
-0.5878 -14.0514 2
-0.5097 -12.5886 2
-0.1912 -14.1291 2
0.3898 -12.7397 2
0.8214 -11.8313 2
-1.0781 -14.0106 2
-0.0531 -12.2007 2
0.5302 -12.3305 2
-2.0661 -14.3208 2
-1.0618 -13.1122 2
-1.6924 -12.9867 2
0.0238 -13.6402 2
1.9975 -13.9961 2
-0.5365 -13.3223 2
-1.5606 -11.7903 2
-0.8785 -13.7413 2
1.2415 -12.2610 2
-0.5839 -12.6558 2
-0.0937 -12.1418 2
-0.3650 -16.8639 2
-0.7803 -13.5882 2
-0.2681 -12.9770 2
0.2691 -13.3539 2
-2.0577 -14.4682 2
-1.1548 -14.0088 2
-0.9025 -14.8057 2
0.1262 -12.2715 2
-0.0624 -14.2404 2
1.9429 -11.3384 2
-0.4016 -12.2543 2
-0.5090 -13.3186 2
1.8732 -12.2324 2
-0.6711 -12.9707 2
-0.6171 -14.2730 2
2.0561 -12.5010 2
0.9742 -13.2266 2
-0.2639 -12.4703 2
2.1465 -12.8287 2
-0.3096 -12.9487 2
-0.0120 -13.0504 2
1.1115 -12.1785 2
0.6167 -10.6476 2
-0.4658 -13.7043 2
-1.0659 -13.4105 2
0.0357 -14.6217 2
-0.4134 -11.9126 2
-1.2272 -14.0609 2
0.6224 -11.7943 2
1.0589 -13.0801 2
-0.1355 -11.9327 2
-0.7523 -13.4523 2
-0.4527 -13.2967 2
0.7276 -13.4368 2
-0.9364 -11.5167 2
-0.0265 -12.6443 2
0.1568 -13.3308 2
-0.3883 -12.1652 2
0.6023 -12.5246 2
-0.1361 -14.4182 2
-1.3153 -14.3457 2
-1.5088 -14.1914 2
-0.3060 -11.2126 2
0.5325 -12.9807 2
0.3470 -13.4644 2
-0.5433 -13.1758 2
-1.5000 -13.3522 2
1.3153 -14.4778 2
1.4309 -11.2887 2
2.6082 -10.7859 2
0.7310 -12.5599 2
-1.1475 -12.3203 2
-1.0377 -13.1799 2
-0.0641 -12.9259 2
0.6387 -12.9212 2
-1.7998 -11.9198 2
-1.7074 -12.3076 2
-0.5580 -13.1449 2
-0.5769 -14.2687 2
0.0713 -13.0637 2
-1.4521 -12.9753 2
-0.1684 -12.4565 2
-0.7276 -13.2505 2
-0.1500 -12.5976 2
-1.0200 -14.8586 2
-0.8623 -12.4538 2
-0.2646 -11.9375 2
-0.1400 -13.0418 2
-1.2914 -11.5444 2
-0.1333 -14.0236 2
1.4193 -11.9358 2
-0.5331 -14.0173 2
1.8918 -12.9297 2
0.2669 -12.6529 2
0.3952 -11.9537 2
-0.2977 -12.3985 2
0.1224 -13.8841 2
-0.2035 -14.2482 2
-15.3234 6.2015 3
-14.0113 7.5526 3
-14.9231 6.9760 3
-15.0499 4.4453 3
-15.4373 6.5143 3
-15.4179 6.1994 3
-14.4375 7.0526 3
-14.1287 6.5181 3
-15.9489 4.5540 3
-17.2827 4.8765 3
-15.2126 6.1789 3
-15.9162 5.4783 3
-15.5084 4.9301 3
-16.3882 4.8540 3
-16.6048 6.5320 3
-13.9101 7.8416 3
-17.4999 5.3900 3
-15.0294 7.1199 3
-16.2211 5.1859 3
-15.4812 6.3056 3
-14.1673 8.0392 3
-16.3758 5.2515 3
-14.9730 6.7750 3
-14.9540 5.2413 3
-16.0308 4.9466 3
-15.7616 5.9824 3
-16.5646 5.3531 3
-14.2056 7.4044 3
-16.1951 5.2523 3
-14.4084 6.2320 3
-14.7892 5.1390 3
-13.2863 4.7731 3
-15.4817 5.4792 3
-16.1896 5.2534 3
-14.2930 7.6782 3
-14.5735 7.5765 3
-14.2824 6.7645 3
-15.0539 5.4096 3
-15.0018 5.7476 3
-14.4082 3.6138 3
-15.7344 3.9379 3
-16.1699 5.1960 3
-15.8042 4.2357 3
-14.0341 4.2203 3
-15.4160 5.1708 3
-16.5856 4.9143 3
-14.2020 4.3089 3
-14.2985 7.7323 3
-14.6507 8.1435 3
-14.5116 5.6992 3
-16.4430 4.9379 3
-15.3762 6.2774 3
-13.4313 6.0661 3
-14.6514 7.1980 3
-15.4716 6.0695 3
-13.6974 7.4466 3
-13.9131 6.9761 3
-15.5054 7.0406 3
-14.7125 4.5527 3
-14.8465 4.6067 3
-14.1447 6.2827 3
-15.2708 8.1879 3
-15.3942 7.1410 3
-15.0068 6.5319 3
-15.5173 4.6594 3
-13.1793 6.4592 3
-15.6315 6.4485 3
-13.6610 5.1506 3
-14.3730 6.0363 3
-14.5355 5.6528 3
-15.4983 5.3384 3
-14.6530 4.7427 3
-17.0927 5.7702 3
-14.3631 4.8758 3
-13.9407 6.4904 3
-13.8676 6.7073 3
-15.5277 6.2777 3
-15.4120 7.3148 3
-17.9774 3.3069 3
-14.3969 6.5204 3
-15.5110 7.7588 3
-17.8134 4.8020 3
-15.2122 5.3099 3
-15.3372 5.3416 3
-17.5621 5.8858 3
-14.9454 6.5485 3
-14.1646 7.0499 3
-14.4988 6.8705 3
-15.8085 5.4192 3
-13.6421 7.0034 3
-15.7147 4.2147 3
-13.6015 6.7065 3
-16.5708 4.5360 3
-15.8291 5.6545 3
-15.8986 5.4256 3
-14.8480 7.0870 3
-13.6773 5.4418 3
-14.6108 8.2584 3
-15.4594 4.9708 3
-12.8405 5.8600 3
-14.8215 5.1220 3
-16.5760 5.8983 3
-16.4335 5.6438 3
-14.2892 6.5342 3
-15.1588 5.7739 3
-14.2469 7.1815 3
-13.9944 6.1927 3
-15.2131 5.5149 3
-14.1990 6.0707 3
-14.9796 5.5326 3
-14.1018 6.7054 3
-14.6264 6.9644 3
-15.5229 6.3101 3
-16.8101 4.5867 3
-15.4124 5.6731 3
-16.0958 7.0144 3
-15.1995 5.5268 3
-13.5323 7.1539 3
-14.8238 5.6497 3
-15.3700 6.9161 3
-15.8853 4.9582 3
-13.7246 7.7846 3
-17.8893 4.3828 3
-18.2641 4.6610 3
-14.1081 6.3238 3
-13.9871 7.6458 3
-15.5791 6.9400 3
-14.4060 6.0755 3
-16.9862 5.9547 3
-14.8535 6.2472 3
-14.5738 5.7067 3
-14.9953 5.5993 3
-15.2619 5.4189 3
-15.6532 6.3766 3
-14.3057 8.1989 3
-14.6144 5.6399 3
-13.9712 7.6290 3
-16.2080 5.0000 3
-14.8449 5.6387 3
-13.7075 3.8535 3
-13.8687 5.0734 3
-15.0103 5.6252 3
-15.4615 5.3472 3
-12.7282 7.2432 3
-15.5385 4.8902 3
-14.2935 6.4020 3
-16.7465 5.0396 3
-15.2563 5.4378 3
-13.1201 9.0365 3
-13.8092 7.0881 3
-15.6986 4.5025 3
-12.6883 6.9431 3
-16.7125 3.0989 3
-15.7701 5.8474 3
-14.9801 5.7079 3
-14.0572 6.1281 3
-14.3471 7.2430 3
-14.4758 4.2659 3
-15.2663 4.1363 3
-14.5619 6.4721 3
14.9946 -11.2089 4
13.9509 -11.7877 4
15.2534 -12.7231 4
12.9962 -12.6252 4
14.9066 -12.6092 4
13.2099 -13.6424 4
12.8153 -13.8266 4
12.2631 -13.4116 4
15.4557 -11.5609 4
13.0074 -14.3216 4
13.4327 -14.1851 4
13.8778 -13.0992 4
14.6779 -11.7266 4
12.4562 -15.5798 4
13.8058 -12.1575 4
12.6557 -12.7940 4
13.7593 -13.7814 4
14.3996 -12.5713 4
14.2055 -11.9430 4
13.6174 -14.3388 4
13.4861 -11.9645 4
13.9297 -13.2409 4
13.9662 -14.7482 4
14.6164 -13.5899 4
13.6626 -10.9560 4
13.7586 -11.9356 4
15.5777 -12.7768 4
15.4375 -11.9654 4
13.7048 -12.4588 4
15.1602 -12.0751 4
14.6315 -13.0234 4
13.5714 -12.1285 4
12.5919 -12.2339 4
13.8918 -12.0343 4
14.9211 -12.6132 4
15.3063 -10.0383 4
15.9738 -10.5569 4
13.8156 -13.6444 4
13.3688 -12.1590 4
13.5801 -12.5803 4
14.9238 -12.3326 4
14.9405 -12.7583 4
13.5756 -13.5334 4
13.8021 -13.0523 4
13.2273 -12.3387 4
13.2798 -13.1024 4
13.5124 -13.3924 4
16.2439 -11.7941 4
14.1704 -13.3204 4
14.1495 -15.1326 4
14.1868 -12.3946 4
14.5581 -12.4925 4
14.0572 -13.4524 4
12.4754 -14.0403 4
14.7256 -13.5359 4
12.2160 -14.8486 4
13.0299 -13.6436 4
17.1607 -12.2195 4
13.6734 -14.6896 4
15.9345 -11.6244 4
14.7375 -12.8916 4
12.8351 -11.9263 4
15.5044 -11.7112 4
14.3811 -12.2344 4
12.2303 -16.2664 4
12.7216 -11.6534 4
12.9253 -14.2077 4
15.1829 -11.9714 4
12.8177 -13.2995 4
13.7482 -13.9166 4
14.4382 -12.2549 4
13.5853 -12.0630 4
12.5797 -14.1654 4
14.6940 -14.3183 4
12.5124 -14.6437 4
13.2524 -13.3493 4
13.4390 -12.8373 4
15.3638 -13.3033 4
14.8723 -10.6811 4
12.5177 -13.8508 4
13.6355 -13.3348 4
14.0561 -11.7497 4
15.2845 -13.2598 4
12.6196 -12.4580 4
15.1354 -12.0726 4
14.4621 -14.2661 4
14.2366 -14.0214 4
14.7931 -12.4976 4
12.8928 -12.9473 4
13.5949 -12.2524 4
14.7830 -12.5442 4
12.3362 -13.5085 4
12.8044 -13.1738 4
12.9512 -13.5173 4
14.8815 -13.2294 4
14.8824 -12.2191 4
13.2910 -12.6154 4
12.5783 -12.5035 4
13.8964 -13.3964 4
13.8636 -13.4212 4
15.0722 -12.9267 4
14.7387 -13.4544 4
14.8020 -14.4029 4
13.7590 -14.4413 4
15.0301 -12.7354 4
14.5014 -13.3531 4
13.1755 -13.6554 4
13.2034 -11.9364 4
14.3957 -13.6179 4
13.4158 -12.5315 4
14.6221 -11.8345 4
14.7415 -14.3144 4
14.2717 -12.9796 4
13.1467 -14.9566 4
15.1442 -13.3988 4
13.3505 -14.8285 4
13.8181 -12.7025 4
14.0119 -14.9882 4
13.6580 -12.5910 4
14.7151 -11.8201 4
15.3784 -12.7040 4
13.7570 -11.7377 4
13.4945 -12.6342 4
13.2190 -12.5031 4
13.1086 -14.3137 4
15.4292 -11.4825 4
12.7928 -12.4538 4
14.6590 -12.7350 4
13.9839 -12.0981 4
13.8607 -11.9136 4
14.3139 -14.2040 4
14.2895 -11.5777 4
13.4795 -13.4565 4
14.6083 -13.8308 4
13.6472 -14.6376 4
13.0560 -14.7781 4
14.2716 -12.8785 4
16.4384 -14.4864 4
16.4684 -13.3301 4
14.7072 -12.4320 4
14.5639 -13.4442 4
14.5448 -13.2259 4
16.8896 -11.2155 4
12.5915 -14.0817 4
12.1664 -14.0798 4
13.8380 -13.5806 4
14.4697 -11.8003 4
13.1529 -13.4389 4
12.7246 -12.9354 4
15.7000 -12.1686 4
15.2826 -11.9538 4
13.1872 -13.7012 4
14.2924 -12.7889 4
14.4057 -13.2466 4
14.1054 -15.0152 4
14.9820 -13.6740 4
14.0303 -12.9324 4
14.8503 -13.4714 4
14.0397 -13.7513 4
13.7476 -12.2042 4
