1.045041 0.189834
-1.018672 0.147861
0.234827 1.050363
0.016929 0.269170
0.978218 0.191392
0.904235 0.319375
1.952770 0.270679
0.051555 0.200028
0.105966 0.132696
0.379021 0.951110
1.810804 -0.132842
0.182694 -0.098818
-0.380057 0.879249
1.039074 0.041781
-0.119106 1.022379
-1.006268 0.146336
1.845158 0.158295
-0.666526 0.728783
0.909190 0.243322
0.378624 0.840692
0.696307 0.813625
0.027688 0.186245
-1.008652 0.166925
1.967268 0.315522
-1.033338 0.083943
1.496917 -0.431694
0.289570 -0.127274
1.914242 0.436076
1.373137 -0.400444
1.393405 -0.432800
-0.648847 0.739437
0.139325 0.957626
-0.947412 0.110007
-0.611030 0.810940
0.979959 0.162543
1.881033 0.031741
2.004186 0.120121
0.589573 0.844241
0.038430 0.986412
-0.089771 1.020924
2.075200 0.449088
0.095932 0.963168
-0.965366 0.190047
0.855557 -0.556304
0.678359 -0.497343
0.427150 -0.353944
-0.798454 0.545533
0.735596 0.552330
0.648187 0.800279
-0.156145 0.987995
0.880639 0.256812
0.412441 -0.285739
-1.003267 -0.030954
0.468284 0.833371
1.784239 -0.099001
1.070263 -0.494071
-0.870727 0.490749
1.190846 -0.415515
0.927173 -0.518493
1.203008 -0.512497
-0.723435 0.719821
1.009519 -0.491909
0.235500 -0.127434
-0.367660 0.954753
0.784669 -0.596581
-0.904947 0.676044
-0.351980 0.777980
1.716494 -0.159306
0.337706 1.045247
1.626716 -0.314230
0.605001 -0.450064
-0.944761 0.437361
0.176904 0.990262
1.899880 -0.007276
-0.466003 0.838288
1.213400 -0.495662
0.333793 -0.346530
-0.475597 0.895412
1.504615 -0.332456
-0.718649 0.820400
-0.925709 0.463066
0.941156 -0.550194
0.365882 0.899647
-0.563275 0.824990
0.835724 0.584484
-1.036339 0.328340
-0.807433 0.582227
0.729086 -0.440307
-0.981773 0.304877
0.237205 0.015266
0.417018 -0.379412
0.512748 -0.385615
-0.108986 0.997634
0.035367 0.320158
-0.234679 0.947904
-0.906388 0.085559
-0.196626 0.999443
0.959979 0.008774
1.998109 0.089008
0.853321 0.557090
1.014527 -0.477572
1.905579 0.361526
0.065010 0.326314
-0.397868 0.930314
1.550973 -0.333709
0.923598 0.465604
1.879251 0.038664
0.933459 0.267081
0.483063 0.878628
-0.732867 0.677461
0.768789 0.689664
1.929992 0.225266
-0.266396 0.951356
-0.951921 0.437000
0.023762 1.047802
0.881565 0.438726
0.138003 0.904573
-0.989547 0.660144
0.877164 0.655043
1.862222 -0.098824
0.319966 -0.062193
0.697346 0.675287
1.711935 -0.192934
-0.564277 0.780499
-0.117890 0.991899
0.628692 -0.426214
-0.976563 0.201028
-0.169702 1.043255
0.877250 0.133864
0.098806 0.301565
1.818993 -0.144012
0.778787 -0.476877
1.722239 -0.284421
-0.015174 0.457257
-0.274208 0.930978
-0.974773 0.013184
0.722586 -0.551051
-0.450168 0.942962
0.877068 -0.494994
1.902104 0.171729
1.571411 -0.327982
0.611843 0.775027
0.086955 0.026153
1.928740 0.501392
1.739779 -0.080212
0.964974 0.426639
-1.017709 0.172551
-0.753240 0.674075
1.773938 0.166486
0.719273 -0.473970
1.025542 0.176192
-0.094108 0.965637
0.868026 -0.537917
0.896818 -0.521991
1.464819 -0.417984
-0.894790 0.574874
-0.017485 0.416889
-0.118403 0.353239
0.127853 -0.041081
-0.442866 0.926946
1.161624 -0.477736
0.785456 -0.414758
0.940581 -0.469286
1.953324 0.473188
0.734479 0.757662
0.202515 -0.182022
0.985427 0.055767
0.251542 -0.136530
0.894270 0.131337
1.233975 -0.444636
0.286638 0.972859
-0.295581 0.992715
0.310202 0.904531
1.456475 -0.502673
0.169545 1.022361
0.191759 -0.186628
0.168478 0.016466
-0.032381 0.472374
0.230388 0.864674
-0.254585 0.955479
-0.726801 0.622762
0.269848 -0.262881
-0.847383 0.623464
1.938819 0.020372
0.931211 0.096767
0.632337 0.742145
-0.872598 0.600936
1.580354 -0.351219
-0.884730 0.267541
0.061656 0.998980
-0.980947 0.200308
1.904863 -0.047719
1.553486 -0.411303
-0.951330 0.109740
1.678974 -0.033290
2.030679 0.363903
-0.937545 0.249980
0.120612 0.272295
0.539773 0.869907
0.298941 -0.332624
1.881532 0.069758
0.212978 0.961879
1.995117 0.402252
0.139466 1.050469
1.647473 -0.252217
0.648517 -0.524775
0.043468 0.010499
0.787547 -0.522497
-0.957793 0.472484
0.788757 0.650387
0.311046 0.921866
0.608256 -0.468984
1.313196 -0.439777
0.600154 -0.445893
0.586542 0.804565
-1.010641 0.178576
1.019703 0.091869
1.698372 -0.153985
0.955243 0.307178
1.450398 -0.284210
-1.034245 0.105466
0.664667 0.671092
2.002129 0.492136
1.026347 0.039463
-0.773468 0.533404
1.130686 -0.459794
1.900413 -0.072148
2.009147 0.335632
-0.119473 1.069838
-0.515032 0.924458
-0.922444 0.337781
-0.916857 0.649325
-0.864053 0.577806
0.658734 0.768958
-0.031325 1.057775
1.063863 -0.584842
1.833640 0.028131
-0.827944 0.397986
0.118873 0.166340
0.062527 0.040033
-0.710652 0.642056
0.510855 0.744095
0.743570 0.718389
1.421381 -0.396057
0.880903 0.465996
0.505579 0.851596
1.821236 0.197884
1.959302 0.129925
1.985173 0.237893
0.777005 0.656943
0.624602 -0.489461
0.955446 0.365508
0.889105 0.436366
-0.322758 0.938535
1.983493 0.181315
0.616201 -0.431577
1.683338 -0.269741
1.120725 -0.554363
0.912526 -0.440129
0.000611 0.096490
0.983366 0.077767
0.928475 -0.544496
0.792128 0.606098
0.384686 0.875249
0.618763 -0.427883
0.809494 -0.482790
0.371414 -0.255461
1.614809 -0.262160
0.645869 0.848576
0.298692 -0.156777
0.789344 0.588216
-0.938791 0.297659
1.251335 -0.381373
-0.596366 0.805244
0.997474 -0.526476
-0.879675 0.366784
-0.907671 0.346289
0.633753 -0.424784
0.950399 -0.476203
0.090340 -0.000859
0.180000 0.900253
0.976293 0.250740
1.342387 -0.502634
0.828987 0.642745
0.403225 -0.321902
0.134154 0.199168
-0.384892 0.917046
0.076157 0.939627
-0.114438 0.397865
-0.997462 0.111264
0.931567 0.470758
1.346439 -0.534362
1.380103 -0.469787
-0.740782 0.709872
-0.155894 0.964883
0.421464 0.899484
0.238204 -0.290857
-0.343021 0.967230
1.143579 -0.463864
-0.628817 0.798959
1.931315 0.079510
-0.583738 0.714222
0.878259 0.363953
0.257370 -0.241285
1.074407 0.087643
1.078609 -0.479614
-0.489552 0.846481
0.613186 -0.446459
0.165707 -0.068896
2.012238 0.341808
0.925764 0.296151
0.527519 -0.400696
1.881065 0.026591
0.221641 -0.141586
0.418908 0.866624
1.217752 -0.557215
0.061283 0.176853
0.122982 0.202055
-0.445274 0.865044
-0.941489 0.152672
0.852918 0.487198
1.956072 0.397133
0.332881 0.896975
0.500574 0.775482
0.670260 0.687720
0.650657 0.701314
-0.867220 0.558649
0.982446 0.005374
0.516026 -0.325295
0.096844 0.390016
1.921006 -0.002803
1.641477 -0.313629
1.388086 -0.379409
-0.976457 0.411079
0.001370 0.357538
-1.000430 0.176130
0.120619 0.966953
-0.916857 0.249939
1.623840 -0.312789
1.222048 -0.470089
1.982234 0.300755
0.028789 0.404081
1.966320 0.230788
0.284970 1.058149
0.695647 0.838288
0.468015 -0.304513
-0.833795 0.492203
-0.981690 -0.058375
0.125170 -0.040039
1.815256 0.028572
0.060438 1.024948
0.787217 0.847320
0.105163 0.018673
0.136416 0.100369
-0.159515 1.001922
0.012079 1.001422
-1.020867 0.015729
0.098307 -0.055604
0.367808 0.890339
0.222739 -0.183516
0.481721 0.966297
0.439888 -0.299227
0.454460 0.947678
0.547808 0.794412
0.561922 -0.424114
0.492925 0.863889
0.995496 0.067717
0.779580 -0.496530
-0.779256 0.580497
1.768474 -0.147791
0.391615 -0.312590
-0.064636 0.502741
2.018857 0.222388
-0.265281 0.953582
-0.137326 1.018785
0.001716 0.465792
-0.856298 0.263230
0.476692 0.874067
1.793312 -0.092254
0.968676 0.335578
0.483480 -0.276692
1.705880 -0.179681
1.425947 -0.381933
-0.131716 0.942985
1.033823 -0.517260
1.951867 0.384148
1.032209 -0.571867
1.314023 -0.414763
-0.679854 0.919571
1.476946 -0.279460
0.054054 0.278739
0.171815 0.036229
0.895175 0.253853
1.469098 -0.370644
1.278149 -0.392639
-0.954303 -0.047951
0.519093 -0.283035
0.243164 0.976684
0.238644 -0.254265
2.051577 0.236179
0.583531 -0.303107
0.749744 0.475275
1.014804 0.041198
0.809879 0.649772
2.061217 0.473503
0.256445 1.010767
0.542660 0.851801
-0.101965 1.067573
0.065821 0.335608
1.126700 -0.501442
0.717644 -0.468783
0.060180 0.356605
0.967811 0.201619
-0.048247 0.275269
0.094078 -0.079388
0.939978 0.532017
0.962061 0.206535
-0.745323 0.736933
-0.529185 0.792752
-0.868507 0.599304
0.207800 0.023038
0.242524 -0.064340
0.906413 0.338366
-0.634212 0.767323
0.911872 0.470810
0.800216 0.664762
0.812080 0.555817
1.438092 -0.386947
0.961202 0.258403
1.791356 -0.018632
-0.902201 0.585060
1.396211 -0.347303
-0.957925 0.451503
0.182758 1.058367
0.392144 -0.279024
0.065938 0.949682
-0.947519 0.141591
-0.440499 0.908605
-0.553937 0.864203
0.035936 0.065518
1.496883 -0.312511
1.510957 -0.303794
1.663317 -0.207997
1.033039 -0.462427
1.949865 0.054014
-0.224412 1.052487
0.196512 -0.116245
-0.647269 0.566515
-0.851788 0.626523
2.012212 0.495889
-0.511562 0.788183
0.363084 0.938609
0.515994 -0.384339
0.255535 0.912546
1.742481 -0.141448
0.469602 -0.406545
0.618196 -0.442062
-0.778963 0.720978
0.118947 1.014957
-0.384887 0.878419
0.754140 0.678156
-0.520768 1.006371
1.681871 -0.143511
0.021512 0.304231
1.955019 0.449376
0.880392 0.174295
0.073338 0.265807
1.974367 0.202980
0.361102 -0.351266
-0.557836 0.762393
0.866753 0.566423
0.202654 0.121413
0.771810 0.689826
1.142010 -0.553345
1.402109 -0.376944
1.875962 -0.025242
0.827987 -0.414035
0.042229 0.949772
1.986954 0.275737
0.868113 0.209708
-0.409440 0.818496
1.717581 -0.047410
1.990785 0.488365
-0.524573 0.904480
0.366297 -0.256396
1.102745 -0.501789
0.116443 0.380968
1.642584 -0.292136
-0.091624 1.045665
1.621914 -0.240842
-0.286227 0.975545
0.047796 0.511889
0.267430 -0.100564
1.141067 -0.531313
1.440035 -0.406520
-0.244159 1.009570
0.194925 -0.104697
1.631648 -0.282787
1.466756 -0.378222
0.104056 -0.065513
