1.124977 0.117803
-1.045294 0.169889
0.201707 1.137293
-0.007951 0.324471
0.994711 0.108764
0.883988 0.257525
1.967294 0.387326
0.036916 0.257835
0.136414 0.146617
0.453830 0.949616
1.836974 -0.145723
0.142137 -0.067825
-0.396452 0.826968
1.078148 0.083561
-0.068708 1.059228
-1.023976 0.141848
1.786242 0.243967
-0.688654 0.692876
0.871704 0.164457
0.335583 0.774632
0.729128 0.879062
-0.002087 0.206594
-1.032864 0.158131
1.957451 0.343889
-1.066756 0.155270
1.583643 -0.451389
0.270463 -0.032003
1.844043 0.547871
1.301865 -0.405065
1.411424 -0.438732
-0.672797 0.698168
0.184165 0.919726
-0.908245 0.056729
-0.568067 0.865380
0.973339 0.161802
1.847497 -0.032089
2.057705 0.050459
0.604709 0.869934
-0.005058 0.976184
-0.085056 1.046322
2.154297 0.486380
0.185556 0.926355
-0.959327 0.142663
0.843204 -0.621370
0.588016 -0.521803
0.365186 -0.348239
-0.767635 0.532221
0.744300 0.417909
0.578203 0.904691
-0.205253 0.981735
0.806774 0.215425
0.439880 -0.282949
-1.007807 -0.112354
0.341660 0.862948
1.760947 -0.108178
1.020953 -0.495318
-0.872291 0.486972
1.212187 -0.345501
0.998932 -0.547494
1.199339 -0.546584
-0.711372 0.762116
1.025347 -0.483839
0.263393 -0.144856
-0.325129 0.997507
0.812891 -0.723275
-1.009868 0.752122
-0.193073 0.696313
1.697490 -0.141086
0.347261 1.145869
1.553047 -0.414695
0.585388 -0.473260
-0.990912 0.435972
0.171882 0.997211
1.936907 -0.009099
-0.533353 0.759475
1.244875 -0.508012
0.272587 -0.396836
-0.451193 0.924799
1.487539 -0.311778
-0.764426 0.901042
-0.931820 0.533272
0.913849 -0.600884
0.333111 0.882192
-0.572949 0.817198
0.808595 0.663514
-1.130142 0.322577
-0.792710 0.595192
0.762385 -0.428010
-1.029740 0.251975
0.310667 0.078869
0.334036 -0.392799
0.503486 -0.392865
-0.173828 0.996243
0.066836 0.228519
-0.189278 0.935832
-0.816673 0.082915
-0.186575 1.020477
0.920674 -0.020293
2.071736 0.059243
0.837479 0.619652
1.085799 -0.456756
1.831465 0.423553
0.114460 0.328346
-0.374071 0.953876
1.517226 -0.356182
0.959942 0.469925
1.883170 0.060849
0.924382 0.200058
0.510450 0.867111
-0.713374 0.696170
0.752946 0.759368
1.898260 0.224552
-0.157406 0.975844
-1.010840 0.423948
0.066449 1.095782
0.859057 0.450074
0.118949 0.821556
-1.186702 0.710276
0.925055 0.751242
1.888186 -0.149310
0.392291 0.034366
0.759994 0.577815
1.714536 -0.180994
-0.543836 0.749762
-0.179034 0.985410
0.656037 -0.435325
-0.988022 0.140191
-0.120399 1.110785
0.762450 0.141894
0.159337 0.377150
1.869245 -0.148463
0.739500 -0.470441
1.771605 -0.329083
-0.032337 0.477557
-0.232209 0.913265
-0.949546 0.026368
0.664177 -0.626378
-0.444659 0.995777
0.873708 -0.497162
1.870402 0.201238
1.578758 -0.330233
0.670084 0.717272
0.077984 -0.020317
1.857481 0.502785
1.679532 -0.060459
1.010350 0.460418
-1.045033 0.206762
-0.788309 0.652282
1.649267 0.271721
0.718627 -0.487963
1.062524 0.201560
-0.043632 0.941781
0.817970 -0.579196
0.888122 -0.548456
1.542589 -0.413909
-0.939753 0.622684
-0.036243 0.384225
-0.243245 0.319785
0.084979 -0.023317
-0.407742 0.975527
1.067476 -0.488735
0.838860 -0.366083
0.988200 -0.444316
1.907922 0.496823
0.733458 0.837799
0.087183 -0.132834
0.973718 0.035906
0.263694 -0.123852
0.811455 0.049828
1.224397 -0.419384
0.186225 1.023659
-0.323215 1.021996
0.280361 0.868652
1.491286 -0.598594
0.169586 1.059193
0.110411 -0.186504
0.235567 -0.028318
-0.065479 0.482589
0.108895 0.793302
-0.216998 0.954592
-0.692991 0.596316
0.212569 -0.286003
-0.918016 0.617118
1.968245 -0.043319
0.867512 0.092770
0.564291 0.770524
-0.930288 0.622283
1.660709 -0.336412
-0.831214 0.189113
0.066567 0.999571
-0.993562 0.150948
1.959899 -0.068374
1.640101 -0.438280
-0.907749 0.118717
1.597337 0.082627
2.064222 0.303434
-0.924425 0.189743
0.215547 0.269746
0.547133 0.893330
0.251875 -0.408747
1.870061 0.089568
0.293866 0.932520
1.995324 0.405267
0.047634 1.128055
1.631459 -0.256245
0.613242 -0.600860
0.006534 -0.086143
0.867264 -0.588627
-1.006193 0.529032
0.769984 0.710948
0.329921 0.887365
0.626703 -0.525969
1.395095 -0.406671
0.563971 -0.460255
0.609019 0.783400
-1.046960 0.131996
1.039724 0.158507
1.678573 -0.112103
0.942155 0.364688
1.389909 -0.208771
-1.070479 0.147890
0.638011 0.619639
2.004975 0.522114
1.052775 0.066309
-0.762303 0.446848
1.229836 -0.420085
2.008434 -0.034285
2.026242 0.297097
-0.169610 1.142083
-0.487013 1.009217
-0.915669 0.306029
-1.026184 0.708824
-0.824032 0.728235
0.692569 0.757209
-0.094187 1.116047
1.045809 -0.673045
1.845124 0.125525
-0.768634 0.334689
0.192249 0.130878
-0.005784 0.074593
-0.677316 0.615919
0.500019 0.635056
0.734781 0.778026
1.490880 -0.356069
0.886473 0.448471
0.522124 0.830928
1.695796 0.217953
1.989387 0.129382
2.015842 0.273983
0.793400 0.664678
0.577355 -0.534298
0.972647 0.385047
0.879600 0.433984
-0.305472 0.936660
2.001881 0.124495
0.584283 -0.427110
1.675353 -0.316936
1.146964 -0.613200
0.894389 -0.382665
-0.052101 0.015166
0.970630 0.067332
1.014007 -0.601402
0.784230 0.612231
0.291383 0.872133
0.624577 -0.433708
0.813304 -0.484641
0.406314 -0.262733
1.614619 -0.235792
0.676740 0.908624
0.366124 -0.173994
0.801939 0.546622
-0.923079 0.297120
1.234723 -0.299313
-0.587731 0.814263
0.938202 -0.554564
-0.844780 0.329138
-0.868665 0.370392
0.689171 -0.442817
0.856653 -0.453381
0.056012 -0.018196
0.165682 0.819566
0.994397 0.215348
1.344731 -0.564859
0.835819 0.716227
0.450847 -0.379112
0.197526 0.267868
-0.441633 0.889467
0.133389 0.879432
-0.240315 0.446554
-1.015230 0.022028
0.970131 0.491465
1.473872 -0.593000
1.432055 -0.494949
-0.772230 0.714871
-0.129864 0.946454
0.398519 0.903144
0.220397 -0.413521
-0.381828 0.981856
1.155068 -0.436491
-0.594148 0.849729
1.943031 0.051880
-0.572569 0.624650
0.841949 0.323476
0.215125 -0.268804
1.150804 0.112244
1.176143 -0.459407
-0.546033 0.791603
0.670780 -0.497095
0.194268 -0.132338
2.034091 0.321957
0.900863 0.282085
0.488110 -0.400033
1.932856 0.112027
0.227914 -0.163212
0.404745 0.831888
1.278446 -0.626842
0.087670 0.115569
0.214296 0.153777
-0.401514 0.857823
-0.905892 0.092498
0.849428 0.458096
1.929998 0.482391
0.349554 0.845260
0.416430 0.739728
0.686526 0.618941
0.619163 0.671417
-0.871585 0.611846
0.966166 -0.039699
0.575103 -0.310891
0.184074 0.418371
1.998903 0.032136
1.658055 -0.346552
1.412509 -0.327288
-1.077582 0.338636
-0.000125 0.290704
-1.018715 0.164135
0.121665 0.941081
-0.871990 0.225858
1.642678 -0.329353
1.139882 -0.487575
1.977888 0.264794
0.052488 0.408925
1.958317 0.186733
0.289859 1.156322
0.746897 0.911886
0.489632 -0.276244
-0.786226 0.511967
-0.966244 -0.192378
0.072496 -0.010816
1.761350 0.051671
0.076732 1.050870
0.901562 0.954882
0.103328 -0.012603
0.160085 0.162020
-0.075476 1.033957
0.030466 1.002863
-1.042052 0.006228
0.046440 -0.084145
0.325424 0.868679
0.154811 -0.162159
0.496571 1.048267
0.474683 -0.294660
0.533533 0.968487
0.490614 0.792600
0.579520 -0.458082
0.474964 0.868130
1.006552 -0.040285
0.728666 -0.507531
-0.789770 0.521435
1.810055 -0.108831
0.357667 -0.306631
-0.129589 0.530712
2.066309 0.182207
-0.299264 0.934280
-0.142563 1.046331
0.003433 0.431585
-0.754405 0.240329
0.453383 0.882109
1.771716 -0.104919
1.008135 0.301624
0.499373 -0.206900
1.659401 -0.200609
1.362861 -0.391600
-0.143858 0.893146
1.111790 -0.535495
1.915173 0.419121
0.995082 -0.646140
1.335875 -0.373160
-0.725010 1.066381
1.421478 -0.212435
0.058774 0.367696
0.151162 0.162282
0.856544 0.149928
1.482520 -0.351143
1.276216 -0.325301
-0.909322 -0.133743
0.505056 -0.181745
0.279652 0.974959
0.195459 -0.312663
2.144963 0.258489
0.731127 -0.280483
0.656379 0.412807
1.036048 -0.030912
0.875769 0.631352
2.128874 0.560313
0.293885 1.045811
0.542270 0.863903
-0.172394 1.135644
0.111336 0.371718
1.146362 -0.508630
0.691059 -0.470828
0.112412 0.339045
0.945237 0.264898
-0.114348 0.238663
0.069520 -0.186336
0.998594 0.591595
0.944428 0.212569
-0.808495 0.742656
-0.525956 0.739020
-0.893906 0.660864
0.324993 -0.037987
0.299957 -0.049091
0.903432 0.260795
-0.541531 0.847895
0.973917 0.414557
0.808040 0.719513
0.809252 0.532044
1.398193 -0.395529
0.950999 0.279374
1.726304 -0.020964
-0.947994 0.653820
1.359351 -0.293246
-0.991369 0.521780
0.121962 1.146847
0.369007 -0.246812
0.062538 0.901770
-0.901479 0.169875
-0.529117 0.881166
-0.586183 0.875272
0.010118 -0.022995
1.450716 -0.285322
1.447476 -0.289040
1.672641 -0.159494
1.047154 -0.425033
2.012477 0.069311
-0.291767 1.117384
0.236133 -0.194747
-0.603214 0.410484
-0.867318 0.704709
2.024504 0.504395
-0.459059 0.750636
0.362505 0.945687
0.553679 -0.415544
0.255299 0.858354
1.740974 -0.114704
0.428237 -0.440826
0.576436 -0.443714
-0.857541 0.728191
0.093309 1.040422
-0.382724 0.834780
0.739539 0.716751
-0.597127 1.116918
1.681590 -0.055813
0.014429 0.345892
1.912028 0.461794
0.778638 0.160464
0.123762 0.244460
2.006197 0.240063
0.356903 -0.429771
-0.541235 0.706237
0.897248 0.584510
0.319876 0.147257
0.834286 0.674780
1.089704 -0.625751
1.488011 -0.305197
1.870560 -0.078045
0.862652 -0.349661
-0.022579 0.905289
2.005576 0.301142
0.761904 0.194259
-0.352009 0.752665
1.658413 0.034991
1.981889 0.501961
-0.434148 1.020432
0.357491 -0.232086
1.199182 -0.503598
0.219464 0.425220
1.690260 -0.280478
-0.101330 1.094691
1.599430 -0.216992
-0.316684 0.984352
0.095512 0.536394
0.270359 -0.023602
1.137549 -0.573133
1.481416 -0.395939
-0.294002 1.038201
0.189876 -0.109428
1.628598 -0.292814
1.379911 -0.423662
0.064521 -0.114728
