4.053952 -4.320980
8.347254 -2.537990
9.958826 -2.699607
2.677733 -2.430631
-0.055731 -7.203307
2.514242 -2.529364
1.775778 -7.280643
2.818556 -1.881987
8.852648 -3.052681
2.862335 -5.403956
9.377734 -3.272963
8.933052 -3.171235
9.743864 -3.474482
6.303592 -6.523627
1.750793 -2.985480
4.148878 -6.185431
9.672200 -2.590362
8.955191 -3.105641
9.478244 -2.499314
3.232471 -7.938522
3.904172 -1.646297
-2.874623 -10.931685
8.993959 -3.278899
2.171556 -7.930137
9.547766 -3.059558
3.668798 -2.643563
2.310840 -3.200007
2.580377 -3.448828
9.474447 -3.042924
8.998235 -2.994169
8.966940 -3.255806
3.356102 -2.004915
3.778394 -3.642847
3.010508 -0.559683
4.457352 -8.562992
6.165315 -9.570845
2.097891 -0.416005
9.080499 -2.714920
3.017167 -3.491886
9.988501 -2.648050
9.266027 -2.821824
4.767166 -9.231547
0.263628 -6.977535
3.160612 -8.231618
8.097069 -3.518469
6.062868 -2.614310
10.072158 -3.946823
2.623311 -3.657527
9.984732 -3.154765
9.434404 -3.119710
9.138576 -2.881085
7.082253 -6.377484
9.542641 -2.967661
9.085823 -2.665113
4.009073 -8.267397
6.304774 -8.040726
3.515950 -0.882125
5.846289 -5.967034
5.342819 -8.611345
9.610141 -3.709875
7.460934 -9.335982
8.627971 -3.516188
0.718508 -9.552534
3.477825 -0.310618
2.259595 -2.016785
4.391604 -1.641621
9.561954 -2.045177
4.036809 -2.693451
4.308381 -3.049785
3.597352 -7.167106
-0.335594 -5.712588
2.533383 -0.199734
4.740480 -2.883707
9.374637 -3.258402
9.137416 -3.094180
8.529565 -2.363879
2.676385 -2.313568
3.974463 -7.416780
2.411297 -1.079454
3.353095 -7.635183
10.011255 -2.937856
3.624930 -6.256066
2.072517 -3.121159
3.267631 -1.571993
9.602116 -3.036172
3.295010 -3.206322
9.397014 -2.851417
3.622425 -3.293437
8.360614 -2.888194
5.903367 -2.711137
2.028923 -7.343364
3.873393 -2.979794
9.923085 -3.453041
6.528359 -5.366880
9.312002 -3.157705
9.488445 -4.120632
9.594983 -3.301704
0.798974 -1.447248
9.342235 -3.189919
3.244871 -0.190628
6.501449 -3.799542
0.692259 -5.731754
9.403316 -3.351324
8.982344 -2.572352
3.654934 -4.893291
3.622625 -3.996011
9.014655 -3.113376
9.397364 -2.627175
0.857139 -3.933548
9.183068 -2.629468
9.197260 -3.839330
4.019469 -3.719377
1.416572 -1.489110
9.038188 -2.857200
3.524133 -6.371402
9.639194 -3.088110
3.088504 -2.845056
3.131205 -3.788922
5.793246 -5.502956
2.478944 -1.355035
3.214551 -1.947969
3.830803 -4.295589
3.108800 -2.613916
4.902542 -5.892807
3.145295 -2.999463
1.489203 -2.305154
3.197265 -1.914431
9.449632 -3.621491
9.023807 -2.497403
2.946573 -7.494749
3.893421 -6.458167
9.802768 -2.420511
0.046023 -10.096775
9.499214 -3.042988
-0.235128 -5.435009
3.482515 -2.757663
1.905045 -2.372269
1.059391 -8.209387
9.269845 -2.480685
3.598284 -0.591255
9.412771 -3.236282
10.008624 -3.927894
2.459564 -2.557123
6.124113 -8.114640
3.975436 -4.495458
1.958345 -2.018345
9.251831 -2.607064
9.704966 -3.178154
8.262670 -5.272505
2.835444 -8.876719
9.462272 -3.211441
3.320568 -1.870922
9.477657 -3.014930
3.040960 -2.230392
6.309843 -2.011991
1.162216 -0.714792
0.998685 -2.020597
2.622668 -0.637628
9.731551 -3.872925
10.164724 -3.616957
1.473022 -8.659735
8.608277 -3.555930
8.877735 -2.912400
4.601227 -11.772977
-0.860956 -8.111480
2.861483 -5.319648
8.657929 -2.797135
4.657619 -1.979740
8.585367 -3.207133
8.814653 -3.701620
3.536174 -9.380845
2.096796 -2.628274
3.761832 -3.879966
3.337900 -2.764979
1.968807 -5.033527
2.193641 -3.237787
3.189852 -8.761034
2.243911 -1.986974
1.617726 -2.221495
2.720647 -5.344253
4.124726 -0.677283
-0.598742 -6.340929
2.151284 -1.865793
8.868204 -2.274040
2.703800 -5.666833
3.795997 -3.772776
5.735161 -6.899039
2.941711 -0.391805
3.040427 -4.092985
1.727571 -1.484192
4.266718 -1.624645
3.996343 -4.306200
9.304461 -3.366704
0.119165 -5.009029
0.132318 -13.048081
5.066154 -3.793568
1.953837 -6.787617
3.028224 -1.556048
3.330782 -4.325498
2.495854 -4.312336
3.427562 -8.423898
-2.756507 -7.250974
4.603468 -3.048382
1.068256 -2.591296
8.865741 -2.860424
4.150899 -2.667052
1.547306 -3.642337
1.692869 -7.876885
3.185631 -5.397494
1.126212 -2.388000
2.037952 -3.861422
8.773391 -3.623646
5.932999 -3.016021
9.705390 -3.727548
2.617343 -2.257318
2.258877 -2.029314
8.756904 -3.095318
3.153092 -1.880234
2.477472 -8.163530
9.596406 -3.007018
1.300875 -3.628144
5.117784 -5.352745
9.334553 -2.690615
9.684386 -3.042988
0.879800 -3.403401
2.591875 -2.745727
9.151738 -3.569897
9.918347 -2.444096
2.622936 -1.818737
3.998309 -3.444745
8.925298 -3.390965
9.101020 -2.384501
0.691584 -8.361100
1.849414 -2.384696
9.197222 -2.930695
2.627066 -1.960683
3.379683 -2.799259
1.796912 -6.102190
9.593552 -3.909572
8.789388 -3.112603
4.077836 -5.400564
4.399801 -1.146618
9.557326 -2.061825
0.615965 1.109853
2.866368 -2.451121
9.477411 -3.079321
8.715397 -3.392691
8.760450 -2.546464
2.216353 -2.379604
2.877093 -2.852509
1.689357 -10.257989
3.462995 -2.990922
2.786294 -5.471451
0.959015 -4.021192
3.525816 -5.968329
4.781752 -2.739880
0.009272 -9.747703
9.385446 -2.846574
8.490616 -2.604233
9.019484 -3.023643
5.717944 -8.267170
5.621856 -4.189206
0.066647 -4.504249
1.723860 -2.295981
9.940763 -2.565591
9.430618 -3.009719
9.174558 -2.422221
8.718453 -9.608373
4.906707 -5.049490
9.139550 -3.185824
3.665647 -4.178268
8.869257 -3.118484
-1.178544 -7.409332
2.915614 -11.374410
4.190885 -3.301922
6.231020 -5.675296
5.614254 -10.193599
2.074216 -4.487329
0.007810 -6.887098
3.226334 -4.974353
1.853462 -1.934047
9.325570 -3.238708
9.313990 -2.563963
6.200179 -5.588188
0.977395 -9.225086
4.067240 -2.490876
9.496949 -2.846649
2.185202 -2.021176
-0.020497 -0.768140
4.007839 -8.742110
8.925427 -2.242979
9.195098 -2.739903
9.219900 -3.180368
4.116765 -2.237094
5.692245 -4.827396
3.386050 -9.893017
1.928974 -3.496744
8.427252 -3.424647
10.604313 -2.875812
9.461887 -2.537746
10.439208 -3.213132
4.949332 -2.164338
9.325324 -3.216066
9.114530 -2.844661
3.693372 -3.429809
9.449741 -3.089883
3.299451 -1.863578
3.124224 -2.997631
9.709613 -3.059936
4.205814 -8.691680
2.191553 -0.714687
9.798156 -2.238443
8.248009 -3.514931
5.068212 -3.140292
9.355304 -2.650753
8.908363 -2.783784
3.833478 -7.072375
3.760776 -2.956124
2.839959 -8.651994
3.442975 -1.751351
9.318842 -2.061899
3.255993 -6.198958
9.849235 -3.459299
9.009980 -2.588617
10.114904 -3.423835
1.006337 -12.221463
9.369381 -2.818098
10.424474 -3.912916
8.477776 -2.639015
3.386884 -4.379740
2.709458 -2.601685
5.902545 -8.867016
3.717676 -3.244412
3.641064 -1.980542
3.056146 -4.056814
2.392186 -2.271968
7.298685 -5.962297
9.328340 -3.086592
-1.293822 -11.635254
1.926090 -2.935072
4.985864 -2.925547
3.409800 -1.678782
3.644833 -9.061233
7.203452 -6.127214
0.615920 -5.556032
1.812013 -1.130349
9.762958 -2.793069
5.308776 -7.135136
6.814717 -9.681368
-2.881428 -7.949890
3.066277 -1.971389
6.459051 -4.340132
1.645066 -3.995911
8.235109 -6.536156
1.782727 -3.700674
4.348382 -3.713327
5.044079 -8.958963
6.215512 -7.915853
2.867796 -2.777340
9.028214 -3.187301
5.611257 -4.451729
4.067164 -11.446017
9.644151 -3.967126
2.912898 -2.835038
9.536396 -3.055392
9.321085 -3.313829
9.661332 -2.915611
9.152001 -3.639331
3.112158 -3.753189
8.939004 -3.505227
9.887878 -3.036789
2.877234 -1.579468
3.867889 -4.085495
3.172303 -2.412084
9.827410 -3.296799
1.054713 -8.457480
3.779024 -6.467698
4.587595 -1.507604
9.573817 -2.850510
1.283514 -10.322355
9.443112 -3.241455
10.251920 -2.850981
10.829758 -2.709015
4.410850 -2.507551
2.459855 -1.320548
9.792377 -2.955311
1.156908 -0.799935
8.441403 -3.359106
3.885431 -3.428795
2.166695 -8.212743
4.666349 -12.122570
3.740846 -3.014100
5.209520 -6.865482
2.798519 -6.158313
-0.949841 -0.971116
3.651968 -4.805524
2.754505 -3.280607
8.211260 -3.218921
8.162663 -2.422214
9.753075 -3.278727
2.181468 -1.535942
2.473193 -1.807649
3.111380 -0.451628
8.314045 -4.149072
2.115216 -7.804525
10.531375 -1.968224
3.749209 -7.953089
1.719588 -2.406365
3.872757 -9.771600
3.457968 -2.883477
5.366276 -7.143903
2.855982 -5.945835
5.164756 -11.346286
9.440459 -3.614333
1.905556 -3.723351
1.860178 -4.565833
2.472702 -3.440106
1.979088 -2.697033
3.206024 -3.376865
3.311582 -2.780189
0.870370 -11.087741
3.669897 -7.384294
9.507823 -3.254842
2.597225 -1.846663
1.825559 -3.669147
2.666729 -9.774791
8.661433 -3.563884
2.417211 -9.142054
4.144811 -2.518875
2.448578 -1.791693
-1.736937 -8.692603
8.741379 -3.380448
6.563245 -8.980300
2.724053 -2.551499
9.515481 -2.271346
2.741402 -2.789532
3.290432 0.460093
9.349661 -1.869540
3.153610 -6.230275
9.839996 -2.695427
3.207939 -1.324648
5.137919 -4.469611
9.237865 -3.289360
9.765598 -3.120637
9.267449 -2.849687
1.986740 -9.000863
9.568244 -2.614285
2.498714 -2.245440
-1.625486 -7.143111
-1.973916 -9.872204
3.352875 -3.319293
8.746690 -3.366280
5.904004 -9.150169
2.942674 -6.040287
-0.874871 -8.032542
3.318105 -1.799449
4.798365 -8.625321
9.547146 -2.929855
3.769593 -3.363372
9.053168 -3.422474
2.224318 -1.681401
3.433627 -1.430674
2.386191 -2.575396
3.815019 -3.775805
9.835351 -2.477993
10.002652 -2.865026
2.118823 -3.160219
-0.067756 -8.283704
3.933571 -2.921905
2.091095 -4.744356
2.150922 -2.722034
3.032494 -5.721608
0.015231 -8.819270
3.953750 -1.912264
9.361457 -2.781894
9.581288 -2.971886
9.522420 -2.440566
8.916981 -2.819511
1.769380 -0.210778
1.800636 -3.136631
0.709890 -7.482924
9.174494 -3.145507
9.290877 -2.953352
2.332316 -3.278001
4.461096 -2.277532
8.932550 -2.349539
2.853678 -0.990974
2.336792 -3.234929
9.026646 -2.961165
0.194686 -7.830924
1.409214 -2.982227
8.995160 -2.575262
2.494124 -2.489408
2.846949 -3.630661
5.269110 -8.597339
5.666792 -3.635418
1.921129 -1.430313
2.206942 -0.508158
2.485003 -1.365903
9.402094 -3.406091
