2.312507 0.104505
1.287683 0.280291
-5.124604 0.487174
2.578308 -0.317606
-9.958776 -6.649059
-5.592111 -1.015092
2.312313 0.292747
-2.672310 -6.380782
-7.556834 -5.323416
-8.526895 -3.761048
-3.295450 -5.627364
-9.563248 -4.271287
2.710732 0.887876
-8.910100 -4.431167
-9.750466 0.402351
1.879564 0.208039
-4.042267 2.174241
2.754671 0.680724
2.245034 0.137962
-4.866780 -1.020162
1.205707 0.826289
-1.074218 0.811786
-8.798568 -7.148560
-3.990130 -1.397958
-4.030356 -1.066809
-3.612859 1.750771
1.477466 0.417942
-2.366866 -3.669027
-6.883660 0.412725
0.911425 0.439699
-9.558260 -4.207131
1.758614 0.854085
1.854832 0.605409
-1.459253 3.723160
-3.128685 -0.446821
-9.705823 -4.815519
-3.400277 -3.439955
-4.719792 -4.256003
-6.083007 -1.877744
-7.483972 -4.997667
-7.897085 0.746045
-5.462795 3.409122
1.648271 1.040794
-9.906092 -5.087900
-8.001410 -5.679474
2.878231 -0.284660
-9.688926 -6.230276
1.675549 0.675796
2.160097 -0.108658
1.905520 0.423886
1.589359 0.098925
-4.164327 2.311288
-7.318400 -7.030335
-3.760442 0.803329
1.419424 1.245966
-8.440472 -5.187092
2.398858 0.024590
1.734547 0.423450
-9.876978 -6.828510
1.656201 0.178073
-11.510236 -4.162843
2.471423 0.079757
2.548921 0.303235
-2.945481 3.487348
-9.972658 -2.099276
-8.338262 -6.784567
1.754696 -0.106205
1.942527 0.881758
-3.625163 -1.365049
-3.029878 -1.025525
-1.922533 -3.600612
-9.763623 -3.906115
1.842040 0.699078
-8.405901 -4.795570
1.366550 -0.825434
-2.524216 2.994968
1.156868 0.546290
2.228470 1.388663
-4.004759 -0.745064
1.763628 0.182775
-9.042311 -5.732264
-8.359936 -0.025299
1.930343 0.979212
-0.536090 -1.115892
2.163231 0.516457
1.961308 0.010746
1.711319 0.106604
2.716212 0.217041
1.607537 0.402829
-3.539641 -3.071518
-8.349709 -4.789083
-2.275427 -1.656883
-8.509737 -5.548222
-9.213800 -6.332983
-7.604013 -7.426686
-1.619358 -0.453041
-9.858546 -5.872785
-10.358764 -5.186269
-9.354613 -4.835358
0.756362 2.194099
-10.857147 -5.995257
2.531447 0.580049
1.508002 -0.234995
1.626771 -0.650860
1.526143 0.390209
-8.968669 -5.709827
2.259437 0.711352
-3.210969 -2.678940
-4.837647 0.663545
-5.360862 -3.114406
-7.004737 0.660488
2.373645 -0.296444
1.194999 0.756792
2.391547 0.262168
-5.575492 -0.003248
-9.887228 -3.703890
2.815119 1.165991
-3.586817 -7.115941
-8.336961 -5.960436
-8.967813 -5.500345
-9.966306 -5.898777
-8.135684 4.261799
-7.072921 1.346701
-3.626735 1.348000
-9.555408 -3.486566
-8.724316 -6.379186
-7.357871 0.154691
2.032021 0.432419
2.406658 0.464849
-7.220477 2.537929
-6.957017 -6.168295
-2.197577 0.377845
2.028433 0.814254
-6.365878 -5.112698
1.605836 0.277865
-9.653622 -6.125072
-9.046791 -6.316021
1.168424 0.774969
-11.013220 -4.083085
1.218139 0.255433
-3.261474 3.569460
1.680082 -0.033810
-9.553795 -4.900511
-3.385780 1.429789
-5.361688 -1.144789
-2.055562 -2.161317
1.891675 0.361336
-9.377888 -7.760775
-11.057776 -4.754306
-3.587901 4.028957
1.690130 0.557573
-4.667965 -0.953745
-8.937612 -5.005264
-7.740963 -6.564114
1.513523 -0.067404
-9.848802 -4.486348
-9.725990 -6.526182
-9.473396 -6.612091
0.954988 0.010603
1.771779 -0.062369
-2.882815 1.998583
-8.803197 -5.586250
-5.448406 -0.458642
-8.539527 -4.179548
2.604809 -0.057556
1.783519 0.187255
-9.199885 -6.288214
-2.153275 -3.105618
1.417938 -1.169604
-9.511533 -3.744242
-7.724362 -2.567890
2.321125 0.593572
-5.754478 1.986101
1.406477 0.632791
1.313033 0.203626
-8.638335 -6.099404
-6.867092 -5.766833
-9.067364 -4.909175
2.145063 0.852811
-4.640742 0.948322
-7.507748 -5.023281
-10.721432 -4.689778
2.062374 1.053464
-5.602792 2.408703
-2.963434 -1.414047
-6.066952 1.333539
0.563472 -0.565072
-6.724932 -2.020254
1.280958 -0.363124
-10.477655 -5.468705
-6.284202 -3.111029
-7.312583 -3.986560
-9.114092 -5.112848
-4.872191 3.326920
-10.973855 -4.433144
-4.369775 -1.415018
-9.343051 -5.253490
-10.740491 -4.842183
-4.272919 -1.182339
-1.140435 -0.290047
-8.362403 -6.328731
-10.747569 -5.125496
-11.216614 -4.332578
-8.094216 -5.774927
0.998407 1.025291
-8.038560 -6.267221
-9.647522 -5.269310
1.256348 0.655568
-2.657089 1.030236
-3.592001 1.744330
-9.474293 -6.417348
-5.849293 -2.839361
-5.847109 -1.067521
2.488247 0.190259
1.766802 0.181511
-8.414399 -4.073734
-8.811276 -6.119318
-7.635550 -6.307742
-7.987776 -3.869927
-0.614354 2.710185
-4.778398 2.831427
-4.861802 0.955261
-7.496770 -4.795778
1.374075 0.536556
-0.836176 1.425813
-4.654400 2.548313
-10.075140 -5.166141
0.967093 -1.892434
1.951880 -0.246624
-5.365063 -0.570690
1.638367 0.768777
-9.421273 -4.631386
-8.625776 -4.358716
-9.880275 -6.253622
-8.801041 -6.491280
2.360579 0.199869
0.951654 0.346558
-8.665415 -5.811253
-9.671432 -5.642546
-0.625958 1.773604
-3.676237 -4.310731
1.651177 1.361621
-3.104086 -1.595865
-7.942823 -5.772221
2.541334 0.844388
-8.536164 -5.625844
1.611309 0.928543
2.243609 0.734108
2.505247 0.761569
-4.454181 3.355152
-5.935795 1.304259
-8.130437 -6.569799
-6.742386 3.901588
2.186395 0.704455
-10.030128 -5.140981
-9.026662 -3.944630
1.489725 0.317840
1.723158 1.403978
-7.899884 -6.232374
-6.160432 -4.073764
-3.610289 1.157253
1.707947 0.550582
-8.593432 -5.480610
2.358449 0.422146
-3.775141 5.122550
2.237641 0.516107
2.397168 0.489538
1.962479 0.244995
-8.391597 -5.541852
2.399325 1.182294
-7.841578 -6.332708
1.542592 0.592448
-4.906991 0.402143
-6.101551 0.216360
-0.676885 -0.339594
-9.641834 -6.625690
-5.145618 3.913177
-7.758670 -2.782818
-8.177601 -5.247910
-0.101602 -1.288536
-2.369002 -0.164890
-2.552633 -0.237299
-11.549334 -3.071996
0.909545 0.354286
-3.943576 -0.547230
2.239774 0.840082
-3.183566 -0.505043
-8.579696 -7.377092
-9.100803 -5.267445
-3.713451 -0.950253
-2.130551 0.078154
-7.328657 -4.400964
1.071421 0.373380
2.332020 0.858346
-8.820109 -6.845390
-10.355886 -6.205050
1.708990 0.799781
1.486870 0.443502
-9.956645 -6.052124
-8.999444 -5.145636
-10.766959 -4.060868
-7.448688 0.071836
-8.753188 -5.112568
1.287001 0.181196
-8.240016 -5.499107
1.751680 1.071470
-3.265975 -1.828291
1.816781 1.180298
2.318019 0.230690
-7.458683 -4.801524
-6.772937 4.782698
-3.402264 0.852776
-7.543518 -7.268348
-8.298787 -1.839538
-8.424578 -5.322647
-9.937614 -3.868098
2.331905 1.177047
-7.585680 -5.341312
1.539464 -0.105527
-5.699657 -3.695992
-10.150258 -4.165858
2.288938 0.496317
1.392623 0.536781
-8.591640 -7.659349
-9.037772 0.882724
-9.344818 -7.181969
-2.148638 1.292596
2.210362 0.959289
-7.395456 -6.697694
2.160981 0.932177
-9.133839 -5.149703
1.730941 0.518053
-1.025464 -1.369179
1.871845 -0.089314
2.174353 0.494275
1.478320 0.876012
1.414458 0.258652
2.504322 0.335389
-7.368727 -4.871293
-9.217605 -5.464759
-9.928627 -3.154653
-8.566377 -3.987934
2.322784 -0.298920
-5.530698 0.257400
1.655606 0.438043
-9.614597 -4.918487
-8.493893 -6.652329
-8.768739 -5.945913
-10.408841 -5.841058
-5.378004 1.065375
2.768912 0.647747
-5.452925 -0.354348
-3.966225 0.283111
2.281900 1.187582
-8.859004 -5.655936
1.924058 1.133426
2.727860 1.097089
-4.576628 1.193413
2.585007 0.394464
1.705932 0.637443
2.274504 0.310113
-10.211713 -5.195108
-9.100448 -6.985585
1.684259 1.100904
1.206482 0.210335
-3.205444 -1.503396
-3.924324 -1.731179
2.184246 0.589072
-9.394362 -5.774365
2.801343 0.191115
-2.989759 3.532040
1.557579 0.170477
-3.861375 2.004848
1.965725 0.572770
-8.771117 -4.838489
2.033607 0.558215
-1.254715 -0.230936
1.659883 -0.808727
-2.231740 2.403633
-8.680537 -3.078433
-7.981505 4.308479
-11.514736 -6.694924
1.368134 0.730619
-6.770550 3.607351
1.926969 1.459255
-9.582073 -6.079460
-8.971840 -6.042117
2.565701 0.655496
-7.118142 -1.276218
-5.743348 -0.521005
-4.050091 2.278251
-9.140739 -6.542375
-8.586396 -6.072631
-4.029771 1.856644
2.576295 0.864510
-4.719998 0.860003
-8.817190 -4.579256
1.816753 1.152953
1.260070 1.077622
-8.763983 -4.455401
1.818840 0.153400
-4.014007 0.991493
1.863443 0.034929
-5.200481 -0.598417
2.360872 0.460681
-8.469334 -0.218349
-9.333907 -5.138134
-5.896948 -2.826387
-3.801306 1.981452
2.656558 0.236263
-7.323691 -4.890603
-7.850598 -4.760164
-8.055294 -4.666674
0.614452 0.838995
-3.633758 0.624980
2.054028 0.120423
2.372030 -0.117703
1.737140 0.166023
-8.574864 -5.057894
-10.794920 -5.300677
-7.377092 -6.490242
-8.069456 -2.765429
-4.558417 2.341252
-8.917797 -4.237337
-5.076857 1.316342
2.398778 0.028192
-8.571758 -4.103544
1.739738 1.477056
-7.612045 -3.646557
-9.194194 -5.892272
-9.567780 -5.998868
-3.788855 -2.363711
-10.285343 -6.542283
0.357189 1.596568
-9.528985 3.206092
1.833498 0.650987
-2.699413 -0.904053
-3.588893 -0.738920
-7.666742 -5.300098
-7.289954 -0.804949
-9.556752 -5.169512
-1.456458 -2.994801
2.329567 2.107769
-1.301199 0.851485
-9.255666 1.121859
-8.145691 -7.001195
1.071514 1.070468
-0.513552 3.458320
2.951410 0.157058
-9.394723 -4.394165
-10.353154 -6.618662
2.289148 0.050776
-9.744184 -6.083270
-8.223416 -5.769734
-9.830604 -6.363811
1.553508 0.446437
-4.587266 -3.540783
2.661409 0.883464
-8.386443 -4.327127
-1.287436 6.160527
-4.241211 -2.430191
2.894657 0.919068
2.302600 0.694074
-8.064757 -4.609526
-8.588926 -4.496360
-10.674173 -5.043762
3.199228 1.167577
-7.934291 -5.192399
1.624794 0.019496
2.667907 0.046735
-8.993391 2.680633
-7.937178 -4.514454
2.442765 0.103194
-7.837323 -5.029870
-4.113236 2.637504
1.771107 0.614288
1.134230 0.247312
1.815300 -0.074061
1.759446 0.709591
-8.992939 -4.799269
-5.410066 -5.833519
-5.867908 2.440174
-8.147798 -4.878821
-4.094985 -2.912811
-9.127823 -4.748581
-1.770526 6.671538
1.626388 0.514640
-8.815342 4.024877
-8.462362 -2.483945
-1.559804 -0.622765
-10.301261 -6.061182
1.113361 -0.112647
1.536513 0.635005
-9.216994 -4.597122
-4.674422 -0.620975
-8.415011 -6.359746
2.576398 0.358731
-4.379067 -1.889072
-9.664963 -3.517327
1.942464 0.546106
