2.312507 0.104505
1.287683 0.280291
-4.910518 0.327809
2.578308 -0.317606
-9.452934 -6.055912
-5.191022 -0.573551
2.312313 0.292747
-3.439142 -3.792964
-8.251963 -5.393090
-8.736993 -4.611906
-3.813026 -3.340913
-9.255170 -4.867026
2.710732 0.887876
-8.928596 -4.946966
-7.686035 0.276915
1.879564 0.208039
-4.261116 1.340049
2.754671 0.680724
2.245034 0.137962
-4.755824 -0.576593
1.205707 0.826289
-2.480287 0.522576
-8.872830 -6.305662
-4.229834 -0.803270
-4.253969 -0.604581
-4.003471 1.085968
1.477466 0.417942
-3.255876 -2.165912
-5.965952 0.283140
0.911425 0.439699
-9.252676 -4.834947
1.758614 0.854085
1.854832 0.605409
-2.711308 2.269401
-3.712967 -0.232588
-9.326457 -5.139141
-3.875922 -2.028468
-4.667631 -2.518097
-5.485560 -1.091142
-8.215532 -5.230215
-6.574007 0.483132
-5.113433 2.080978
1.648271 1.040794
-9.426592 -5.275332
-8.474251 -5.571119
2.878231 -0.284660
-9.318009 -5.846520
1.675549 0.675796
2.160097 -0.108658
1.905520 0.423886
1.589359 0.098925
-4.334352 1.422278
-8.132746 -6.246550
-4.092021 0.517502
1.419424 1.245966
-8.693782 -5.324928
2.398858 0.024590
1.734547 0.423450
-9.412035 -6.145637
1.656201 0.178073
-10.228664 -4.812804
2.471423 0.079757
2.548921 0.303235
-3.603044 2.127913
-7.819351 -1.224061
-8.642677 -6.123666
1.754696 -0.106205
1.942527 0.881758
-4.010854 -0.783525
-3.653683 -0.579810
-2.989276 -2.124863
-9.355357 -4.684440
1.842040 0.699078
-8.676496 -5.129167
1.366550 -0.825434
-3.350286 1.832485
1.156868 0.546290
2.228470 1.388663
-4.238611 -0.411534
1.763628 0.182775
-8.994701 -5.597514
-6.851717 0.020325
1.930343 0.979212
-2.157410 -0.634031
2.163231 0.516457
1.961308 0.010746
1.711319 0.106604
2.716212 0.217041
1.607537 0.402829
-3.959541 -1.807406
-8.648400 -5.125924
-3.201012 -0.958625
-8.728414 -5.505493
-9.080446 -5.897874
-8.275552 -6.444725
-2.807371 -0.236320
-9.402819 -5.667775
-9.652928 -5.324517
-9.150852 -5.149061
-1.381939 1.351964
-9.902119 -5.729011
2.531447 0.580049
1.508002 -0.234995
1.626771 -0.650860
1.526143 0.390209
-8.957880 -5.586296
2.259437 0.711352
-3.762338 -1.571859
-4.738344 0.433631
-5.052273 -1.833139
-6.038598 0.431797
2.373645 -0.296444
1.194999 0.756792
2.391547 0.262168
-5.181051 0.033556
-9.417160 -4.583327
2.815119 1.165991
-3.987846 -4.234060
-8.642026 -5.711600
-8.957452 -5.481555
-9.456699 -5.680771
-6.717166 2.592584
-6.079508 0.843525
-4.011797 0.844305
-9.251250 -4.474665
-8.835704 -5.920975
-6.250479 0.128319
2.032021 0.432419
2.406658 0.464849
-6.168042 1.558262
-7.952054 -5.815530
-3.154302 0.262212
2.028433 0.814254
-5.655283 -3.032114
1.605836 0.277865
-9.300357 -5.793918
-8.996942 -5.889393
1.168424 0.774969
-9.980156 -4.772924
1.218139 0.255433
-3.792640 2.177181
1.680082 -0.033810
-9.250443 -5.181638
-3.867224 0.893378
-5.052768 -0.651369
-3.069093 -1.261286
1.891675 0.361336
-9.162490 -6.611770
-10.002434 -5.108535
-3.988497 2.452879
1.690130 0.557573
-4.636535 -0.536743
-8.942352 -5.234014
-8.344027 -6.013439
1.513523 -0.067404
-9.397947 -4.974556
-9.336541 -5.994473
-9.210244 -6.037428
0.954988 0.010603
1.771779 -0.062369
-3.565445 1.234655
-8.875144 -5.524507
-5.104800 -0.239680
-8.743309 -4.821156
2.604809 -0.057556
1.783519 0.187255
-9.073488 -5.875489
-3.127721 -1.827866
1.417938 -1.169604
-9.229313 -4.603503
-6.470373 -1.505230
2.321125 0.593572
-5.288443 1.227165
1.406477 0.632791
1.313033 0.203626
-8.792713 -5.781084
-7.907092 -5.614798
-9.007228 -5.185970
2.145063 0.852811
-4.620201 0.604498
-8.227420 -5.243023
-9.834262 -5.076271
2.062374 1.053464
-5.197431 1.480727
-3.613817 -0.812923
-5.475927 0.835628
-1.497673 -0.303538
-5.870715 -1.176648
1.280958 -0.363124
-9.712373 -5.465735
-5.606277 -1.831113
-8.129837 -4.724662
-9.030592 -5.287806
-4.759071 2.031657
-9.960473 -4.947954
-4.457621 -0.813506
-9.145071 -5.358127
-9.843791 -5.152474
-4.399507 -0.673898
-2.520017 -0.138524
-8.654747 -5.895748
-9.847330 -5.294130
-10.081853 -4.897671
-8.520654 -5.618846
0.998407 1.025291
-8.492826 -5.864992
-9.297307 -5.366037
1.256348 0.655568
-3.430009 0.653646
-3.990957 1.082102
-9.210692 -5.940056
-5.345332 -1.668112
-5.344021 -0.605008
2.488247 0.190259
1.766802 0.181511
-8.680745 -4.768249
-8.879184 -5.791041
-8.291321 -5.885253
-8.467434 -4.666346
-2.204368 1.661616
-4.702795 1.734361
-4.752837 0.608661
-8.221931 -5.129271
1.374075 0.536556
-2.337462 0.890993
-4.628396 1.564492
-9.511116 -5.314453
-1.255500 -1.099956
1.951880 -0.246624
-5.054794 -0.306909
1.638367 0.768777
-9.184182 -5.047075
-8.786434 -4.910740
-9.413683 -5.858193
-8.874066 -5.977022
2.360579 0.199869
0.951654 0.346558
-8.806254 -5.637009
-9.309262 -5.552655
-2.211331 1.099667
-4.041498 -2.550934
1.651177 1.361621
-3.698207 -0.922014
-8.444957 -5.617493
2.541334 0.844388
-8.741628 -5.544304
1.611309 0.928543
2.243609 0.734108
2.505247 0.761569
-4.508264 2.048596
-5.397233 0.818060
-8.538764 -6.016282
-5.881188 2.376458
2.186395 0.704455
-9.488610 -5.301873
-8.986877 -4.703697
-0.941921 0.226209
1.723158 1.403978
-8.423488 -5.847569
-7.553762 -4.768264
-4.001929 0.729856
1.707947 0.550582
-8.770262 -5.471687
2.358449 0.422146
-4.100840 3.109035
2.237641 0.516107
2.397168 0.489538
1.962479 0.244995
-8.669344 -5.502308
2.399325 1.182294
-8.394335 -5.897736
1.542592 0.592448
-4.779950 0.276790
-5.496687 0.165321
-2.241887 -0.168252
-9.294463 -6.044227
-4.923127 2.383411
-6.490958 -1.634186
-8.562347 -5.355337
-1.896717 -0.737617
-3.257157 -0.063429
-3.367336 -0.106875
-10.248213 -4.267380
0.909545 0.354286
-4.201902 -0.292833
2.239774 0.840082
-3.745896 -0.267521
-8.763394 -6.419928
-9.023947 -5.365105
-4.063826 -0.534647
-3.114086 0.082397
-8.137874 -4.931864
1.071421 0.373380
2.332020 0.858346
-8.883600 -6.154077
-9.651489 -5.833907
-0.810362 0.515373
1.486870 0.443502
-9.451869 -5.757444
-8.973268 -5.304200
-9.857025 -4.761816
-6.304969 0.078606
-8.850140 -5.287666
1.287001 0.181196
-8.593554 -5.480936
1.751680 1.071470
-3.795341 -1.061470
1.816781 1.180298
2.318019 0.230690
-8.202888 -5.132144
-5.899518 2.905123
-3.877114 0.547170
-8.245305 -6.365556
-6.815028 -1.068218
-8.685835 -5.392705
-9.442353 -4.665431
2.331905 1.177047
-8.266386 -5.402038
1.539464 -0.105527
-5.255550 -2.182090
-9.548675 -4.814311
2.288938 0.496317
1.392623 0.536781
-8.769366 -6.561057
-7.258419 0.565139
-9.145955 -6.322367
-3.124939 0.811062
2.210362 0.959289
-8.171274 -6.080229
2.160981 0.932177
-9.040465 -5.306234
1.730941 0.518053
-2.451034 -0.786002
1.871845 -0.089314
2.174353 0.494275
1.478320 0.876012
1.414458 0.258652
2.504322 0.335389
-8.157909 -5.167029
-9.082348 -5.463762
-7.792932 -1.857287
-8.756734 -4.725349
2.322784 -0.298920
-5.154175 0.189945
1.655606 0.438043
-9.280844 -5.190626
-8.720492 -6.057547
-8.857915 -5.704339
-9.677966 -5.651911
-5.062558 0.674729
2.768912 0.647747
-5.107511 -0.177104
-4.215491 0.205371
2.281900 1.187582
-8.903048 -5.559350
1.924058 1.133426
2.727860 1.097089
-4.581733 0.751553
2.585007 0.394464
1.705932 0.637443
2.274504 0.310113
-9.579402 -5.328936
-9.023770 -6.224175
1.684259 1.100904
1.206482 0.210335
-3.759022 -0.866533
-4.190350 -1.003203
2.184246 0.589072
-9.170727 -5.618565
2.801343 0.191115
-3.629611 2.154729
1.557579 0.170477
-4.152581 1.238413
1.965725 0.572770
-8.859104 -5.150627
2.033607 0.558215
-2.588585 -0.103057
1.659883 -0.808727
-3.174800 1.477684
-8.813814 -4.270599
-6.624659 2.620592
-10.230914 -6.078844
1.368134 0.730619
-5.898086 2.199916
1.926969 1.459255
-9.264583 -5.771112
-8.959466 -5.752441
2.565701 0.655496
-6.106641 -0.730226
-5.281765 -0.277098
-4.265810 1.402455
-9.043915 -6.002570
-8.766744 -5.767698
-4.253619 1.149491
2.576295 0.864510
-4.667755 0.551507
-8.882141 -5.021010
1.816753 1.152953
1.260070 1.077622
-8.855538 -4.959083
1.818840 0.153400
-4.244160 0.630400
1.863443 0.034929
-4.956044 -0.323545
2.360872 0.460681
-6.917356 -0.095505
-7.436100 -3.047376
-5.373925 -1.660327
-4.116539 1.224376
2.656558 0.236263
-8.135391 -5.176684
-8.398845 -5.111464
-8.501193 -5.064719
0.614452 0.838995
-4.016011 0.410493
2.054028 0.120423
2.372030 -0.117703
1.737140 0.166023
-8.760978 -5.260329
-9.871006 -5.381721
-8.162092 -5.976503
-6.677430 -1.623753
-4.570806 1.440256
-8.932444 -4.850051
-4.881870 0.825310
2.398778 0.028192
-8.759425 -4.783154
1.739738 1.477056
-6.402983 -2.152429
-9.070643 -5.677518
-9.257436 -5.730816
-4.109069 -1.382722
-9.616217 -6.002524
-1.621442 0.993446
-7.553147 1.959160
1.833498 0.650987
-3.455404 -0.506927
-3.989092 -0.407847
-8.306917 -5.381431
-6.209729 -0.447465
-9.251922 -5.316138
-2.709631 -1.761376
-0.438016 1.300166
-2.616475 0.546396
-7.389156 0.708620
-8.546391 -6.231980
1.071514 1.070468
-2.143887 2.110497
2.951410 0.157058
-9.170907 -4.928465
-9.650123 -6.040713
2.289148 0.050776
-9.345638 -5.773017
-8.585254 -5.616249
-9.388848 -5.913288
1.553508 0.446437
-4.588116 -2.088965
2.661409 0.883464
-8.666768 -4.894945
-2.608217 3.731821
-4.380482 -1.422610
2.894657 0.919068
2.302600 0.694074
-8.505924 -5.036145
-8.768009 -4.979562
-9.810632 -5.253263
3.199228 1.167577
-8.440691 -5.327582
1.624794 0.019496
2.667907 0.046735
-7.231791 1.643884
-8.442135 -4.988609
2.442765 0.103194
-8.392207 -5.246317
-4.303698 1.618007
1.771107 0.614288
1.134230 0.247312
1.815300 -0.074061
1.759446 0.709591
-8.970015 -5.131017
-5.081796 -3.464606
-5.356501 1.499609
-8.547445 -5.170793
-4.292747 -1.712182
-9.037458 -5.105673
-2.898071 4.038427
1.626388 0.514640
-7.124961 2.450431
-6.913173 -1.454862
-2.771638 -0.338154
-9.624176 -5.761973
1.113361 -0.112647
1.536513 0.635005
-9.082043 -5.029943
-4.640409 -0.337080
-8.681051 -5.911255
2.576398 0.358731
-4.463196 -1.097938
-9.306027 -4.490045
1.942464 0.546106
