1.023796 0.359562
0.908785 -0.228897
-0.917235 0.699035
0.369004 0.383800
0.883982 0.359919
0.671041 0.578949
0.402018 -0.099711
0.343693 0.448620
0.416664 0.379168
-0.659401 0.584797
0.158345 -0.514396
0.024889 0.550620
-0.778731 -0.770575
1.078148 0.083561
-0.846301 -0.247245
0.911683 -0.329920
0.191098 -0.221800
-0.231638 -1.054103
0.719018 0.450202
-0.723506 0.638393
-0.047214 1.124484
0.329680 0.354544
0.881353 -0.385712
0.430068 -0.161823
0.931902 0.092409
-0.164214 -0.408146
-0.057059 0.690187
0.324491 0.039527
-0.451474 -0.402385
-0.328446 -0.354137
-0.284398 -1.054171
-0.890175 0.123910
1.017068 -0.451198
-0.076710 -0.877806
0.933858 0.319462
0.261221 -0.504784
0.504035 -0.443290
-0.302548 0.994376
-1.071540 0.154568
-0.975135 -0.124228
0.648122 -0.025272
-0.820437 -0.048495
0.888384 -0.576522
-0.505720 0.006344
-0.624754 0.180869
-0.359280 0.452555
0.418050 -0.960952
0.080198 0.729184
-0.102277 1.208113
-1.078071 -0.212230
0.675802 0.484496
-0.063371 0.491395
0.983035 -0.288133
-0.538267 1.017675
0.095926 -0.497614
-0.585884 -0.114628
0.489598 -0.877739
-0.430867 -0.020444
-0.333915 0.090519
-0.467454 -0.263862
0.086918 -0.913437
-0.468187 0.028707
0.186206 0.447847
-0.590271 -0.652005
-0.381708 -0.012510
0.050999 -0.813225
-0.174914 -1.033519
-0.006614 -0.462573
-0.759353 0.828935
-0.166182 -0.700573
-0.394993 0.304934
0.505602 -0.804344
-0.939820 0.382023
0.309405 -0.444792
-0.828354 -0.877936
-0.406417 -0.197022
-0.252833 0.382080
-0.465633 -0.798753
-0.269504 -0.399790
-0.204410 -0.832327
0.663112 -0.597100
-0.553194 -0.063718
-0.740874 0.702603
-0.422254 -0.930825
0.438468 1.028244
0.574836 -0.658584
0.362265 -0.917061
-0.337910 0.318487
0.633035 -0.790351
0.348377 0.584827
-0.412327 0.408319
-0.286437 0.407664
-1.126843 -0.078109
0.555221 -0.095767
-0.760191 -0.549319
1.159284 -0.204998
-0.900130 -0.349306
0.918550 0.017193
0.494080 -0.419686
0.482756 0.982652
-0.353514 0.104300
0.306825 -0.083133
0.568268 0.176386
-0.608992 -0.707127
-0.233902 -0.516441
0.650262 0.824982
0.265058 -0.384392
0.760308 0.493645
-0.522799 0.793305
0.151842 -0.956194
0.204812 1.111039
0.355300 -0.274625
-0.510988 -0.635572
0.459736 -0.842442
-0.914311 0.070831
0.592407 0.793211
-0.985207 0.154910
-0.157811 -0.871368
0.475561 1.117475
0.241818 -0.563512
0.213546 0.688350
-0.062086 0.787342
-0.001080 -0.476082
-0.291936 -1.004465
-1.117240 -0.113340
-0.282977 0.350533
0.828077 -0.646848
-0.811499 -0.279314
0.738981 0.264750
0.546558 0.413757
0.181823 -0.502246
-0.543463 0.196934
0.042304 -0.586130
0.461732 0.103266
-0.725018 -0.623210
1.050138 0.001238
-0.566521 0.067904
-0.586888 -0.695935
-0.491010 0.120008
0.301080 -0.283257
-0.175196 -0.467041
-0.263296 0.809567
0.300769 0.292316
0.357323 -0.009780
0.009927 -0.443184
0.784405 0.787868
0.900217 -0.228620
-0.057573 -1.043506
0.049610 -0.190313
-0.420056 0.245210
1.028828 0.347778
-0.861074 -0.320663
-0.592395 0.004955
-0.507321 0.046925
-0.200230 -0.343175
0.335852 -0.809206
0.459959 -0.015148
0.237578 0.045228
0.104141 0.498066
-0.486627 -0.733434
-0.626448 -0.262875
-0.318689 0.359938
-0.392026 0.162074
0.405253 -0.015398
0.085810 1.156406
-0.262060 0.597390
0.965234 0.110502
0.105624 0.518699
0.744475 0.251358
-0.463226 -0.179287
-0.894478 0.821910
-0.919191 -0.445061
-0.822125 0.575298
-0.258672 -0.568968
-0.938653 0.418307
-0.131301 0.499261
0.443106 0.303575
0.432385 0.058094
-0.988927 0.523270
-0.762356 -0.548169
0.205410 -1.043354
-0.158484 0.451822
0.046114 -0.994980
0.377564 -0.512639
0.852457 0.191717
-0.148660 1.056679
0.193638 -0.908363
-0.096511 -0.399150
0.852973 -0.822868
-0.982293 0.126515
0.838693 -0.602342
0.322962 -0.493725
-0.115556 -0.462124
1.061689 -0.206317
-0.094378 -0.263395
0.559368 -0.208449
0.820231 -0.728404
0.639573 0.213459
-0.411060 0.951672
-0.163027 0.342984
0.265845 -0.368550
-0.800252 0.214235
0.487677 -0.106105
-1.071800 0.614752
-0.100921 -0.503287
-0.467545 0.151795
0.272959 0.166871
-0.252332 0.151373
0.540625 -0.657418
0.271469 1.072180
-0.785782 0.498268
-0.291399 0.263156
-0.285906 -0.152346
-0.436850 0.313549
-0.311457 0.891998
0.815499 -0.552740
1.038780 0.183520
-0.033314 -0.416196
0.850130 0.596774
-0.367341 -0.284215
0.916183 -0.065378
-0.091002 0.896383
0.503167 0.009774
1.052538 0.078823
0.234337 -1.150381
-0.301070 0.054296
0.334291 -0.410089
0.515205 -0.213545
-1.092388 0.019157
-0.369742 -0.735310
0.725084 -0.766153
0.066367 -0.839522
0.697901 -0.485431
-0.144336 0.953770
-1.122883 0.191871
-0.530435 -0.251519
0.189378 -0.276708
0.675495 -0.957189
0.558520 0.212710
0.120598 0.497883
0.154524 -1.048407
-0.470056 0.675763
0.120211 1.109735
-0.242222 -0.243552
0.546968 0.809277
-0.481349 0.816189
0.138351 -0.273706
0.415936 -0.352411
0.465846 -0.221711
0.195426 1.002156
-0.483724 0.224173
0.796843 0.686134
0.598850 0.781523
-0.743891 -0.631441
0.462273 -0.376227
-0.436807 0.341941
-0.047365 -0.593404
-0.439803 -0.205186
-0.530600 0.190041
0.291571 0.141317
0.959091 0.154152
-0.302484 0.046659
0.269224 0.970787
-0.722434 0.838096
-0.335200 0.348505
-0.452495 0.191984
0.013372 0.482262
-0.130800 -0.429954
-0.174757 1.091728
0.228556 0.456710
0.237197 0.894080
0.840442 -0.588863
-0.465186 -0.087691
-0.267750 -0.940483
-0.616018 -0.106356
0.726374 -0.829544
0.856474 -0.579486
-0.207875 0.349191
-0.686071 0.007981
0.199258 0.387490
-0.948867 0.230001
0.873734 0.475610
-0.384543 -0.438295
0.370075 1.081294
0.013925 0.378922
0.491229 0.479673
-0.907471 -0.663088
-0.884272 -0.070144
0.225678 0.245899
0.874569 -0.592849
0.675033 0.842980
-0.200186 -0.324464
-0.293092 -0.354289
-0.075462 -0.989923
-0.886672 -0.381501
-0.643795 0.808887
0.020813 0.251477
-0.901147 -0.538017
-0.461313 -0.069598
-0.068452 -0.888922
0.361099 -0.424017
-0.286679 -1.130201
0.602713 0.656559
-0.090774 0.444922
1.144907 0.174535
-0.304301 0.065536
-0.750386 -0.880269
-0.183763 0.299513
0.303486 0.308207
0.521139 -0.188224
0.759214 0.559654
-0.387749 0.394471
0.281790 -0.296293
0.130797 0.442564
-0.646186 0.716817
-0.356044 -0.287773
0.484737 0.129246
0.620781 0.144321
-0.448307 -0.858770
0.970599 -0.557463
0.463723 0.824088
0.407969 -0.025170
-0.760644 0.504500
-0.477306 0.879549
-0.105257 0.852902
-0.125780 0.938234
0.461973 -0.775899
0.962390 0.010217
-0.083300 0.486430
0.655472 0.193187
0.357247 -0.387741
-0.085092 -0.551661
-0.324124 -0.228763
0.312190 -1.002412
0.491337 -0.058554
0.883662 -0.415363
-0.966491 0.196946
0.927262 -0.594557
-0.104833 -0.512389
-0.576098 -0.318605
0.460676 -0.244243
0.537326 0.109543
0.428063 -0.317901
-0.827750 0.742740
-0.060137 1.133881
-0.146656 0.519076
0.630963 -0.804800
1.015457 -0.443030
0.072858 0.525610
0.138551 -0.388894
-0.962364 0.152207
0.140838 1.211257
0.295283 0.338232
0.336125 0.531472
-0.720059 -0.395510
-0.963225 0.002883
0.954789 -0.094330
0.120458 0.389838
-0.741353 0.710931
-0.129572 0.542675
-0.527175 0.994538
-0.072919 0.488395
-0.553389 0.744269
-0.375228 0.961757
-0.253591 0.340233
-0.506626 0.890773
0.960845 0.128639
-0.571196 0.150320
0.141608 -1.104812
0.102008 -0.421724
-0.234306 0.483413
0.369461 0.081065
0.533058 -0.321239
-0.967371 -0.475718
-0.979057 -0.193596
0.503433 -0.068415
1.027318 -0.613071
-0.539344 0.886267
0.111316 -0.500858
0.807885 0.616640
-0.181103 0.591998
-0.036530 -0.538662
-0.394087 -0.441500
-0.998812 -0.323951
-0.341540 0.013711
0.400162 -0.090527
-0.570312 -0.211214
-0.375059 -0.189991
-0.302319 -0.683647
-0.335128 -0.312871
0.413948 0.471805
0.113201 0.727635
0.668679 0.458161
-0.272109 -0.361780
-0.429362 -0.127912
1.084913 -0.271946
-0.306512 0.617879
-0.837132 0.410925
-0.067526 0.382850
0.598539 -0.239013
0.116985 0.512412
0.239050 0.779891
1.017015 0.080051
0.244637 0.956771
0.619605 0.049276
-0.824526 0.507203
-0.403687 0.939444
-1.139594 0.085897
0.551146 0.267906
-0.450603 -0.114230
-0.485132 0.247721
0.588755 0.089224
0.916880 0.399510
0.332685 0.110850
0.229321 0.201401
0.674106 0.949752
0.884966 0.403441
-0.214194 -0.984688
-0.441926 -1.001306
0.352110 -0.792120
0.562680 0.255075
0.281275 0.501994
0.650624 0.599110
0.223051 -0.838145
0.572474 0.781335
0.276490 1.074883
0.327163 0.895445
-0.358235 -0.432461
0.867731 0.501524
0.094087 -0.451586
0.356797 -0.756320
-0.392433 -0.277143
0.626766 -0.579755
-0.997898 0.658713
-0.200782 0.539952
-0.995450 0.054402
1.060664 -0.192123
-0.939678 -0.701935
-0.535196 -0.860154
0.329585 0.146502
-0.305225 -0.398036
-0.305168 -0.437656
-0.062671 -0.396337
-0.471613 0.062223
0.403661 -0.384705
-1.089574 -0.167247
0.292131 0.295409
0.025318 -1.310089
0.348718 -0.768706
0.523952 -0.008110
-0.274774 -1.000172
-0.730126 0.698704
-0.148822 0.384511
-0.864396 0.395240
0.040911 -0.444578
-0.339948 0.360203
-0.464742 0.320224
-0.194847 -0.984865
-1.006141 0.347971
-0.707209 -0.789929
0.158179 1.059478
-0.770578 -0.565194
-0.044488 -0.322669
0.429902 0.313112
0.408343 -0.050276
0.726270 0.340464
0.555901 0.164494
0.444882 -0.249360
-0.102090 0.334133
-0.323210 -1.046641
0.463897 0.951414
0.572112 0.420443
0.137519 0.969828
-0.569501 -0.328875
-0.232705 -0.150400
0.257111 -0.527769
-0.385724 0.335936
-1.104144 0.135305
0.469206 -0.201003
0.686986 0.406219
-0.462712 -0.948000
-0.024646 -0.326342
0.480787 -0.010471
-0.079991 -0.733477
-0.123615 0.537254
-0.307126 -0.003618
0.679593 0.248976
-0.059155 -0.452212
-1.008064 -0.052174
-0.138657 -0.443445
-0.937219 -0.464139
0.595274 0.061576
0.049784 0.651991
-0.488050 -0.220116
-0.264063 -0.338991
-1.029462 -0.310863
0.132411 0.469799
-0.112104 -0.508688
-0.375144 -0.548501
0.156281 0.342717
