0.943860 0.431592
0.935407 -0.250924
-0.884115 0.612105
0.393884 0.328499
0.867488 0.442547
0.691289 0.640799
0.387494 -0.216358
0.358332 0.390813
0.386216 0.365247
-0.734209 0.586291
0.132174 -0.501515
0.065446 0.519627
-0.762336 -0.718293
1.039074 0.041781
-0.896700 -0.284094
0.929391 -0.325432
0.250014 -0.307472
-0.209510 -1.018195
0.756504 0.529066
-0.680465 0.704453
-0.080035 1.059048
0.359456 0.334195
0.905565 -0.376918
0.439885 -0.190191
0.965319 0.021082
-0.250940 -0.388451
-0.037952 0.594916
0.394690 -0.072268
-0.380202 -0.397765
-0.346465 -0.348205
-0.260449 -1.012901
-0.935015 0.161810
0.977901 -0.397921
-0.119674 -0.932246
0.940478 0.320203
0.294757 -0.440955
0.450515 -0.373627
-0.317684 0.968683
-1.028052 0.164795
-0.979850 -0.149625
0.569025 -0.062564
-0.910060 -0.011682
0.882345 -0.529138
-0.493367 0.071410
-0.534411 0.205330
-0.297316 0.446850
0.387231 -0.947640
0.071494 0.863605
-0.032293 1.103701
-1.028963 -0.205970
0.749668 0.525883
-0.090810 0.488605
0.987575 -0.206733
-0.411643 0.988099
0.119218 -0.488438
-0.536574 -0.113381
0.491163 -0.873961
-0.452208 -0.090458
-0.405674 0.119520
-0.463785 -0.229774
0.074854 -0.955732
-0.484014 0.020636
0.158313 0.465269
-0.632802 -0.694759
-0.409931 0.114183
0.155920 -0.889303
-0.333821 -0.951852
0.012391 -0.480793
-0.768908 0.728313
-0.092514 -0.600109
-0.375381 0.328129
0.551754 -0.802955
-0.934798 0.375074
0.272378 -0.442969
-0.761003 -0.799123
-0.437892 -0.184671
-0.191627 0.432385
-0.490036 -0.828140
-0.252428 -0.420468
-0.158633 -0.912969
0.669222 -0.667307
-0.525887 -0.013028
-0.708104 0.720058
-0.412580 -0.923033
0.465598 0.949214
0.668639 -0.652820
0.347542 -0.930026
-0.371209 0.306190
0.681002 -0.737449
0.274915 0.521224
-0.329345 0.421705
-0.277175 0.414914
-1.062001 -0.076718
0.523751 -0.004128
-0.805593 -0.537247
1.069570 -0.202354
-0.910181 -0.370340
0.957854 0.046260
0.420453 -0.389920
0.498598 0.920089
-0.424785 0.083483
0.380939 -0.145161
0.518817 0.174354
-0.632789 -0.730689
-0.200156 -0.493968
0.613917 0.820661
0.261139 -0.406578
0.769385 0.560668
-0.550186 0.804822
0.132349 -0.974903
0.220655 1.041335
0.387032 -0.273911
-0.619979 -0.660060
0.518654 -0.829391
-0.956998 0.022851
0.614916 0.781862
-0.966153 0.237927
0.039344 -0.921500
0.427670 1.021276
0.215854 -0.513025
0.141221 0.591790
-0.124733 0.884814
-0.003682 -0.488021
-0.312378 -0.973728
-1.056095 -0.106851
-0.310321 0.359645
0.839536 -0.586012
-0.860803 -0.346845
0.853782 0.256720
0.486028 0.338172
0.131571 -0.497794
-0.504176 0.190498
-0.007062 -0.541468
0.478894 0.082966
-0.767017 -0.605498
1.024911 -0.011946
-0.508112 0.143231
-0.592397 -0.748751
-0.487651 0.122177
0.332782 -0.312765
-0.182543 -0.464790
-0.321538 0.867322
0.309741 0.338786
0.428582 -0.011173
0.070174 -0.462937
0.739029 0.754088
0.927541 -0.262831
-0.022503 -1.021714
0.174281 -0.295548
-0.419410 0.259204
0.991846 0.322410
-0.911551 -0.296808
-0.542339 0.046233
-0.498624 0.073390
-0.277999 -0.347250
0.380816 -0.857016
0.478717 0.017516
0.362421 0.078682
0.147015 0.480302
-0.521751 -0.782015
-0.532301 -0.251876
-0.372093 0.311263
-0.439645 0.137105
0.450655 -0.039032
0.086831 1.076270
-0.146728 0.548202
0.976943 0.130364
0.093471 0.506021
0.827291 0.332867
-0.453647 -0.204538
-0.794066 0.771109
-0.891557 -0.474342
-0.792284 0.611177
-0.293483 -0.473047
-0.938693 0.381475
-0.049953 0.499137
0.376018 0.348360
0.465482 0.047879
-0.867434 0.594641
-0.799942 -0.547282
0.171600 -1.016907
-0.101205 0.474945
0.116748 -0.988634
0.348138 -0.448948
0.916156 0.195713
-0.080613 1.028300
0.251327 -0.929710
-0.176865 -0.413957
0.799457 -0.744440
-0.987204 0.125924
0.851308 -0.552983
0.267926 -0.473069
-0.202171 -0.435147
1.018108 -0.215294
-0.012742 -0.379313
0.525825 -0.147980
0.807111 -0.668167
0.544638 0.216009
-0.418420 0.928250
-0.115961 0.419107
0.277316 -0.388360
-0.881140 0.243593
0.487470 -0.109120
-0.979968 0.537166
-0.084908 -0.499259
-0.432270 0.227880
0.309893 0.263513
-0.332049 0.217504
0.589024 -0.713965
0.290243 1.011618
-0.804657 0.532769
-0.309846 0.320141
-0.367804 -0.185452
-0.400667 0.327911
-0.333934 0.913164
0.851818 -0.506160
1.018758 0.116882
-0.013515 -0.458078
0.863218 0.539264
-0.306852 -0.359653
0.952418 -0.107802
-0.064346 0.947836
0.500321 -0.020203
1.026111 0.051976
0.223172 -1.063825
-0.400219 0.014587
0.226270 -0.447952
0.498109 -0.175011
-1.042251 -0.053088
-0.397760 -0.820068
0.718310 -0.734401
0.175693 -0.899022
0.657881 -0.635859
-0.178172 0.965519
-1.060021 0.133599
-0.512380 -0.163316
0.177894 -0.374102
0.616185 -0.893893
0.485143 0.248172
0.188909 0.463323
0.121188 -1.022270
-0.459220 0.784802
0.129001 1.050098
-0.311722 -0.283540
0.541397 0.826802
-0.497894 0.836858
0.263791 -0.293776
0.385852 -0.351868
0.435177 -0.257802
0.179032 0.994421
-0.436478 0.269009
0.779643 0.666595
0.608355 0.783906
-0.761176 -0.629566
0.443885 -0.319407
-0.404889 0.337473
-0.039380 -0.546209
-0.466043 -0.146349
-0.512463 0.132577
0.344283 0.222641
0.971828 0.164587
-0.388017 0.103566
0.277121 0.964654
-0.629131 0.841212
-0.341013 0.354330
-0.456305 0.193836
-0.021528 0.489534
-0.130610 -0.456323
-0.205628 1.031680
0.161123 0.473927
0.224602 0.935674
0.824730 -0.588324
-0.448574 -0.169751
-0.276384 -0.949503
-0.556747 -0.078268
0.691480 -0.791898
0.817468 -0.603589
-0.263294 0.367224
-0.592325 -0.014841
0.233586 0.404827
-0.934549 0.310687
0.855631 0.511002
-0.386887 -0.376070
0.363243 1.007811
-0.033697 0.436132
0.427856 0.410973
-0.850731 -0.635509
-0.941504 -0.009950
0.351555 0.197210
0.892338 -0.503612
0.636469 0.822274
-0.327619 -0.265826
-0.345044 -0.329127
-0.044014 -0.994922
-0.912703 -0.363072
-0.620850 0.805227
0.038621 0.374141
-0.862340 -0.552643
-0.472802 -0.096972
-0.103121 -0.939691
0.349383 -0.396387
-0.297848 -1.040629
0.639023 0.697036
-0.048528 0.472441
1.068511 0.149934
-0.401835 0.045329
-0.693905 -0.825391
-0.241358 0.350148
0.274925 0.371649
0.499285 -0.168372
0.784116 0.573719
-0.348339 0.393808
0.229998 -0.381729
0.124523 0.464190
-0.632023 0.751553
-0.416738 -0.218147
0.458349 0.190529
0.529467 0.192599
-0.492067 -0.851549
0.935002 -0.497290
0.467214 0.853190
0.434042 -0.110429
-0.777317 0.556215
-0.393162 0.915303
-0.121524 0.921682
-0.094285 0.968130
0.466338 -0.829095
0.978671 0.055289
-0.142376 0.472025
0.568243 0.164832
0.279350 -0.422681
-0.101671 -0.518739
-0.348547 -0.280885
0.413315 -0.929969
0.492832 0.008279
0.901947 -0.403369
-0.967537 0.222818
0.882395 -0.570475
-0.123671 -0.495825
-0.493932 -0.301120
0.465022 -0.208282
0.513627 0.104699
0.436065 -0.273846
-0.832639 0.644567
-0.111387 1.060283
-0.168273 0.490807
0.583395 -0.824564
1.000010 -0.309026
0.125532 0.496387
0.192457 -0.411993
-0.978657 0.126284
0.026494 1.103696
0.297118 0.369508
0.312456 0.469821
-0.804098 -0.427545
-0.981613 0.001442
0.975974 -0.084828
0.172325 0.418380
-0.698969 0.732591
-0.061645 0.521318
-0.542025 0.912567
-0.107714 0.483828
-0.632462 0.723459
-0.318035 0.963569
-0.271189 0.374201
-0.488665 0.886532
0.949790 0.236641
-0.520282 0.161321
0.152122 -1.045749
0.060426 -0.460684
-0.200358 0.477454
0.434415 0.053094
0.485606 -0.281058
-0.933388 -0.456417
-0.973820 -0.221143
0.501716 -0.034208
0.925425 -0.590170
-0.516036 0.878225
0.132912 -0.488193
0.768427 0.650593
-0.196996 0.522206
0.009949 -0.517734
-0.331000 -0.431832
-0.986669 -0.274111
-0.419508 0.031946
0.436855 -0.125499
-0.533185 -0.136940
-0.396912 -0.231594
-0.257163 -0.830458
-0.279660 -0.379896
0.409228 0.382849
0.133855 0.601582
0.707310 0.562086
-0.285531 -0.381282
-0.427430 -0.195250
1.039932 -0.186154
-0.292475 0.516588
-0.873619 0.412650
-0.024340 0.441247
0.505153 -0.261324
-0.030610 0.489788
0.332414 0.842359
0.995771 0.152161
0.178746 0.975191
0.551949 -0.037535
-0.861965 0.472160
-0.403297 0.927343
-1.069165 0.017827
0.505631 0.231796
-0.470265 -0.107042
-0.458547 0.249766
0.536523 0.106784
0.939454 0.336231
0.398787 0.147456
0.253879 0.308350
0.615491 0.890174
0.902599 0.397407
-0.151022 -0.990411
-0.445155 -0.947574
0.377508 -0.853681
0.445486 0.316101
0.223842 0.486745
0.653605 0.676681
0.130371 -0.918717
0.510429 0.837588
0.268666 1.020132
0.329991 0.919218
-0.318336 -0.423880
0.877934 0.480552
0.159139 -0.449253
0.402590 -0.825081
-0.355572 -0.331200
0.660210 -0.650032
-0.937103 0.570233
-0.177645 0.507740
-0.992051 0.102314
1.014624 -0.220406
-0.851060 -0.674495
-0.502950 -0.871222
0.355403 0.235015
-0.259057 -0.425225
-0.241687 -0.452410
-0.071995 -0.444840
-0.485727 0.024829
0.341049 -0.400001
-1.022219 -0.232144
0.252510 0.373911
-0.018736 -1.154058
0.364249 -0.846891
0.511660 -0.016616
-0.327276 -0.962625
-0.729547 0.691625
-0.186507 0.415716
-0.864160 0.449432
0.042418 -0.471322
-0.298584 0.394483
-0.422982 0.321876
-0.116269 -0.992077
-0.980503 0.322506
-0.709372 -0.746290
0.172780 1.020883
-0.694219 -0.675741
-0.044207 -0.410368
0.436985 0.271451
0.451334 -0.062695
0.828023 0.354294
0.505477 0.185841
0.413052 -0.286444
-0.097890 0.412638
-0.339811 -0.990485
0.433402 0.933327
0.454889 0.394600
0.075042 0.984874
-0.517195 -0.256469
-0.318607 -0.222146
0.262512 -0.474967
-0.420388 0.271562
-1.039335 0.179788
0.450584 -0.226407
0.793196 0.421667
-0.520142 -0.882170
0.034523 -0.408743
0.489683 -0.024067
-0.170416 -0.849430
-0.114809 0.512944
-0.403563 -0.001809
0.576571 0.204724
-0.106832 -0.463870
-0.998358 -0.101200
-0.116174 -0.467294
-0.906763 -0.472946
0.547558 0.037070
0.046855 0.575029
-0.484532 -0.178296
-0.305445 -0.349573
-0.979619 -0.339494
0.137460 0.474530
-0.109054 -0.498661
-0.288299 -0.503061
0.195817 0.391931
