4.053952 -4.320980
7.442351 -2.009217
10.665496 -2.332450
2.677733 -2.430631
1.934282 -6.917514
2.514242 -2.529364
2.666886 -6.948449
2.818556 -1.881987
8.453140 -3.038599
3.101509 -6.197774
9.503313 -3.479164
8.613947 -3.275706
10.235573 -3.882201
4.478012 -6.645642
1.750793 -2.985480
3.616126 -6.510364
10.092244 -2.113960
8.658226 -3.144519
9.704331 -1.931865
3.249563 -7.211600
3.904172 -1.646297
0.806726 -8.408865
8.735763 -3.491035
2.825197 -7.208246
9.843376 -3.052354
3.668798 -2.643563
2.310840 -3.200007
2.580377 -3.448828
9.696737 -3.019085
8.744314 -2.921575
8.681724 -3.444848
3.356102 -2.004915
3.778394 -3.642847
3.010508 -0.559683
3.739516 -7.461388
4.422701 -7.864529
2.097891 -0.416005
8.908842 -2.363077
3.017167 -3.491886
10.724845 -2.229336
9.279898 -2.576885
3.863441 -7.728810
2.062026 -6.827205
3.220820 -7.328838
6.941982 -3.970175
4.381722 -5.081915
10.892160 -4.826882
3.005899 -5.499202
10.717308 -3.242766
9.616651 -3.172656
9.024996 -2.695408
4.789476 -6.587185
9.833126 -2.868558
8.919491 -2.263462
3.560204 -7.343150
4.478485 -7.252482
3.515950 -0.882125
4.295091 -6.423005
4.093703 -7.480729
9.968126 -4.352987
4.940948 -7.770584
8.003785 -3.965613
2.243978 -7.857205
3.477825 -0.310618
2.259595 -2.016785
4.391604 -1.641621
9.871751 -1.023591
3.571298 -5.113572
4.308381 -3.049785
3.395516 -6.903034
1.822337 -6.321227
2.533383 -0.199734
3.852767 -5.189674
9.497118 -3.450040
9.022676 -3.121597
7.806973 -1.660995
2.676385 -2.313568
3.546360 -7.002903
2.411297 -1.079454
3.297813 -7.090264
10.770353 -2.808949
3.406547 -6.538617
2.072517 -3.121159
3.267631 -1.571993
9.952075 -3.005581
3.295010 -3.206322
9.541871 -2.636070
3.622425 -3.293437
7.469072 -2.709625
5.903367 -2.711137
2.768144 -6.973537
3.873393 -2.979794
10.594014 -3.839318
4.567919 -6.182943
9.371848 -3.248646
9.724733 -5.174501
9.937811 -3.536644
0.798974 -1.447248
9.432314 -3.313074
3.254523 -4.112442
4.557155 -5.556008
2.233479 -6.328893
9.554476 -3.635884
8.712532 -2.077941
3.418548 -5.993508
3.405625 -5.634596
8.777154 -3.159989
9.542572 -2.187588
2.299431 -5.609610
9.113979 -2.192173
9.142364 -4.611897
3.564363 -5.523942
2.523204 -4.631835
8.824219 -2.647637
3.366228 -6.584752
10.026232 -3.109457
3.088504 -2.845056
3.131205 -3.788922
4.273873 -6.237374
2.478944 -1.355035
3.214551 -1.947969
3.488896 -5.754427
3.200095 -5.081758
3.917592 -6.393314
3.145295 -2.999463
1.489203 -2.305154
3.197265 -1.914431
9.647108 -4.176219
8.795457 -1.928043
3.135204 -7.034091
3.513943 -6.619458
10.353379 -1.774259
1.974984 -8.074901
9.746271 -3.019212
1.862524 -6.210195
3.482515 -2.757663
1.905045 -2.372269
2.380331 -7.319946
9.287533 -1.894607
3.598284 -0.591255
9.573387 -3.405800
10.765091 -4.789025
2.459564 -2.557123
4.406220 -7.282047
3.546749 -5.834374
1.958345 -2.018345
9.251506 -2.147365
10.157775 -3.289544
5.261643 -6.145193
3.090753 -7.586879
9.672388 -3.356119
3.320568 -1.870922
9.703157 -2.963097
3.040960 -2.230392
4.480512 -4.840988
1.162216 -0.714792
0.998685 -2.020597
2.622668 -0.637628
10.210947 -4.679087
11.077293 -4.167151
2.545784 -7.500085
7.964397 -4.045096
8.503314 -2.758037
3.797066 -8.745382
1.612193 -7.280783
3.101168 -6.164051
8.063703 -2.527507
4.657619 -1.979740
7.918577 -3.347504
8.377149 -4.336476
3.371044 -7.788529
2.096796 -2.628274
3.761832 -3.879966
3.337900 -2.764979
2.744098 -6.049602
2.193641 -3.237787
3.232516 -7.540605
2.243911 -1.986974
1.617726 -2.221495
3.044834 -6.173892
4.124726 -0.677283
1.717078 -6.572563
2.151284 -1.865793
8.484251 -1.481317
3.038095 -6.302924
3.795997 -3.772776
4.250639 -6.795807
2.941711 -0.391805
3.040427 -4.092985
1.727571 -1.484192
4.266718 -1.624645
3.996343 -4.306200
9.356766 -3.666645
2.004241 -6.039803
2.009502 -9.255423
5.066154 -3.793568
2.738110 -6.751238
3.028224 -1.556048
3.288888 -5.766391
2.495854 -4.312336
3.327600 -7.405751
0.853972 -6.936581
3.797962 -5.255544
1.068256 -2.591296
8.479326 -2.654085
4.150899 -2.667052
2.575497 -5.493126
2.633723 -7.186945
3.230827 -6.195189
1.126212 -2.388000
2.037952 -3.861422
8.294626 -4.180528
4.329774 -5.242600
10.158624 -4.388332
2.617343 -2.257318
2.258877 -2.029314
8.261651 -3.123872
3.153092 -1.880234
2.947563 -7.301603
9.940655 -2.947273
1.300875 -3.628144
4.003689 -6.177289
9.416950 -2.314467
10.116616 -3.019213
2.308495 -5.397552
2.591875 -2.745727
9.051319 -4.073031
10.584538 -1.821429
2.622936 -1.818737
3.555898 -5.414089
8.598440 -3.715167
8.949883 -1.702240
2.233209 -7.380631
1.849414 -2.384696
9.142287 -2.794628
2.627066 -1.960683
3.308448 -5.155895
2.675340 -6.477067
9.934947 -4.752382
8.326619 -3.158442
3.587709 -6.196417
4.399801 -1.146618
9.862497 -1.056887
0.615965 1.109853
2.866368 -2.451121
9.702667 -3.091879
8.178638 -3.718618
8.268744 -2.026164
2.216353 -2.379604
2.877093 -2.852509
2.632318 -8.139387
3.462995 -2.990922
3.071093 -6.224772
2.340181 -5.644668
3.366901 -6.423523
4.781752 -2.739880
1.960284 -7.935272
9.518736 -2.626384
7.729077 -2.141703
8.786812 -2.980523
4.243753 -7.343059
4.205317 -5.711874
1.983234 -5.837891
1.723860 -2.295981
10.629370 -2.064418
9.609079 -2.952675
9.096960 -1.777678
5.443956 -7.879541
3.919258 -6.055987
9.026943 -3.304885
3.665647 -4.178268
8.486357 -3.170205
1.485157 -6.999924
3.122820 -8.585955
4.190885 -3.301922
4.448983 -6.306310
4.202276 -8.113631
2.786261 -5.831123
1.959699 -6.791030
3.226334 -4.974353
1.853462 -1.934047
9.398983 -3.410653
9.375824 -2.061163
4.436646 -6.271467
2.347533 -7.726225
4.067240 -2.490876
9.741742 -2.626536
2.185202 -2.021176
-0.020497 -0.768140
3.559710 -7.533035
8.598697 -1.419194
9.138039 -2.413043
9.187644 -3.293973
4.116765 -2.237094
4.233473 -5.967150
3.310995 -7.993398
1.928974 -3.496744
7.602348 -3.782531
11.956469 -2.684861
9.671617 -2.008728
11.626259 -3.359500
4.949332 -2.164338
9.398492 -3.365368
8.976904 -2.622558
3.693372 -3.429809
9.647325 -3.113002
3.299451 -1.863578
3.124224 -2.997631
10.167071 -3.053108
3.638900 -7.512863
2.191553 -0.714687
10.344156 -1.410123
7.243861 -3.963099
5.068212 -3.140292
9.458452 -2.234742
8.564569 -2.500804
3.489966 -6.865141
3.760776 -2.956124
3.092558 -7.496989
3.442975 -1.751351
9.385529 -1.057035
3.258972 -6.515774
10.446314 -3.851835
8.767804 -2.110471
10.977652 -3.780908
2.359110 -8.924776
9.486607 -2.569434
11.596791 -4.759069
7.703396 -2.211268
3.386884 -4.379740
2.709458 -2.601685
4.317593 -7.582998
3.717676 -3.244412
3.641064 -1.980542
3.056146 -4.056814
2.392186 -2.271968
4.876049 -6.421110
9.404523 -3.106422
1.439046 -8.690293
1.926090 -2.935072
4.985864 -2.925547
3.409800 -1.678782
3.414508 -7.660685
4.837956 -6.487077
2.202943 -6.258604
1.812013 -1.130349
10.273759 -2.519374
4.080085 -6.890246
4.682461 -7.908739
0.804004 -7.216147
3.066277 -1.971389
4.540195 -5.772244
1.645066 -3.995911
5.250618 -6.650654
1.782727 -3.700674
3.695928 -5.521522
3.974206 -7.619777
4.442780 -7.202532
2.867796 -2.777340
8.804272 -3.307838
4.201078 -5.816883
3.583441 -8.614598
10.036145 -4.867489
2.912898 -2.835038
9.820636 -3.044021
9.390015 -3.560894
10.070507 -2.764458
9.051846 -4.211898
3.112158 -3.753189
8.625851 -3.943691
10.523599 -3.006815
2.877234 -1.579468
3.867889 -4.085495
3.172303 -2.412084
10.402664 -3.526835
2.378460 -7.419183
3.468184 -6.623270
4.587595 -1.507604
9.895478 -2.634256
2.469981 -8.165133
9.634068 -3.416146
11.251683 -2.635199
12.407359 -2.351267
4.410850 -2.507551
2.459855 -1.320548
10.332598 -2.843858
1.156908 -0.799935
7.630649 -3.651449
3.885431 -3.428795
2.823253 -7.321289
3.823114 -8.885219
3.740846 -3.014100
4.040383 -6.782384
3.075982 -6.499517
1.576639 -4.424638
3.417362 -5.958401
2.754505 -3.280607
7.170363 -3.371079
7.073169 -1.777664
10.253994 -3.490691
2.181468 -1.535942
2.473193 -1.807649
3.111380 -0.451628
7.375934 -5.231380
2.802661 -7.158001
11.810593 -0.869684
3.456258 -7.217427
1.719588 -2.406365
3.505678 -7.944831
3.457968 -2.883477
4.103085 -6.893752
3.098968 -6.414525
4.022477 -8.574706
9.628761 -4.161902
1.905556 -3.723351
2.700646 -5.862525
2.472702 -3.440106
1.979088 -2.697033
3.206024 -3.376865
3.311582 -2.780189
2.304723 -8.471287
3.424534 -6.989909
9.763490 -3.442920
2.597225 -1.846663
1.825559 -3.669147
3.023266 -7.946108
8.070710 -4.061006
2.923459 -7.693013
4.144811 -2.518875
2.936006 -4.752868
1.261800 -7.513232
8.230601 -3.694133
4.581873 -7.628311
2.724053 -2.551499
9.778805 -1.475928
2.741402 -2.789532
3.290432 0.460093
9.447165 -0.672317
3.218019 -6.528301
10.427835 -2.324091
3.239750 -4.566051
4.011742 -5.824036
9.223574 -3.511957
10.279039 -3.174512
9.282741 -2.632611
2.751271 -7.636536
9.884332 -2.161807
2.498714 -2.245440
1.306380 -6.893436
1.167009 -7.985073
3.352875 -3.319293
8.241224 -3.665797
4.318177 -7.696259
3.133645 -6.452306
1.606627 -7.249208
3.318105 -1.799449
3.875921 -7.486320
9.842135 -2.792946
3.769593 -3.363372
8.854180 -3.778184
2.224318 -1.681401
3.433627 -1.430674
2.386191 -2.575396
3.815019 -3.775805
10.418545 -1.889222
10.753147 -2.663288
2.118823 -3.160219
1.929472 -7.349673
3.933571 -2.921905
2.793013 -5.933934
2.150922 -2.722034
3.169573 -6.324834
1.962667 -7.563899
3.953750 -1.912264
9.470757 -2.497024
9.910419 -2.877008
9.792684 -1.814369
8.581806 -2.572258
1.769380 -0.210778
1.800636 -3.136631
2.240531 -7.029361
9.096831 -3.224251
9.329599 -2.839942
2.332316 -3.278001
4.461096 -2.277532
8.612943 -1.632314
2.853678 -0.990974
2.336792 -3.234929
8.801135 -2.855566
2.034449 -7.168561
1.409214 -2.982227
8.738164 -2.083761
2.494124 -2.489408
2.846949 -3.630661
4.064219 -7.475127
4.223292 -5.490359
1.921129 -1.430313
2.206942 -0.508158
2.485003 -1.365903
9.552033 -3.745418
