-0.7197 6.4357 0
-2.3335 2.9932 0
0.0129 5.1555 0
-2.5905 4.3703 0
-2.2405 5.2917 0
-2.3225 5.1768 0
-0.3182 6.0517 0
-0.3788 6.7470 0
-0.4672 5.4675 0
-0.7772 5.6555 0
-3.0462 4.7518 0
-0.5228 5.3447 0
-0.6787 5.9150 0
0.3140 4.4168 0
-0.6319 4.2970 0
0.6233 6.3739 0
0.2342 4.8221 0
-3.2686 4.3777 0
0.2148 4.4344 0
-2.1696 3.5078 0
-2.2737 4.3413 0
-1.1552 6.7406 0
-2.9514 4.2712 0
-0.1029 5.4534 0
-0.5777 7.2027 0
-0.7115 4.6525 0
-0.2802 6.8127 0
-0.6543 5.7211 0
-0.0008 5.4148 0
-1.2995 3.3906 0
-1.7600 5.3841 0
-2.3432 4.4715 0
-1.9623 3.8132 0
-0.4881 4.9781 0
-1.4702 5.2774 0
-0.5762 5.4059 0
-2.2738 4.6280 0
-1.6497 3.8792 0
1.2531 6.2795 0
-2.6087 4.3455 0
-0.1395 6.0270 0
-0.3534 5.1941 0
0.5381 5.6157 0
-1.7956 4.0188 0
-0.8259 5.2573 0
-0.2775 5.7853 0
-2.9013 4.0440 0
0.1281 4.7969 0
-0.9243 4.5783 0
-0.0870 4.2184 0
-2.2068 4.0464 0
-1.4264 4.1755 0
-1.6770 6.5413 0
-0.6865 4.3805 0
-1.0732 4.0801 0
-0.7681 5.1890 0
-1.1011 5.2451 0
-2.8496 3.5036 0
-0.9562 3.6375 0
-1.2137 4.0217 0
-0.0533 5.1894 0
-1.6080 5.2328 0
0.3232 5.2409 0
-1.8634 3.7256 0
-1.7422 4.8171 0
-1.9519 3.9706 0
0.4152 4.5972 0
-0.4465 5.4860 0
-1.1350 4.7419 0
-1.0656 5.5732 0
-2.3789 3.2193 0
-1.4416 4.7930 0
-0.6427 7.0280 0
-1.2131 4.1335 0
-1.2249 5.5608 0
-2.1390 1.1098 0
-0.3208 3.7122 0
-0.6952 4.1257 0
-1.7174 5.6341 0
-1.0511 4.4054 0
-1.1991 4.1101 0
-1.6946 6.1714 0
-0.8799 5.8981 0
-1.4751 4.0421 0
-2.0945 5.1322 0
-0.1690 4.2676 0
-1.0840 5.8005 0
0.1140 5.6361 0
-2.1680 3.4147 0
0.1846 4.6800 0
-1.1468 4.6004 0
-0.0698 4.7406 0
-1.3197 4.6020 0
-1.0462 4.2260 0
-0.7644 4.4096 0
-3.0780 5.4623 0
-2.5253 5.4180 0
-1.2151 5.9232 0
-0.6990 5.6245 0
-0.1077 7.0285 0
-3.2463 4.9702 0
-0.6811 6.0542 0
1.6837 5.3999 0
-0.2037 5.1866 0
-1.1318 4.1774 0
-1.2786 4.7139 0
-0.6866 4.4237 0
-1.3710 5.0724 0
-3.0439 4.3693 0
-1.4760 5.9910 0
-1.7595 3.9257 0
-1.8601 5.7473 0
-1.4058 5.0880 0
-0.7594 4.7825 0
-1.2105 4.4598 0
-0.7438 5.2049 0
-1.9435 4.4610 0
-1.1484 5.8520 0
-1.1748 5.7995 0
0.0772 5.5704 0
-1.3000 6.5212 0
0.2992 5.6314 0
-0.7896 3.9371 0
-0.8435 4.9367 0
0.2609 3.6816 0
-1.9506 4.6161 0
-0.9163 6.3224 0
0.1646 5.0376 0
-1.3606 5.4050 0
-1.9781 5.7207 0
-1.4722 4.9283 0
-1.4940 5.1914 0
-0.1253 4.9908 0
-0.3889 6.2951 0
-1.3003 3.5744 0
-1.6414 6.4699 0
-1.1811 4.2582 0
-0.7378 6.5713 0
-1.9577 5.5031 0
-2.0447 5.2682 0
-3.0005 5.1611 0
-1.5700 4.3140 0
0.0696 6.7832 0
-1.6335 3.9805 0
-1.5683 5.8891 0
-1.1988 4.4620 0
-0.1781 5.8055 0
-0.0604 4.3818 0
-0.7258 5.2318 0
-0.7225 5.8815 0
-1.3056 5.3006 0
-0.5376 4.1945 0
-2.5254 5.3084 0
-1.8031 5.7606 0
1.1711 6.3382 0
-0.9605 4.7545 0
-1.4757 3.9790 0
-0.3989 5.8977 0
-0.0402 5.7012 0
-1.5346 5.1671 0
-4.4485 1.6099 1
-3.7116 2.8166 1
-2.4088 2.9645 1
-2.9543 1.5768 1
-1.4542 2.4777 1
-2.8667 2.2692 1
-3.0800 2.1275 1
-2.5801 1.4499 1
-3.4974 2.1061 1
-4.3377 1.4887 1
-2.7011 0.7635 1
-3.5455 3.7377 1
-3.2932 2.5824 1
-4.3147 0.6916 1
-3.4734 2.1651 1
-3.8190 2.4373 1
-3.5303 1.7383 1
-4.6688 1.6295 1
-3.5807 2.5405 1
-4.8254 1.4436 1
-3.5460 1.0970 1
-0.2869 1.9937 1
-1.6982 2.3295 1
-4.3872 0.4596 1
-5.5827 1.0709 1
-3.7795 0.6166 1
-3.5003 2.3789 1
-2.1362 1.6108 1
-3.0548 -0.1878 1
-2.3623 2.0147 1
-4.1246 1.1138 1
-4.7379 1.8846 1
-2.7644 1.5776 1
-4.9263 -0.0222 1
-2.9411 2.9955 1
-4.1811 2.0984 1
-3.0905 1.5749 1
-3.7197 3.2938 1
-2.0425 2.5729 1
-4.1444 2.0402 1
-3.6240 1.8187 1
-4.7687 1.0967 1
-3.2559 3.9747 1
-5.4355 0.6856 1
-3.0478 3.2250 1
-2.3564 1.0871 1
-3.9607 1.9409 1
-4.0813 2.6920 1
-2.6370 2.1302 1
-2.5055 1.2418 1
-3.6351 0.9931 1
-1.3479 3.2173 1
-3.9166 3.0508 1
-1.7172 2.9848 1
-3.1607 2.7508 1
-4.1056 1.7760 1
-1.7427 3.8680 1
-2.5821 3.0647 1
-2.2455 4.0512 1
-3.7299 2.3179 1
-4.1146 1.8752 1
-2.2222 3.1691 1
-2.0572 2.0707 1
-3.0576 0.8428 1
-1.3949 3.4105 1
-3.6020 1.4745 1
-3.3697 1.4652 1
-0.8529 2.3523 1
-2.6825 2.6256 1
-1.8504 0.7833 1
-1.7931 1.9974 1
-4.0373 2.5644 1
-3.1965 0.4358 1
-2.6625 2.5985 1
-2.4177 0.9664 1
-2.8037 2.4824 1
-3.8916 1.2988 1
-3.8321 2.2259 1
-3.0640 0.1595 1
-1.8749 3.3832 1
-3.7919 2.2178 1
-0.9623 3.4138 1
-4.0326 1.5337 1
-2.0932 1.3669 1
-2.8704 -0.8450 1
-0.8918 2.1773 1
-4.3374 1.8662 1
-4.5758 1.9905 1
-0.9836 2.9064 1
-2.4776 2.9987 1
-4.9789 -0.3891 1
-2.9972 1.8735 1
-4.4624 1.1295 1
-3.4619 1.2676 1
-3.6663 2.3536 1
-3.9609 1.4098 1
-2.4216 1.1422 1
-2.5975 2.3457 1
-3.4331 1.6468 1
-3.0083 3.3616 1
-2.3734 1.6069 1
-3.2258 0.8147 1
-2.7980 2.1978 1
-3.0449 2.0714 1
-1.4037 1.3404 1
-3.1371 1.6149 1
-0.4790 2.3148 1
-0.8217 2.5200 1
-3.8642 1.0575 1
-3.9701 2.0152 1
-1.4230 1.7508 1
-3.5316 0.3190 1
-3.3255 1.3778 1
-3.7789 2.2328 1
-3.2381 1.4706 1
-2.8867 1.0521 1
-3.9650 2.8729 1
-3.5620 1.6829 1
-3.0260 1.2479 1
-3.3429 1.8280 1
-3.7494 1.8715 1
-3.5158 2.4949 1
-2.4258 3.1482 1
-2.7340 4.3456 1
-3.4967 1.2495 1
-2.5365 3.2423 1
-2.5102 1.7638 1
-3.3022 1.9281 1
-4.7989 1.3137 1
-4.0561 1.3244 1
-3.6121 0.7081 1
-3.5477 4.1306 1
-4.1625 2.0866 1
-2.8056 2.5920 1
-2.3446 3.1772 1
-1.0567 3.2425 1
-1.8296 1.6324 1
-2.1981 1.6481 1
-2.8445 3.5783 1
-2.8259 1.3290 1
-2.7241 3.2404 1
-2.1158 1.8413 1
-1.6760 2.9758 1
-1.7007 4.2525 1
-2.3631 2.3176 1
-3.2281 3.1263 1
-2.5132 4.0717 1
-4.0279 2.3521 1
-3.6946 1.4525 1
-2.1930 1.5244 1
-3.2019 2.1071 1
-3.7559 2.5689 1
-3.1660 2.5462 1
-2.4782 3.5085 1
-1.9360 2.1942 1
-3.1043 1.9737 1
-4.3906 1.1550 1
-3.7276 1.9337 1
-3.5885 3.2448 1
-2.0093 0.4671 1
13.7020 7.1966 2
12.2379 6.6009 2
13.5511 5.9001 2
14.3256 6.5305 2
13.0022 5.2201 2
13.2197 5.6273 2
12.4370 4.6328 2
12.5733 6.4089 2
13.3928 5.2131 2
13.5972 5.3569 2
13.6265 7.6058 2
14.9357 7.6517 2
15.7138 7.2477 2
13.6179 7.1287 2
14.8359 4.6706 2
14.3174 7.5352 2
13.7852 6.7205 2
14.0029 5.8821 2
14.0172 5.9531 2
14.5709 5.2724 2
12.0793 5.1730 2
13.3570 7.1659 2
14.0462 5.9283 2
11.9900 4.9813 2
12.7031 5.4443 2
13.5629 7.2244 2
14.3465 6.4040 2
13.2583 7.2989 2
12.0947 5.1773 2
13.5700 5.3263 2
14.0508 6.3402 2
12.9793 5.9952 2
13.4144 4.5439 2
13.2398 4.3620 2
14.8536 6.3471 2
14.0656 5.0016 2
14.4756 6.7073 2
13.9681 6.0081 2
14.3804 5.4618 2
14.5322 5.2436 2
15.0638 5.8329 2
13.8699 8.1003 2
12.7291 4.3092 2
13.6000 5.7680 2
13.2478 8.6255 2
15.6119 7.4968 2
14.8257 7.8868 2
13.0294 5.9266 2
14.0507 5.2607 2
14.1817 5.0399 2
13.4285 5.7876 2
13.4257 5.1204 2
14.3828 5.0588 2
14.2177 5.5959 2
13.6163 5.7742 2
14.3946 7.8523 2
13.6138 4.9718 2
15.2976 6.2895 2
12.6883 4.5513 2
14.3866 6.1432 2
15.2824 6.5611 2
13.9776 5.3839 2
14.4121 6.3404 2
14.6158 5.5180 2
12.8982 6.0578 2
15.5367 7.0139 2
12.8220 3.9727 2
13.9388 5.5866 2
13.2435 6.8742 2
14.0922 4.5687 2
14.3715 3.8236 2
14.4423 6.2070 2
14.8838 7.0835 2
14.0723 6.4592 2
16.2648 9.1787 2
14.7483 6.1114 2
15.6193 6.0771 2
13.1073 5.4623 2
13.5945 5.0255 2
14.4284 6.7265 2
14.6175 5.9148 2
12.9654 5.7167 2
13.7150 5.3259 2
14.6144 5.5407 2
14.3235 5.5090 2
14.5320 6.8770 2
12.6538 6.8058 2
15.1698 6.4072 2
15.1170 6.6112 2
14.0198 6.1812 2
13.5205 5.6345 2
12.7505 5.5238 2
13.9457 5.7932 2
12.8645 5.5885 2
13.6718 5.6788 2
15.2820 8.0030 2
13.3996 5.4161 2
14.8853 6.6892 2
13.0973 4.7393 2
14.2492 6.7183 2
13.4243 6.7752 2
12.5928 3.6762 2
15.4285 6.0837 2
13.7138 6.8863 2
14.6646 6.8433 2
13.3442 6.3905 2
14.7496 6.7014 2
13.1991 6.1286 2
14.1556 5.0182 2
14.8263 6.0040 2
13.9188 5.3415 2
15.2220 7.3649 2
12.7417 5.6637 2
13.8008 7.7421 2
14.7555 4.6959 2
13.0753 5.4957 2
14.4581 6.1266 2
12.9162 6.2553 2
13.2432 7.9294 2
14.1080 5.3040 2
12.9247 4.7867 2
14.2552 5.5217 2
13.1579 5.2310 2
14.0776 6.2906 2
14.7525 5.4600 2
15.2442 5.9506 2
14.3160 4.7820 2
13.9359 5.4500 2
14.3806 4.8956 2
14.2486 5.9086 2
14.4787 6.1913 2
14.4753 5.5643 2
15.5534 6.0570 2
15.3686 6.3827 2
14.1795 5.5096 2
13.3054 6.2295 2
12.6301 3.7924 2
14.3542 6.5650 2
14.2448 6.1983 2
14.4277 6.2575 2
14.7024 5.9700 2
14.7219 5.9034 2
14.7131 7.0112 2
14.2434 5.2489 2
14.5480 4.3924 2
12.1996 6.4144 2
15.1029 6.7433 2
11.5909 5.8727 2
13.9657 5.3721 2
11.4024 7.0042 2
13.8240 5.5240 2
13.2578 7.0827 2
14.8970 5.9147 2
14.4620 6.6262 2
14.9941 5.7768 2
13.3309 6.3151 2
14.9921 6.2031 2
12.9834 6.0479 2
14.3743 5.7329 2
13.5387 6.1877 2
8.5169 15.0513 3
4.9964 14.2517 3
8.5361 14.6577 3
6.8686 14.6815 3
5.3506 14.7362 3
7.8785 16.7657 3
7.0642 13.9916 3
8.3585 12.7416 3
4.9582 13.0846 3
6.5537 12.4479 3
6.2643 13.7850 3
7.2783 14.6864 3
5.7717 13.0178 3
6.0684 13.0397 3
8.8417 16.1123 3
7.4562 14.6739 3
7.1379 15.3987 3
6.2838 13.1821 3
9.2332 13.6598 3
7.9246 14.3401 3
7.4298 13.7923 3
7.0388 16.0278 3
7.4829 13.8808 3
5.9759 11.9841 3
7.3580 14.9472 3
8.7655 14.2246 3
6.8190 14.2833 3
8.0947 12.6699 3
8.2340 14.6306 3
6.6226 12.6990 3
7.0942 13.4047 3
7.4795 13.8133 3
5.8595 12.8694 3
5.6035 14.2805 3
8.2496 14.7918 3
6.8804 12.7626 3
6.7782 15.5175 3
9.1397 14.1657 3
6.6703 13.9098 3
6.8992 14.2770 3
8.3999 15.2485 3
6.4421 13.8309 3
5.8691 12.6051 3
6.5484 14.5075 3
7.8181 13.1884 3
6.9341 14.3730 3
8.6651 15.4204 3
5.3791 12.7148 3
8.0371 15.1944 3
5.0174 12.8032 3
6.7233 15.8542 3
6.7683 13.1017 3
8.5465 15.2445 3
7.1835 11.4004 3
7.5012 14.3823 3
5.3572 13.5679 3
5.5018 12.0665 3
7.0798 15.6324 3
7.9114 14.0395 3
6.7200 14.3297 3
6.9183 13.0073 3
7.3988 13.6933 3
7.3711 15.7788 3
6.5185 14.4230 3
7.0377 13.9334 3
7.0747 13.7928 3
6.8033 12.3438 3
7.9449 12.3056 3
6.8548 12.5429 3
8.5396 14.2441 3
7.8984 16.1159 3
6.6695 14.8866 3
7.1243 13.9989 3
7.2489 13.3346 3
5.5087 13.5876 3
9.2153 15.3102 3
5.2941 13.1358 3
7.3289 12.9079 3
7.6583 14.8614 3
8.1726 13.5234 3
5.7867 13.0339 3
7.2826 13.0939 3
4.7806 11.9056 3
8.7407 15.7871 3
6.2272 14.3164 3
7.6937 14.7008 3
6.1718 12.3444 3
7.1290 14.5980 3
5.9305 13.0567 3
7.5449 12.9899 3
7.6195 14.6264 3
7.3533 12.7274 3
6.1254 14.4849 3
6.2022 14.1956 3
7.7381 13.2462 3
7.4375 14.0747 3
6.0046 13.8595 3
7.8125 14.8220 3
6.8384 13.5423 3
6.0993 14.6651 3
6.3282 13.9528 3
6.1354 12.8517 3
4.8518 14.5030 3
7.4324 13.3586 3
5.5278 14.0352 3
5.7902 14.6203 3
4.8002 14.5799 3
7.3058 13.9414 3
6.5224 12.8242 3
6.6917 13.6956 3
5.9696 11.0828 3
6.9893 12.0197 3
7.2351 14.1090 3
6.7465 14.8476 3
5.7628 13.3340 3
7.2540 12.7928 3
7.9779 12.8983 3
5.9915 13.0391 3
6.0163 14.1273 3
8.1964 15.2333 3
7.0060 14.1125 3
6.3361 14.0526 3
7.1706 13.3850 3
6.2860 13.4842 3
7.4743 14.6740 3
8.4964 13.1878 3
8.8951 13.8916 3
6.5119 13.4300 3
8.9503 14.0419 3
8.2353 14.8084 3
7.8427 14.4356 3
7.8163 14.0879 3
6.6894 14.2231 3
8.5687 15.1376 3
7.7098 12.8250 3
7.7003 14.0082 3
6.1646 14.5536 3
6.3230 12.5665 3
6.9559 14.4886 3
6.7223 15.3475 3
7.8453 14.2128 3
4.9885 12.7400 3
7.2943 15.9176 3
7.0748 14.0172 3
6.7361 14.5989 3
6.2779 13.2943 3
7.0671 13.7708 3
6.1256 13.5088 3
7.0413 14.7767 3
7.8205 14.7284 3
7.8017 13.5904 3
6.6961 15.0461 3
7.7600 13.6140 3
7.4950 12.4891 3
6.2627 13.7595 3
9.2608 14.8175 3
6.9820 13.3027 3
7.2666 14.4370 3
5.4212 13.3686 3
6.5180 14.5159 3
-11.8584 -14.2499 4
-12.5821 -12.0780 4
-9.9676 -11.4404 4
-11.3813 -13.7234 4
-10.2915 -12.4157 4
-11.6179 -14.6909 4
-10.2169 -12.2614 4
-11.8532 -12.3914 4
-12.3611 -15.4222 4
-10.6995 -12.0262 4
-12.1046 -11.2569 4
-11.8670 -13.4527 4
-12.0753 -14.3075 4
-11.1103 -14.8170 4
-9.8507 -11.3709 4
-10.9797 -12.6762 4
-11.9007 -13.7431 4
-11.9006 -12.8101 4
-11.0213 -12.6078 4
-10.0402 -13.1230 4
-10.9369 -13.4241 4
-13.1725 -12.5704 4
-9.3966 -13.6788 4
-12.1558 -12.9785 4
-10.6386 -13.0290 4
-12.4467 -13.2684 4
-9.3687 -12.9732 4
-12.9456 -14.3446 4
-10.2832 -13.7603 4
-11.4710 -12.3076 4
-11.3060 -12.0346 4
-10.4940 -13.7795 4
-9.9828 -12.5256 4
-11.8905 -11.3315 4
-11.6904 -13.4271 4
-11.3799 -12.1701 4
-10.6458 -13.8278 4
-10.9827 -12.9995 4
-10.2128 -12.6995 4
-11.1797 -13.3596 4
-11.9947 -14.1966 4
-10.5010 -12.1235 4
-9.0379 -11.5944 4
-12.5802 -13.7678 4
-11.5556 -13.1986 4
-10.6884 -12.3803 4
-10.4464 -14.0251 4
-10.9149 -12.6798 4
-11.3764 -15.1800 4
-11.7309 -11.5520 4
-9.3352 -11.3890 4
-10.3305 -11.8501 4
-12.3130 -15.1822 4
-9.9177 -12.5711 4
-12.3392 -11.6839 4
-9.7089 -11.3866 4
-9.5442 -13.1089 4
-11.2733 -13.1418 4
-10.7049 -13.9753 4
-12.4354 -14.0081 4
-11.1303 -13.6335 4
-10.0058 -11.3097 4
-11.5577 -12.6345 4
-10.3060 -13.1437 4
-12.2481 -12.3480 4
-11.9348 -14.4338 4
-11.4472 -12.3236 4
-11.5198 -13.6320 4
-10.8007 -11.6883 4
-11.0122 -11.5643 4
-10.7682 -13.3714 4
-12.0171 -12.2693 4
-12.0974 -12.1574 4
-10.7544 -12.6014 4
-10.3232 -12.3006 4
-11.7096 -12.7003 4
-11.1236 -13.5046 4
-9.4072 -12.7522 4
-11.6223 -12.6424 4
-10.2377 -12.3493 4
-10.9883 -12.4679 4
-11.2548 -12.6385 4
-10.8732 -13.5485 4
-10.1637 -13.1269 4
-11.6304 -13.5262 4
-9.0358 -11.4031 4
-11.6921 -13.7776 4
-10.5976 -12.8578 4
-11.5285 -12.8228 4
-11.2732 -14.0405 4
-11.1088 -14.2891 4
-10.7895 -12.6727 4
-11.3679 -12.7799 4
-12.1646 -14.8181 4
-10.4053 -11.3735 4
-9.0664 -12.5411 4
-10.3357 -12.8500 4
-11.8244 -11.8287 4
-10.5359 -12.1343 4
-11.3434 -14.6133 4
-10.4263 -12.0442 4
-10.7177 -13.0307 4
-11.7455 -12.4571 4
-11.9021 -13.7257 4
-12.4529 -14.9020 4
-9.8556 -13.9964 4
-14.5146 -15.1729 4
-10.2028 -12.5563 4
-10.2507 -11.6872 4
-9.8408 -11.6735 4
-11.1699 -13.9518 4
-11.8495 -13.7690 4
-11.1911 -14.5815 4
-10.9845 -11.8290 4
-12.8080 -13.9415 4
-10.7413 -11.8893 4
-11.3580 -13.2458 4
-10.0150 -11.9634 4
-12.5465 -13.5397 4
-11.4914 -13.4790 4
-11.8143 -12.3432 4
-12.7954 -14.2255 4
-10.3074 -13.1394 4
-11.4215 -14.2207 4
-11.9467 -12.2329 4
-10.1735 -13.5484 4
-11.5485 -13.2785 4
-9.9988 -12.9696 4
-9.2589 -11.3065 4
-10.8970 -13.6896 4
-11.3648 -12.8221 4
-11.7710 -12.8472 4
-10.3943 -12.7884 4
-9.7167 -12.2541 4
-11.8150 -14.5360 4
-10.2359 -13.3059 4
-10.7809 -12.5506 4
-11.9021 -13.6134 4
-10.1951 -12.6647 4
-11.1037 -13.4451 4
-11.1892 -13.1424 4
-10.1560 -13.6538 4
-7.2761 -10.3714 4
-11.5205 -13.1763 4
-9.9934 -13.5344 4
-11.3332 -11.9740 4
-13.0658 -14.5052 4
-9.3195 -13.9889 4
-10.2505 -12.8375 4
-11.4811 -12.7098 4
-13.2484 -14.7429 4
-12.1972 -12.4876 4
-10.5574 -11.9803 4
-11.0921 -12.4947 4
-10.7024 -10.6461 4
-12.6872 -13.9663 4
-13.5356 -13.9121 4
-11.6441 -14.2998 4
-11.9778 -12.6746 4
-11.2803 -13.4795 4
