5.5372 10.1242 0
5.5753 10.6631 0
3.8056 8.2888 0
3.4738 9.0023 0
5.3234 8.4579 0
5.5070 9.4695 0
5.4932 11.2533 0
5.5401 11.0033 0
5.9847 9.4050 0
4.7290 9.7734 0
5.2978 8.9910 0
6.0388 11.8766 0
5.0931 11.2856 0
5.9003 9.3143 0
3.9319 6.8147 0
3.9722 9.4406 0
6.1842 10.1575 0
4.6818 9.6501 0
3.7401 8.5749 0
4.7710 10.5139 0
5.3881 10.2633 0
5.3090 10.6512 0
5.5304 9.3949 0
6.8921 10.8756 0
4.6874 10.7287 0
4.6968 7.8118 0
5.6921 9.6198 0
4.8388 7.7356 0
5.0366 10.8228 0
3.1572 8.7544 0
5.8527 8.9095 0
5.6250 9.5556 0
4.6783 10.3259 0
5.4029 10.5479 0
3.5180 9.3792 0
5.6498 12.0062 0
4.1392 8.2240 0
3.2653 10.2411 0
4.4023 10.6384 0
5.9954 10.0342 0
5.1568 8.6853 0
5.1783 8.9461 0
5.3279 9.8226 0
4.1307 9.6111 0
4.2460 8.9228 0
6.6237 10.2216 0
4.6170 11.2815 0
4.4791 9.6592 0
5.6497 10.6689 0
7.0223 9.8464 0
6.8655 11.9477 0
5.3059 9.3074 0
6.6037 8.9175 0
4.0670 9.9576 0
6.9315 10.8276 0
4.1519 9.4785 0
3.3847 8.7000 0
3.8787 10.0350 0
6.1510 9.4600 0
4.8314 8.7898 0
3.9256 9.9590 0
4.2544 9.4804 0
4.8644 11.0493 0
5.7577 10.2707 0
4.7068 9.4555 0
5.5786 10.8098 0
6.3923 10.5049 0
5.2630 11.6693 0
6.6040 10.8234 0
4.6292 10.6816 0
6.2432 10.3550 0
5.4922 10.5430 0
5.0680 8.9860 0
6.4683 10.5436 0
3.8061 9.9383 0
4.8979 10.5867 0
4.2518 7.9708 0
4.8852 11.9604 0
6.7508 9.0297 0
3.7106 10.7481 0
4.5786 10.4808 0
4.5403 9.3781 0
6.2368 10.4685 0
4.0952 11.2094 0
6.3484 9.3369 0
5.4515 8.8009 0
4.4807 10.7969 0
4.9463 12.1648 0
3.5464 10.9405 0
4.0696 9.0322 0
4.1106 9.1389 0
5.9151 9.3527 0
4.8924 9.6320 0
5.5291 12.0940 0
5.1257 9.1452 0
3.5861 10.4934 0
4.0565 10.2494 0
4.5212 8.9759 0
3.6394 8.9844 0
7.6091 10.0745 0
5.2398 10.5808 0
5.1505 9.0355 0
6.6176 9.4882 0
6.2677 10.6433 0
4.1505 11.8324 0
3.7248 9.6823 0
4.6567 8.1146 0
5.6576 9.4754 0
5.0914 8.2433 0
5.0924 9.7978 0
6.0797 9.6828 0
5.2359 9.1708 0
4.8905 10.6605 0
4.9307 11.6594 0
4.1909 9.5638 0
5.6625 9.2208 0
4.7193 9.3231 0
3.8594 10.4640 0
5.8094 10.6907 0
4.7289 10.1733 0
4.4023 8.0360 0
6.1911 11.3679 0
4.1694 10.6610 0
5.8765 10.2422 0
5.6711 10.3846 0
4.1930 8.1579 0
3.9542 11.1717 0
5.4736 10.3242 0
3.3662 9.5569 0
5.8288 9.7126 0
4.0685 10.6601 0
4.6949 10.9070 0
5.0778 10.5197 0
5.4249 9.4116 0
6.2600 11.7365 0
6.2571 9.9554 0
6.4103 11.3375 0
5.5239 11.4613 0
3.7328 8.2452 0
5.6080 9.3208 0
4.4935 10.9716 0
3.9852 8.7125 0
4.6053 10.9389 0
5.5670 11.4598 0
4.0121 9.2207 0
3.5265 9.7768 0
6.1379 9.6080 0
5.8297 9.9115 0
4.8020 9.6726 0
5.8691 9.1300 0
5.2886 11.8833 0
5.5366 9.2909 0
4.8509 9.4063 0
4.9340 10.1658 0
4.8713 9.7648 0
5.3714 8.8656 0
5.8042 9.4945 0
5.2455 9.2319 0
3.8878 10.1176 0
6.1429 9.4894 0
-12.1402 4.7054 1
-13.0762 2.2519 1
-12.2400 2.8696 1
-13.7610 2.4976 1
-13.2226 3.4285 1
-12.6061 1.7277 1
-12.4120 2.7969 1
-13.3020 4.2848 1
-11.9592 3.0506 1
-14.4073 3.8961 1
-14.5488 0.9207 1
-13.2720 3.9536 1
-13.0865 2.8721 1
-12.6134 4.2340 1
-12.1343 3.7898 1
-13.0569 2.0455 1
-14.0101 2.0488 1
-10.7659 4.2982 1
-12.9675 3.6966 1
-14.3695 2.1213 1
-11.8536 2.2743 1
-11.9680 3.2211 1
-13.1006 1.8698 1
-12.4581 2.5016 1
-12.1827 2.4305 1
-14.6264 2.1898 1
-12.6735 1.7960 1
-13.3938 3.5920 1
-13.1209 3.6656 1
-13.7308 2.0502 1
-12.5484 4.5571 1
-12.3215 2.5852 1
-12.4756 2.2360 1
-13.6409 3.1001 1
-13.7641 1.3420 1
-12.6746 3.6787 1
-14.7144 1.2494 1
-14.6116 4.6658 1
-12.0762 2.6918 1
-10.8312 3.7871 1
-13.3041 3.2828 1
-12.7557 3.4287 1
-12.7142 2.2832 1
-11.8779 3.6153 1
-12.9338 2.3352 1
-13.3314 2.0880 1
-13.4849 2.1382 1
-13.8256 2.5964 1
-12.0835 3.5662 1
-12.3349 2.5846 1
-10.9717 4.0908 1
-13.9927 2.0680 1
-12.7167 2.5553 1
-13.0851 3.3099 1
-13.0535 2.8531 1
-13.6847 3.7702 1
-12.6774 4.4832 1
-12.1857 4.0751 1
-14.2205 2.8984 1
-12.0798 4.1347 1
-11.8180 3.9642 1
-12.2970 3.3702 1
-12.1228 1.8628 1
-12.8698 2.8612 1
-12.1827 4.6414 1
-13.4839 2.8443 1
-11.8529 1.9438 1
-11.8715 2.7902 1
-11.7238 3.1437 1
-11.5525 3.9920 1
-13.7034 4.7039 1
-12.0703 2.7019 1
-12.4867 3.5627 1
-11.8832 2.1339 1
-14.8546 1.4765 1
-13.7547 3.1617 1
-12.7335 4.8589 1
-12.5718 3.3160 1
-11.5527 5.0812 1
-13.1165 2.6189 1
-14.8130 1.6945 1
-12.1524 3.9730 1
-13.0016 4.4040 1
-12.9218 2.7062 1
-13.0892 2.8991 1
-12.9523 3.2678 1
-12.7367 4.2126 1
-13.7092 3.1432 1
-13.9893 2.8576 1
-12.8468 1.9818 1
-14.3658 1.3940 1
-14.3929 2.3471 1
-10.8237 3.0474 1
-13.3275 2.9329 1
-13.2752 2.2061 1
-12.6457 1.4919 1
-12.2940 2.7575 1
-14.2855 2.6806 1
-12.8961 4.2999 1
-12.5187 3.1862 1
-11.8520 4.5797 1
-12.5084 2.4261 1
-12.3683 3.7768 1
-12.8235 4.3333 1
-13.4314 3.2883 1
-12.6579 3.6107 1
-13.5228 2.4938 1
-12.8795 2.9490 1
-13.8055 0.3452 1
-12.2431 3.0950 1
-12.4444 2.4109 1
-10.2864 4.6910 1
-12.0382 1.6746 1
-13.0345 1.1738 1
-12.6910 3.0066 1
-12.9970 3.3783 1
-14.1011 1.0304 1
-13.9716 1.9559 1
-13.8830 2.3165 1
-12.1065 3.6356 1
-12.8383 2.9684 1
-11.5170 3.9490 1
-14.6309 2.1003 1
-14.6584 1.2478 1
-13.5868 1.1714 1
-13.5485 2.0817 1
-11.1637 3.7004 1
-12.5533 4.2645 1
-13.0311 3.5563 1
-13.4524 1.8303 1
-11.4919 2.6453 1
-11.5438 2.6544 1
-13.9010 3.5438 1
-10.5720 3.2448 1
-13.5267 2.5378 1
-12.3538 3.0294 1
-11.9898 4.6743 1
-14.2500 4.1143 1
-12.5376 2.5891 1
-13.6397 2.9446 1
-13.3227 1.5160 1
-13.9030 0.9372 1
-11.9481 2.6237 1
-12.9459 2.5332 1
-11.9700 3.9755 1
-12.7367 2.2221 1
-11.0549 3.4798 1
-12.2500 2.9042 1
-14.7720 1.2039 1
-13.4627 2.1690 1
-12.4558 3.4754 1
-11.2635 5.0825 1
-13.1614 3.8105 1
-13.9186 3.6720 1
-14.0700 3.8587 1
-12.9558 2.2692 1
-13.3014 3.9601 1
-13.4828 3.2194 1
-13.2603 1.9046 1
-12.7575 2.5705 1
-6.7098 -12.9345 2
-6.7776 -13.4281 2
-6.9142 -14.1517 2
-6.5794 -13.5436 2
-6.9670 -13.4757 2
-7.5274 -14.4531 2
-6.9797 -11.2552 2
-5.3691 -11.6530 2
-7.1696 -13.2172 2
-6.1342 -12.0138 2
-6.7432 -13.1705 2
-6.1211 -12.8132 2
-6.3796 -13.2165 2
-8.3228 -12.9334 2
-6.5009 -13.0699 2
-5.7174 -11.8720 2
-7.2962 -12.6885 2
-8.9364 -14.8950 2
-8.7676 -14.1037 2
-8.7868 -13.4012 2
-7.6991 -13.7439 2
-5.5077 -12.7961 2
-8.8301 -12.6769 2
-5.4728 -12.8744 2
-6.0967 -12.4927 2
-7.0494 -12.5187 2
-5.6437 -13.1732 2
-7.2796 -14.4489 2
-6.1106 -13.4342 2
-6.5335 -15.2173 2
-6.3379 -13.9578 2
-7.0815 -11.3859 2
-7.1339 -14.4229 2
-3.8240 -13.9571 2
-5.6841 -13.0026 2
-7.7336 -12.8697 2
-7.8348 -13.9964 2
-5.1924 -13.5424 2
-7.5183 -13.2391 2
-7.7751 -12.1485 2
-6.9638 -12.9333 2
-7.5012 -13.8422 2
-6.4419 -11.5223 2
-5.9605 -13.1927 2
-7.0465 -12.8709 2
-7.1319 -13.0794 2
-8.4624 -12.1824 2
-6.5222 -12.8471 2
-7.9407 -13.2482 2
-5.5311 -10.3276 2
-8.3645 -13.3865 2
-5.9546 -14.4471 2
-7.5380 -13.1668 2
-7.4694 -13.1241 2
-6.5891 -12.4563 2
-6.8628 -14.7336 2
-8.3432 -14.6252 2
-9.1063 -16.2183 2
-6.9628 -12.0503 2
-5.9344 -11.7964 2
-6.4192 -12.7002 2
-6.4019 -14.6786 2
-7.3122 -13.3399 2
-8.0675 -12.7169 2
-8.9964 -13.7973 2
-6.5316 -12.6392 2
-7.1702 -12.9923 2
-6.9563 -13.3474 2
-6.6556 -12.4907 2
-6.2180 -12.0564 2
-4.3028 -12.1936 2
-7.3042 -13.5500 2
-6.4646 -14.5431 2
-7.4233 -11.8157 2
-8.2918 -14.1846 2
-6.9431 -13.0569 2
-5.8074 -12.0098 2
-7.7291 -12.7327 2
-6.4999 -12.7345 2
-6.4677 -12.7283 2
-6.9201 -13.7726 2
-8.0558 -13.1704 2
-6.8656 -12.9203 2
-7.0698 -14.3197 2
-7.3765 -14.1872 2
-7.3467 -12.8777 2
-6.6731 -12.5982 2
-5.9232 -11.1273 2
-7.7641 -11.4831 2
-7.7195 -12.7988 2
-6.8486 -12.7206 2
-8.7970 -12.2185 2
-6.2504 -12.4696 2
-7.0314 -13.0102 2
-6.2630 -11.9788 2
-7.3663 -12.9834 2
-6.9775 -13.5935 2
-6.9957 -13.8723 2
-8.4263 -14.9065 2
-6.4610 -11.7005 2
-7.1160 -11.8835 2
-8.0253 -15.0285 2
-6.7730 -13.1535 2
-6.9797 -13.5011 2
-6.3219 -13.6505 2
-6.8235 -11.1202 2
-6.4826 -12.1545 2
-5.6121 -13.0690 2
-8.9694 -13.9575 2
-6.2469 -13.5154 2
-5.3425 -12.6782 2
-8.3103 -14.7115 2
-6.3928 -13.2412 2
-8.9359 -13.0010 2
-7.6935 -12.9681 2
-6.9078 -11.6608 2
-5.2971 -12.6785 2
-7.9312 -12.7274 2
-7.2592 -13.7226 2
-7.8795 -14.2830 2
-5.5848 -11.6332 2
-7.8151 -13.6564 2
-8.5109 -12.7975 2
-6.9722 -12.0783 2
-7.2860 -12.4237 2
-5.4893 -12.4371 2
-5.1696 -12.3228 2
-7.8965 -12.9276 2
-6.3982 -13.3823 2
-6.8165 -14.6482 2
-7.6871 -13.2579 2
-5.6272 -13.9297 2
-6.8219 -12.1178 2
-7.9635 -13.4892 2
-6.7764 -13.7745 2
-7.9661 -12.8096 2
-7.7861 -12.9962 2
-7.8650 -14.4961 2
-7.3019 -13.0295 2
-7.3215 -14.7973 2
-6.2285 -13.0836 2
-6.3782 -13.0075 2
-7.1815 -13.5737 2
-9.4236 -14.2778 2
-8.3762 -12.2607 2
-5.5576 -12.4617 2
-8.4336 -12.6561 2
-6.6109 -11.7156 2
-6.5669 -12.3054 2
-7.5063 -13.4190 2
-7.1329 -10.6946 2
-7.9128 -14.1458 2
-8.5465 -14.2717 2
-9.3404 -13.0683 2
-5.7210 -13.1141 2
-6.8351 -13.0980 2
-7.1936 -12.8789 2
-7.1146 -12.5158 2
-6.3033 -11.8144 2
-7.3040 -14.0871 2
-14.6695 -9.1359 3
-12.9128 -8.9809 3
-14.1411 -10.1762 3
-15.9652 -10.2826 3
-13.7085 -8.6954 3
-15.0137 -9.7129 3
-14.8011 -10.3516 3
-14.4359 -10.3234 3
-14.9412 -11.9974 3
-13.7603 -9.0350 3
-14.8215 -10.2964 3
-13.9554 -9.4716 3
-15.6014 -11.7281 3
-15.2290 -8.3946 3
-14.4231 -9.8005 3
-16.0419 -11.3510 3
-12.9572 -10.0841 3
-15.8665 -8.9746 3
-13.4986 -9.6837 3
-15.1389 -10.8061 3
-15.0004 -11.3039 3
-13.7617 -8.7631 3
-13.2910 -8.6634 3
-14.6140 -9.9883 3
-14.8787 -10.7069 3
-15.1967 -10.6682 3
-15.9136 -9.2720 3
-15.9820 -10.7211 3
-14.6083 -10.4644 3
-13.3944 -7.9921 3
-15.5486 -10.6268 3
-14.7820 -11.1673 3
-16.5939 -10.9955 3
-15.2034 -10.5581 3
-13.5910 -8.8035 3
-13.8422 -9.3544 3
-15.0200 -9.1750 3
-14.8105 -9.3580 3
-15.8764 -10.6136 3
-15.9108 -11.7393 3
-16.4038 -10.9737 3
-13.5026 -9.3769 3
-15.3900 -8.3049 3
-14.5228 -8.8589 3
-11.3783 -9.7464 3
-14.6359 -9.9377 3
-13.9262 -10.0431 3
-15.4257 -9.2252 3
-15.9939 -11.1028 3
-16.0700 -8.0515 3
-14.6895 -8.8713 3
-15.9281 -11.2249 3
-13.3683 -8.6726 3
-13.6149 -9.2293 3
-14.0855 -7.8461 3
-15.4705 -9.8091 3
-15.3855 -9.1242 3
-16.1619 -10.3236 3
-16.3850 -9.0174 3
-15.1859 -10.5713 3
-13.9843 -8.6484 3
-14.5859 -9.5376 3
-15.9232 -9.7984 3
-16.3977 -9.5592 3
-15.6722 -11.5177 3
-15.4765 -9.6308 3
-14.5051 -9.8015 3
-16.1275 -11.0182 3
-15.8335 -10.3375 3
-15.1705 -11.9318 3
-17.5122 -10.6498 3
-13.9294 -9.5830 3
-15.5868 -9.3491 3
-17.6603 -9.9874 3
-17.2350 -11.5639 3
-14.7415 -9.5019 3
-15.6727 -10.5735 3
-14.1168 -8.2855 3
-16.3887 -9.9676 3
-14.5748 -8.9186 3
-14.0011 -11.0123 3
-15.4852 -10.6986 3
-16.5339 -11.2909 3
-15.4098 -10.5172 3
-15.3651 -9.2742 3
-16.3748 -10.7875 3
-13.9720 -8.7731 3
-15.8361 -10.1185 3
-15.2853 -9.5827 3
-14.3131 -10.2797 3
-14.1878 -9.3958 3
-15.9543 -9.2577 3
-15.4260 -9.6542 3
-15.7121 -10.8079 3
-13.1360 -9.2958 3
-13.0227 -8.0513 3
-15.1488 -9.7041 3
-16.5127 -9.6219 3
-15.9440 -9.7860 3
-16.7348 -9.6331 3
-15.1884 -9.4468 3
-14.8556 -9.4886 3
-13.2948 -10.9839 3
-15.6612 -8.4307 3
-12.7374 -9.0670 3
-16.5458 -11.6093 3
-16.1830 -10.8455 3
-15.3796 -10.3918 3
-16.5344 -10.4796 3
-14.8132 -8.6882 3
-14.7646 -9.7951 3
-13.9368 -9.3560 3
-16.5483 -11.9778 3
-15.4037 -10.4491 3
-15.5791 -11.0092 3
-14.9736 -7.9230 3
-16.7692 -11.8097 3
-15.5667 -8.5699 3
-16.4949 -12.0947 3
-15.7850 -10.1836 3
-13.8494 -9.2396 3
-16.6245 -11.4316 3
-15.4629 -9.5652 3
-13.9330 -9.1233 3
-14.4079 -10.9739 3
-12.7647 -9.6703 3
-15.0328 -11.4116 3
-15.4958 -10.8689 3
-15.4160 -10.5710 3
-13.4543 -8.9033 3
-14.4690 -9.7325 3
-15.5981 -10.1347 3
-15.2190 -10.2434 3
-14.1793 -10.4610 3
-16.1300 -10.4236 3
-16.1292 -9.2144 3
-15.4444 -8.9520 3
-14.5740 -10.6876 3
-13.7157 -10.8516 3
-15.5886 -9.1824 3
-15.8695 -10.5274 3
-15.6309 -10.5344 3
-14.7691 -8.5335 3
-14.5295 -10.4952 3
-13.7520 -8.8994 3
-14.9745 -11.7492 3
-15.5292 -10.9490 3
-14.6453 -8.8854 3
-16.3202 -12.2493 3
-16.9337 -11.0393 3
-14.6401 -10.3521 3
-14.4842 -10.9040 3
-16.2822 -11.0617 3
-15.4550 -10.6368 3
-15.5408 -10.3436 3
-15.2017 -10.4514 3
-13.9908 -10.4921 3
-13.9187 -10.0223 3
-15.2400 -10.5376 3
-14.0163 -8.7503 3
1.0964 6.3268 4
0.5294 5.5383 4
-0.9451 7.8383 4
0.5065 7.5250 4
0.0831 8.5408 4
-2.8821 6.1365 4
-0.5376 7.2992 4
-2.4727 6.5928 4
-0.8814 7.2091 4
0.0635 7.0877 4
-0.5247 7.6137 4
-0.4946 6.9998 4
-0.6241 7.7732 4
-0.3213 8.3642 4
1.5099 9.5954 4
0.8588 8.4521 4
0.7075 7.5562 4
0.6470 6.3609 4
1.9718 8.0074 4
-0.1672 7.9473 4
-0.4811 5.2866 4
-0.4614 6.2348 4
0.4060 7.5694 4
-0.2083 6.4340 4
0.3066 6.2294 4
1.7525 6.7484 4
-0.2583 5.2825 4
-0.3262 6.9871 4
-0.2111 7.4926 4
-0.0353 6.0369 4
0.8516 8.0236 4
-1.4325 7.0408 4
-0.6856 6.7438 4
-0.0528 7.3845 4
2.1954 7.3461 4
-1.9423 6.0962 4
1.6549 8.0995 4
-2.3517 7.6602 4
-0.1164 5.6391 4
1.0735 6.4713 4
-0.6007 6.5807 4
0.0510 6.8278 4
-0.9305 6.2216 4
-0.2453 7.3682 4
-0.9190 7.3466 4
0.6155 7.3849 4
0.0790 6.7449 4
1.5579 7.8804 4
-0.4069 6.7299 4
-0.5728 6.9232 4
2.2481 6.1782 4
-1.5218 5.4471 4
-0.7521 6.5500 4
-1.2653 8.3382 4
-0.5364 7.1615 4
-0.6524 5.8959 4
-0.1747 7.7891 4
0.4384 7.1998 4
-0.5565 7.8051 4
0.2877 5.1913 4
-0.6981 6.2779 4
-0.8957 7.4525 4
1.1139 5.6441 4
-1.3415 7.1452 4
-0.4856 5.9501 4
-0.2445 7.9218 4
0.0612 7.7013 4
0.0727 6.7878 4
-2.2650 6.1870 4
-0.2204 6.3202 4
-1.2424 8.1832 4
1.1086 8.9206 4
1.9440 7.8660 4
0.0374 8.3746 4
-1.6016 7.8541 4
-0.2879 7.6149 4
-0.4189 7.5841 4
-0.5192 8.4620 4
1.0424 8.4024 4
0.1817 7.4276 4
-0.3502 7.2329 4
0.4673 8.0218 4
-0.6756 8.6704 4
0.1247 5.9971 4
0.1131 6.9953 4
-0.5562 5.2962 4
0.8193 9.0439 4
1.2463 6.6955 4
-0.5244 7.8485 4
-0.2625 5.2253 4
-0.7074 7.0500 4
-2.7280 5.1298 4
1.3976 7.5370 4
0.3129 5.8920 4
-1.7680 5.4776 4
0.9115 8.2185 4
-0.4097 5.6574 4
-0.6432 5.7835 4
-0.5611 7.1745 4
-2.1427 5.5179 4
-1.8474 6.2191 4
0.6960 8.7570 4
0.4697 8.8055 4
0.0302 6.4191 4
0.0980 9.4501 4
0.5122 7.3833 4
0.7768 7.7581 4
0.2821 5.8827 4
1.0731 5.8434 4
-0.7153 6.7007 4
0.0961 7.1286 4
-1.1374 7.4465 4
-0.4352 7.8171 4
1.0162 6.7160 4
-1.0459 5.9359 4
0.9277 6.5008 4
0.8406 7.3657 4
-0.6464 5.8831 4
0.0620 8.1250 4
-0.1078 7.2552 4
0.8728 8.6611 4
1.7012 7.7695 4
0.1227 7.1256 4
1.9681 8.5662 4
-0.7512 7.6977 4
-0.5171 7.2153 4
-0.6210 5.6151 4
0.8303 7.2587 4
-0.9829 8.3619 4
1.3928 7.3789 4
0.1963 7.4875 4
-0.1597 6.0789 4
-1.8729 6.5021 4
-0.2973 6.9952 4
0.3001 6.2046 4
-1.2578 6.2471 4
-1.2679 4.4880 4
-1.9988 7.7591 4
0.5319 7.6946 4
-0.6907 7.0388 4
-0.2380 7.9561 4
0.2410 8.8396 4
-0.3653 8.7684 4
1.4366 6.8614 4
0.2492 7.8916 4
-0.8274 7.3070 4
0.3771 6.8976 4
-1.2084 5.7334 4
1.1496 5.8259 4
-0.8218 5.8056 4
0.5170 8.8907 4
-0.5765 6.8233 4
-0.7984 5.7420 4
-0.4139 5.1205 4
-0.1983 7.1568 4
0.4631 7.5813 4
-0.4392 6.8730 4
-0.2966 7.7258 4
-1.1697 6.2071 4
-1.8137 7.2552 4
