-5.3535 5.3319 0
-4.8174 4.7649 0
-3.2775 5.0399 0
-4.2383 6.9802 0
-5.6321 4.6819 0
-3.3456 5.4534 0
-5.9285 5.9221 0
-5.0741 5.0612 0
-4.4051 4.6927 0
-5.6432 4.9345 0
-4.4815 5.1869 0
-6.1877 4.9799 0
-4.8246 3.6697 0
-3.0813 6.3200 0
-3.4982 6.1489 0
-4.4896 5.7297 0
-4.4880 6.9667 0
-4.4121 4.8995 0
-4.9711 5.2429 0
-4.1709 4.9378 0
-5.1206 5.0203 0
-6.2360 5.5340 0
-5.1546 4.0261 0
-6.1257 5.4535 0
-5.8434 4.6205 0
-4.7246 3.6980 0
-5.3835 3.7680 0
-4.9214 5.4483 0
-6.3588 4.0087 0
-6.2137 4.0738 0
-3.8116 4.7249 0
-4.6869 7.5396 0
-5.3022 3.8236 0
-5.5161 3.8445 0
-3.2612 5.4235 0
-5.3342 5.3787 0
-2.5153 6.8044 0
-4.5619 5.5317 0
-6.2380 3.9545 0
-6.1564 3.5708 0
-4.4107 4.9396 0
-5.5028 4.9320 0
-6.5968 3.6417 0
-3.5213 7.0522 0
-3.5287 6.3268 0
-3.6770 5.1212 0
-4.7718 6.8714 0
-4.6860 5.4693 0
-6.2973 4.5287 0
-4.2365 4.6967 0
-5.1814 5.2270 0
-3.2220 6.2764 0
-4.6655 6.4400 0
-6.4164 3.9745 0
-5.6243 3.8171 0
-6.6906 4.1600 0
-5.4823 4.8429 0
-5.4593 4.7676 0
-3.6301 5.8169 0
-3.3553 5.8750 0
-3.5657 4.5168 0
-5.7114 5.9083 0
-2.6054 7.0090 0
-5.4335 5.1249 0
-6.2310 1.6802 0
-3.3182 4.8594 0
-3.3622 5.6371 0
-4.9336 4.7664 0
-5.4043 3.8243 0
-6.3303 4.6706 0
-2.5999 4.9640 0
-6.5689 6.8319 0
-4.6820 4.8882 0
-6.0288 4.2113 0
-5.2062 3.7581 0
-5.9210 4.9138 0
-4.7716 6.3526 0
-5.0595 7.3885 0
-6.1342 4.9118 0
-4.3123 3.7577 0
-2.8440 4.4666 0
-3.9548 4.7467 0
-5.8205 3.7594 0
-4.7385 3.7284 0
-6.3466 4.2336 0
-5.3606 3.8490 0
-3.5854 6.1117 0
-4.5891 4.5186 0
-4.0576 4.3822 0
-4.0840 5.3237 0
-5.2964 5.2606 0
-5.0741 5.3563 0
-3.9328 6.0345 0
-5.0303 4.5490 0
-5.1891 4.9773 0
-5.3469 4.1000 0
-3.7772 4.5976 0
-5.0173 5.1169 0
-7.5637 4.5235 0
-4.0597 6.2202 0
-6.0321 4.9119 0
-3.7820 5.5021 0
-5.3792 5.9183 0
-5.2331 3.0431 0
-5.3207 4.2613 0
-5.2551 5.2670 0
-5.8391 3.6471 0
-5.7435 6.3359 0
-4.9178 4.7454 0
-5.4238 2.1978 0
-5.8208 5.3137 0
-6.7778 4.0775 0
-2.7699 5.9508 0
-5.5059 6.2341 0
-3.8832 6.5187 0
-2.9010 3.6677 0
-5.8451 5.6442 0
-3.8840 6.1939 0
-5.6982 4.6421 0
-5.6384 4.6214 0
-4.7143 5.1369 0
-3.9157 7.6986 0
-4.7602 6.4779 0
-3.5590 5.7863 0
-5.3456 4.4013 0
-3.2680 6.5663 0
-3.8145 7.3069 0
-5.4216 3.9405 0
-5.1537 5.3380 0
-4.1568 6.0757 0
-5.7197 5.3981 0
-6.3048 5.0888 0
-3.1503 5.7673 0
-6.9409 4.7858 0
-5.5331 4.7463 0
-4.4682 5.9966 0
-3.1320 5.5970 0
-6.2697 5.0630 0
-6.7026 5.5277 0
-3.9250 5.6843 0
-5.9045 4.5720 0
-4.7893 4.1237 0
-3.7758 5.0016 0
-4.5974 4.6252 0
-4.9476 5.5340 0
-4.9335 4.7529 0
-7.3548 4.9536 0
-5.8849 5.2306 0
-4.7635 5.9871 0
-3.2614 5.8265 0
-4.2156 4.8433 0
-5.1024 5.1101 0
-5.4528 3.5499 0
-5.9198 4.9483 0
-4.3778 5.3176 0
-4.7581 4.1918 0
-4.2711 4.5443 0
-3.8701 4.4190 0
-7.2722 6.3759 0
-4.7273 2.5908 0
11.4980 10.2454 1
13.5084 11.2305 1
16.1190 12.7087 1
13.8764 11.5369 1
13.9591 10.7002 1
14.4220 12.4375 1
14.5562 12.1076 1
14.0226 11.3506 1
14.3585 9.9534 1
12.6506 12.2196 1
11.3399 9.7328 1
12.5434 11.1927 1
14.0725 11.3063 1
13.9468 9.7416 1
14.0971 9.6425 1
14.2631 11.9693 1
14.2418 11.9639 1
15.2883 10.3770 1
12.6667 11.1860 1
14.7774 10.7817 1
12.5464 11.5630 1
14.0091 9.0379 1
14.1347 12.4599 1
14.8982 12.6834 1
14.4357 11.7544 1
14.4498 10.7216 1
13.1726 8.8477 1
13.8327 11.2403 1
13.6669 11.6113 1
12.9091 10.6217 1
11.0642 10.2832 1
15.3220 12.3029 1
13.2968 9.6827 1
14.0494 11.3676 1
13.5555 10.9041 1
13.1420 11.0239 1
14.6020 12.4970 1
14.5556 11.9300 1
15.1469 12.3006 1
13.6528 10.5727 1
15.8339 13.3648 1
14.3709 10.4138 1
15.3393 12.3446 1
13.4636 11.7920 1
15.0377 11.9423 1
13.5635 13.0071 1
13.2590 9.9835 1
13.8050 10.5833 1
13.7532 10.4327 1
14.0789 12.0660 1
14.0351 10.9076 1
12.9446 9.5322 1
13.8522 11.0196 1
12.3432 10.4303 1
13.5783 11.2125 1
15.4488 10.5897 1
13.8959 9.6044 1
14.8634 9.8239 1
13.7541 10.8395 1
15.5438 12.9232 1
14.6560 10.6316 1
15.0522 11.8415 1
13.6791 10.8846 1
12.3997 11.1046 1
12.8723 11.4548 1
14.1849 11.0399 1
14.7651 12.3709 1
14.0769 9.3892 1
14.0334 9.8717 1
13.0657 9.4648 1
14.4761 9.5971 1
14.4755 12.7357 1
15.6538 11.5304 1
14.5452 10.9115 1
11.7803 8.7718 1
13.8192 11.4336 1
14.3167 11.4365 1
13.9744 10.4996 1
12.5439 11.7764 1
14.5588 11.1008 1
14.2072 9.7764 1
15.8628 12.1282 1
14.2296 11.2896 1
13.4127 8.2728 1
12.7958 10.5137 1
13.9881 11.1461 1
13.8666 11.1984 1
14.8431 10.6349 1
13.6588 12.0637 1
13.8480 9.3198 1
13.0324 10.1825 1
12.6743 9.3082 1
14.9557 10.9468 1
14.1945 10.6038 1
13.1370 11.2931 1
15.8692 12.1965 1
13.0576 11.5712 1
13.0532 10.4294 1
13.6096 9.5689 1
14.1766 11.7275 1
14.3721 12.6216 1
17.2078 13.3150 1
11.8960 8.4348 1
13.9273 11.4350 1
13.4613 11.9142 1
14.9817 10.7177 1
14.8739 10.7334 1
14.0348 9.9529 1
14.4018 11.1887 1
13.4834 12.5098 1
15.5520 11.9742 1
14.7043 10.2135 1
15.7565 12.2219 1
12.6336 11.1186 1
14.0001 12.4971 1
14.5881 10.1861 1
13.1058 11.7375 1
12.7588 11.1705 1
13.7919 10.2335 1
13.9779 11.4303 1
13.8153 10.9102 1
13.7340 9.9115 1
13.0238 11.0235 1
13.1869 11.7901 1
11.9019 11.7923 1
15.3372 11.4764 1
13.1811 10.4756 1
14.2708 9.7193 1
14.6303 12.9665 1
13.6565 11.6520 1
14.9526 10.1474 1
13.8367 10.7113 1
15.0203 10.4902 1
12.3158 10.5315 1
14.5047 12.6824 1
13.4210 11.0232 1
13.9755 11.0735 1
14.2966 11.6250 1
15.1761 11.8245 1
13.9012 11.6458 1
13.6096 10.6179 1
13.6897 12.7714 1
14.8041 12.6263 1
15.1575 11.0693 1
14.5457 11.9535 1
15.1077 11.7309 1
11.7611 9.6159 1
14.1596 10.1547 1
13.8235 12.6616 1
14.1809 10.7386 1
14.1019 10.1135 1
13.6437 12.0318 1
13.1175 11.1081 1
15.2099 11.4179 1
14.0723 12.5053 1
12.8664 9.9398 1
14.4388 13.6860 1
12.7077 10.4126 1
12.7630 9.9220 1
14.5645 10.8933 1
-14.4800 -3.6385 2
-13.7547 -2.1405 2
-14.4177 -4.4355 2
-12.4439 -1.3241 2
-12.4681 -2.5534 2
-12.5834 -2.8339 2
-11.9623 -1.6917 2
-14.4459 -3.2216 2
-14.0933 -3.1581 2
-12.3449 -2.9927 2
-12.4736 -1.1067 2
-16.0871 -4.7941 2
-12.3038 -3.3898 2
-12.2304 -0.6201 2
-13.8355 -3.5506 2
-13.4350 -3.2954 2
-11.6049 -3.7694 2
-12.3787 -3.1724 2
-14.3039 -3.5743 2
-13.5653 -2.5589 2
-12.9037 -2.1062 2
-13.1067 -2.5646 2
-10.9560 -2.0731 2
-13.2971 -5.3728 2
-12.5738 -2.0062 2
-11.4695 -2.9601 2
-14.2474 -3.7362 2
-12.5210 -3.7285 2
-13.7806 -2.1227 2
-14.3951 -3.5597 2
-12.1408 -3.0120 2
-12.2036 -3.7860 2
-12.5697 -3.1109 2
-14.3468 -3.9955 2
-13.7590 -2.8706 2
-12.7106 -3.0231 2
-14.2374 -3.4210 2
-13.4974 -1.9790 2
-13.8833 -4.2985 2
-12.6343 -3.0913 2
-11.6381 -3.4567 2
-12.5411 -3.1558 2
-11.4704 -1.6333 2
-13.7520 -2.8747 2
-13.0419 -3.0184 2
-14.0427 -3.2267 2
-14.3112 -4.2513 2
-14.3516 -2.5403 2
-12.3990 -3.8206 2
-13.4863 -4.8906 2
-12.0361 -2.0993 2
-12.6602 -2.4238 2
-12.5148 -4.0179 2
-12.2994 -4.3236 2
-13.0757 -4.6419 2
-13.3354 -2.1342 2
-10.2092 -2.4370 2
-12.6728 -2.1264 2
-13.2513 -3.7857 2
-12.9430 -1.1555 2
-12.7740 -2.0690 2
-12.5493 -2.3863 2
-12.8213 -2.8830 2
-12.4815 -2.3136 2
-12.9178 -2.3660 2
-14.8464 -3.4052 2
-11.6840 -3.0076 2
-12.6235 -3.3405 2
-12.7569 -3.3460 2
-14.0480 -3.0725 2
-13.4851 -3.4795 2
-12.3633 -1.4099 2
-13.2615 -1.6961 2
-13.6910 -1.6295 2
-14.0547 -3.2833 2
-14.4030 -2.0783 2
-14.1913 -2.8386 2
-12.5753 -2.6279 2
-12.2245 -1.6572 2
-11.7694 -3.0929 2
-15.2463 -3.1682 2
-14.8714 -4.2344 2
-13.1001 -5.1327 2
-13.4204 -2.8051 2
-13.1109 -4.8454 2
-13.0662 -4.2109 2
-12.2284 -2.7190 2
-13.3909 -3.9416 2
-11.9683 -2.8444 2
-11.9470 -2.1290 2
-14.0564 -3.4867 2
-13.6824 -2.3118 2
-12.1851 -1.1756 2
-13.4847 -2.6895 2
-12.8960 -2.0034 2
-12.5849 -2.8553 2
-14.0124 -3.7882 2
-15.1809 -4.2597 2
-13.0123 -3.1509 2
-13.2282 -2.2731 2
-14.5356 -2.8198 2
-15.2450 -4.4212 2
-11.9321 -1.8157 2
-12.6938 -3.8790 2
-15.6414 -3.7040 2
-12.4053 -4.1072 2
-12.3614 -1.9401 2
-12.6922 -1.6433 2
-11.8978 -1.5928 2
-11.9332 -2.8346 2
-13.3040 -2.9455 2
-13.4379 -2.2501 2
-12.8055 -3.2132 2
-12.1960 -1.7808 2
-12.6104 -3.6368 2
-11.4990 -2.0074 2
-14.5636 -3.4426 2
-13.2481 -3.0270 2
-13.4797 -3.0014 2
-13.2901 -3.3508 2
-13.2481 -1.9509 2
-11.6147 -0.3208 2
-14.5146 -3.6100 2
-12.4777 -3.0003 2
-13.4685 -3.2958 2
-12.8988 -2.9876 2
-12.9707 -3.3461 2
-13.5845 -5.4007 2
-13.3431 -2.5221 2
-12.9725 -3.8323 2
-14.5352 -5.0726 2
-13.1613 -1.1187 2
-13.9379 0.2643 2
-12.1924 -2.7754 2
-13.4010 -3.6861 2
-13.5548 -2.5427 2
-11.7463 -3.6420 2
-12.9193 -3.8361 2
-14.4767 -2.7397 2
-12.9448 -2.5160 2
-10.9289 -0.5821 2
-12.5607 -4.2175 2
-12.1542 -4.8274 2
-11.6774 -0.8423 2
-13.0953 -3.8887 2
-14.5940 -2.6419 2
-11.6881 -3.2031 2
-11.6370 -2.1561 2
-12.7735 -1.3747 2
-13.6970 -3.3459 2
-13.9404 -2.0341 2
-13.4379 -2.0351 2
-13.1170 -4.3021 2
-13.0422 -2.1843 2
-13.2907 -1.9933 2
-12.4574 -2.3564 2
-11.4015 -2.4916 2
-13.9842 -2.7300 2
-13.5630 -2.8652 2
-12.6289 -3.5471 2
-1.5038 0.0678 3
-1.8173 -0.6448 3
-1.9843 -0.0483 3
-1.9710 -0.8794 3
-5.2128 -0.6065 3
-2.5007 -2.2776 3
-0.9495 0.4352 3
-1.2551 -1.1601 3
-1.0940 -0.5512 3
-1.9856 -0.5910 3
-2.4464 -1.7421 3
-1.2622 0.1785 3
-2.4616 1.3591 3
-1.9571 0.6085 3
-3.8176 -1.4088 3
-3.0851 -0.4151 3
-2.2957 -0.2804 3
-2.9164 -1.5053 3
-2.0962 -0.2244 3
-2.1665 -1.6340 3
-1.9964 -0.1854 3
-2.0756 -0.3573 3
-2.2327 -0.1687 3
-2.0551 -0.4648 3
-3.9628 0.1445 3
-3.0048 -1.4842 3
-2.6925 -0.3310 3
-1.0488 1.3951 3
-3.5047 -0.9407 3
-1.7277 -0.6305 3
-2.6836 1.0957 3
-3.9616 -1.1827 3
-2.4011 0.2990 3
-0.8370 0.8485 3
-0.8276 0.0362 3
-1.7027 -0.3098 3
-2.4334 -1.2164 3
-2.2628 -0.2242 3
-0.3667 0.4545 3
-3.1358 0.6582 3
-3.4005 -0.4114 3
-2.2463 -0.5975 3
-1.5067 -1.8192 3
-2.2301 -0.1857 3
-1.5244 0.1158 3
-0.1506 2.3750 3
-2.0481 -0.9298 3
-2.0212 0.4324 3
-1.0131 0.1660 3
-3.4776 -1.9777 3
-1.7208 2.7382 3
-2.9130 -0.8183 3
-1.7823 -0.5281 3
-1.4007 2.1429 3
-2.0604 0.0335 3
-2.6838 0.4925 3
-0.8787 1.1494 3
-0.4023 0.8405 3
-1.0775 -0.3603 3
-3.5578 -1.5424 3
-2.5704 -0.6637 3
-2.0802 0.6885 3
-3.5881 0.1200 3
-1.2234 -0.0822 3
-0.8978 0.8920 3
-1.4142 2.0443 3
-2.4834 -0.3554 3
-2.1119 0.0097 3
-1.6260 -0.0455 3
-0.8750 1.1725 3
-3.3763 0.1297 3
-0.5515 -1.3283 3
-0.8321 0.0995 3
-2.3667 -0.2711 3
-2.9963 -0.4960 3
-0.9037 0.0472 3
-2.4337 -0.3114 3
-2.5369 -0.8638 3
-0.9709 -0.1524 3
-1.7251 0.8835 3
-1.6746 0.7200 3
-1.9559 0.5118 3
-1.6188 2.1399 3
-0.7645 1.6859 3
-3.7460 -0.5521 3
-1.6078 -0.9003 3
-2.1211 -0.4924 3
-1.6337 -1.0847 3
-1.9907 -0.6700 3
-1.5033 0.8827 3
-2.4395 -0.1912 3
-2.7524 -0.3102 3
0.0050 -1.0568 3
-2.0382 -0.7238 3
-2.9576 1.1155 3
-1.1182 -0.8292 3
-2.2797 1.9145 3
-2.7467 -1.0715 3
-2.2013 -0.0502 3
-2.8850 -1.2734 3
-2.1526 -0.3023 3
-1.5943 -0.4076 3
-2.8188 0.2952 3
-1.5578 0.3237 3
-0.2075 1.1978 3
-1.5928 0.8632 3
-1.8312 -0.3008 3
-1.4877 -0.7339 3
-2.3799 0.1408 3
-2.4690 -0.6629 3
-3.0728 -0.7352 3
-0.2430 0.7539 3
-1.2449 -0.3778 3
-0.6990 0.8502 3
-3.2010 -0.5582 3
0.8609 1.5346 3
-2.4230 0.0802 3
-2.4895 0.4901 3
-1.1095 0.6105 3
-2.2053 1.4315 3
-1.2679 1.9748 3
-1.5131 0.4844 3
-1.2741 1.8636 3
-0.9970 -1.5288 3
-3.5816 -1.0787 3
-2.2758 0.4997 3
-3.3758 -1.2395 3
-0.9041 1.7259 3
-2.4043 0.0047 3
-1.0090 0.2439 3
-1.1231 0.7425 3
-2.2991 -1.0204 3
-1.1710 0.6594 3
-0.7278 0.0368 3
-0.3653 0.8165 3
-2.7591 0.2572 3
-2.9986 0.5887 3
-2.5026 1.7863 3
-2.9793 -0.5831 3
-0.9108 -0.1269 3
-2.7590 1.1976 3
-1.0458 -0.3107 3
-0.8936 0.2634 3
-0.5982 2.3115 3
-0.9260 1.0146 3
-2.1622 3.0682 3
-0.4785 -0.0317 3
-2.3713 0.4247 3
-1.8696 -0.7818 3
-2.8929 -2.6698 3
-3.0130 0.5152 3
-1.4160 -0.4835 3
-2.1112 1.4507 3
-1.8495 -1.0501 3
-1.7564 1.5975 3
-1.8525 0.6321 3
-1.5944 0.2634 3
-3.1500 -1.1430 3
-3.5947 -0.0848 3
-2.3790 -0.6243 3
-15.7929 9.0511 4
-15.0987 10.4464 4
-13.3604 11.3542 4
-16.1384 11.5334 4
-17.3980 8.9186 4
-15.3242 9.1902 4
-13.2209 10.5708 4
-15.2995 11.3954 4
-15.9475 11.2961 4
-15.2894 10.6610 4
-14.7220 11.3356 4
-15.7131 10.1975 4
-15.7140 7.8551 4
-15.3543 9.5116 4
-15.9688 10.2092 4
-13.9311 11.6991 4
-14.5283 10.7052 4
-13.6706 11.5943 4
-14.7713 10.8162 4
-14.5025 10.1918 4
-14.1524 11.6556 4
-14.4900 11.2234 4
-15.3892 11.9594 4
-15.2452 9.9956 4
-15.2388 9.4660 4
-14.2704 11.9273 4
-15.7902 10.5754 4
-16.4620 10.3879 4
-14.8962 9.3033 4
-14.7720 12.5899 4
-13.3866 11.7956 4
-13.3285 11.7108 4
-16.8227 10.6577 4
-16.3925 10.0150 4
-16.3454 10.5492 4
-15.5754 10.9492 4
-15.4460 8.6934 4
-15.1379 12.1991 4
-15.4182 12.1030 4
-14.5733 11.9807 4
-15.6834 9.9497 4
-15.4894 10.8618 4
-16.5510 10.8867 4
-14.6533 12.1977 4
-14.7723 10.3973 4
-15.3315 10.6841 4
-14.4578 10.3145 4
-13.8716 12.0244 4
-15.2795 12.1939 4
-15.8594 11.0842 4
-16.5578 9.1953 4
-14.1287 11.4930 4
-16.1934 10.5579 4
-13.4948 11.4546 4
-14.4735 10.3364 4
-14.7799 11.4382 4
-15.5265 11.0663 4
-16.2649 11.1070 4
-14.2625 11.9276 4
-16.6563 9.6363 4
-15.6743 10.1217 4
-15.7611 10.0832 4
-16.4880 10.3932 4
-12.0968 11.2025 4
-15.3940 10.4297 4
-13.0964 12.4747 4
-15.5034 10.4924 4
-15.4459 9.9543 4
-15.9942 9.8505 4
-14.5433 11.6502 4
-14.9376 10.9692 4
-14.4654 10.8645 4
-16.0460 11.0627 4
-14.0175 11.9423 4
-14.9711 11.4459 4
-15.6787 12.6592 4
-16.2825 11.2616 4
-13.8640 11.9168 4
-15.8120 11.5297 4
-14.3039 10.9939 4
-13.9990 13.5053 4
-14.5335 11.1674 4
-13.3641 9.6286 4
-14.8524 10.8347 4
-16.5523 11.1237 4
-14.8164 10.4800 4
-15.9430 11.0849 4
-13.4208 12.2790 4
-16.0826 8.9344 4
-15.5057 8.7646 4
-16.0450 9.9744 4
-15.5992 12.2769 4
-13.1637 12.6047 4
-16.0915 9.2030 4
-15.5198 9.8761 4
-13.9117 12.9315 4
-13.5385 11.3630 4
-16.0220 9.5069 4
-15.4824 10.6706 4
-15.0731 11.3120 4
-15.7534 10.6518 4
-13.8670 10.4577 4
-15.8551 10.4077 4
-15.3141 10.3797 4
-16.2650 11.0060 4
-14.7837 10.0837 4
-14.0887 11.8220 4
-17.3323 10.2405 4
-12.9968 10.9517 4
-16.9132 10.5533 4
-15.2886 9.7336 4
-14.1321 10.1707 4
-17.3712 9.9710 4
-13.8712 10.0763 4
-14.6876 11.3617 4
-15.3600 10.5064 4
-16.2750 12.0030 4
-15.4771 12.0275 4
-15.2481 10.5356 4
-16.1006 9.6251 4
-14.7365 12.2900 4
-13.2583 11.6702 4
-15.0861 11.5840 4
-16.3516 10.7170 4
-15.1593 10.9256 4
-14.8878 10.5072 4
-15.2468 10.7783 4
-14.4679 12.8366 4
-15.2332 11.7359 4
-14.1862 11.7367 4
-13.7975 10.5209 4
-14.9984 10.2237 4
-14.5659 11.8507 4
-15.5573 10.7214 4
-14.9200 11.0651 4
-14.5214 10.7160 4
-14.0230 11.3551 4
-16.5421 9.3965 4
-14.7718 11.2606 4
-14.5832 10.5677 4
-14.4239 11.1737 4
-15.9205 11.8288 4
-14.4027 9.7941 4
-14.9393 9.7188 4
-14.8499 10.8520 4
-16.3575 10.3066 4
-15.7285 10.5197 4
-15.9845 10.3617 4
-14.2563 11.5505 4
-15.6315 11.9011 4
-15.5700 10.2196 4
-15.3261 10.9421 4
-16.2809 10.2278 4
-17.5735 9.4778 4
-15.2976 9.4159 4
-14.9707 10.5524 4
-17.0827 7.8853 4
-14.8795 13.4041 4
-14.1381 11.9458 4
-14.2594 11.6993 4
