1.8365 6.9149 0
2.8792 6.3613 0
1.5104 4.5114 0
5.2926 7.2973 0
2.6516 4.5533 0
1.4121 5.8742 0
2.3228 6.7207 0
3.3564 6.2490 0
5.1799 7.2058 0
1.7636 6.0680 0
4.4720 6.1573 0
2.5842 5.4216 0
4.2744 7.3573 0
3.6259 5.7492 0
2.6539 5.6825 0
2.5511 6.3153 0
3.1602 5.7591 0
3.4118 7.1193 0
2.9302 5.9980 0
4.3396 7.2397 0
3.7470 6.2511 0
4.4893 5.2036 0
3.0814 5.7188 0
2.6596 6.4474 0
2.5554 5.7023 0
2.0261 6.5195 0
2.0165 5.0262 0
1.1113 6.3649 0
0.8674 4.0856 0
4.3531 8.2906 0
2.1346 6.0750 0
3.7369 8.0769 0
2.2657 4.5115 0
4.2560 7.5989 0
2.2674 6.7391 0
3.9579 7.2120 0
3.6578 5.4223 0
2.6663 5.9585 0
2.7216 6.5373 0
2.6387 5.8742 0
3.1102 7.6332 0
4.2789 6.7184 0
3.7935 7.0399 0
2.6115 4.9975 0
2.2989 4.9674 0
2.5045 5.9651 0
3.0309 6.6540 0
2.2768 5.0641 0
1.6730 6.8892 0
3.0637 5.7330 0
4.0367 6.8486 0
3.0767 6.6042 0
3.6762 6.5374 0
2.7675 7.4011 0
2.8009 6.2978 0
2.7637 5.4067 0
3.2503 6.3478 0
4.5064 6.3131 0
3.3109 4.9598 0
3.6277 6.8361 0
3.0111 5.7868 0
0.9510 5.9729 0
2.9135 5.8800 0
3.4805 3.0479 0
3.0952 7.0021 0
4.0053 6.3695 0
2.6808 6.3871 0
2.0852 5.2820 0
2.2227 5.0620 0
3.2845 5.7793 0
2.3952 4.8929 0
1.9239 5.5579 0
3.2243 7.6496 0
2.3127 4.8174 0
3.8085 4.8895 0
2.8674 5.6957 0
2.2488 4.3020 0
1.3367 4.0208 0
3.2341 6.2133 0
1.8881 5.6659 0
1.5348 3.1932 0
2.4192 5.4127 0
4.0734 6.2108 0
3.7036 6.2925 0
2.9944 5.8760 0
3.5520 5.4387 0
4.1613 6.2756 0
3.1301 7.3617 0
3.9212 6.0941 0
2.0892 5.7674 0
1.8961 5.5313 0
3.1508 5.7422 0
3.6845 6.5383 0
1.8416 5.6106 0
3.6919 5.7373 0
2.8937 6.4279 0
1.7345 3.5583 0
3.7978 6.6909 0
2.8946 6.1206 0
3.5202 6.5841 0
1.9387 4.7892 0
3.7846 5.3405 0
2.6207 7.0611 0
2.6792 6.5567 0
2.9833 5.4712 0
3.5182 5.9434 0
3.0169 6.3100 0
2.9958 7.1992 0
5.3738 7.7047 0
3.3302 6.4040 0
3.0616 5.4575 0
4.5947 6.5123 0
2.2520 5.2726 0
3.3449 5.5872 0
3.7405 5.6541 0
4.0189 6.9653 0
4.3663 4.8578 0
2.6438 5.3373 0
2.3550 5.0031 0
3.8450 6.1231 0
2.8305 6.3898 0
0.6436 5.1428 0
1.7425 4.0201 0
3.8941 5.8972 0
2.9678 5.7889 0
1.1211 4.9965 0
2.8204 5.9880 0
3.0379 4.8705 0
3.0337 5.1295 0
3.0197 5.9238 0
2.9270 6.2345 0
4.4088 6.3174 0
3.0139 6.4420 0
4.7096 7.7514 0
2.5667 5.2580 0
3.2705 5.9425 0
2.1428 5.5057 0
3.8071 5.9347 0
0.9677 4.2373 0
2.1689 6.2298 0
3.6097 5.6755 0
1.0495 5.6616 0
3.9407 7.6919 0
3.0436 6.7573 0
2.5239 5.2682 0
3.1704 5.7810 0
2.8646 5.5630 0
1.4329 4.8792 0
1.9933 6.1526 0
1.9446 4.2180 0
1.8567 5.7684 0
1.8900 5.6597 0
3.0605 5.8970 0
2.4832 4.8913 0
3.6429 6.1161 0
4.3901 7.4480 0
4.5674 6.6618 0
5.6140 7.0388 0
3.8723 6.4571 0
3.0373 5.2343 0
-6.5434 11.7845 1
-6.0100 12.5529 1
-3.2351 11.2381 1
-5.5132 13.0625 1
-5.7807 11.6369 1
-5.8072 11.5827 1
-6.3382 9.8171 1
-5.2146 11.5130 1
-5.5466 13.6831 1
-6.3097 11.5075 1
-5.5245 13.1556 1
-5.4648 11.9682 1
-7.8636 11.0351 1
-6.3307 9.9382 1
-6.4461 11.1634 1
-5.7463 13.3805 1
-5.2212 14.1189 1
-7.3208 12.1452 1
-7.8162 11.2303 1
-7.8948 10.8580 1
-5.1568 13.9547 1
-5.5578 12.9799 1
-5.7350 11.2451 1
-5.8595 12.1333 1
-4.9887 13.0565 1
-3.8781 12.5045 1
-5.7500 12.6267 1
-6.5559 12.1298 1
-4.0601 14.3466 1
-4.9896 12.0066 1
-5.4199 10.5985 1
-6.3703 12.3623 1
-6.2149 11.5045 1
-5.5537 12.3584 1
-5.3964 13.0280 1
-5.3781 13.6177 1
-6.9203 11.1205 1
-5.4444 11.8648 1
-4.6332 12.8102 1
-6.7855 11.8408 1
-7.0551 11.0546 1
-4.5024 14.7147 1
-5.3469 9.9984 1
-6.7467 11.6728 1
-4.7676 14.3873 1
-4.1362 13.8421 1
-4.7496 13.2202 1
-6.5784 13.2031 1
-4.2891 12.9635 1
-5.3342 14.3036 1
-6.7672 12.1416 1
-5.8087 13.2653 1
-7.3609 10.2577 1
-5.4922 13.1628 1
-4.9417 12.6245 1
-4.6215 11.8022 1
-6.1005 10.2519 1
-6.8304 10.4005 1
-4.6589 14.2971 1
-5.3846 10.5317 1
-5.2261 13.7799 1
-5.6051 12.5416 1
-7.2804 10.7711 1
-5.5150 12.8340 1
-8.1156 9.6007 1
-6.2082 13.1198 1
-7.1207 11.4335 1
-4.9926 12.9467 1
-6.4353 13.6826 1
-6.1095 11.5019 1
-5.7745 11.1580 1
-4.5559 13.2818 1
-5.6451 12.4540 1
-5.0433 12.9137 1
-7.7155 11.6262 1
-7.4423 10.9941 1
-4.8111 13.0998 1
-5.3882 11.6382 1
-8.1480 9.8882 1
-6.5548 12.3850 1
-6.2239 11.8918 1
-5.1421 12.5302 1
-6.1569 11.8736 1
-7.5101 10.8970 1
-6.4594 11.3626 1
-4.7709 12.4568 1
-6.5612 13.5405 1
-5.1239 12.7912 1
-5.9190 11.5695 1
-7.4302 11.5610 1
-5.0960 12.9380 1
-6.4125 11.5755 1
-5.7693 11.7441 1
-6.2618 12.0504 1
-6.1108 13.7683 1
-8.5341 10.8158 1
-5.6608 12.7072 1
-7.3984 12.2219 1
-5.3626 13.0044 1
-6.3956 10.8894 1
-4.9901 12.9772 1
-7.0596 11.1562 1
-6.1973 10.0194 1
-7.3411 12.1542 1
-7.3891 11.9922 1
-5.2331 14.1439 1
-5.9714 12.0321 1
-5.5299 12.0133 1
-5.7106 12.7202 1
-6.6149 12.7218 1
-5.8686 13.6963 1
-5.9018 12.4040 1
-7.8874 11.3337 1
-7.2022 13.5746 1
-7.1644 11.9286 1
-4.3261 13.2089 1
-7.0737 12.6898 1
-5.8167 12.7906 1
-5.4139 11.7249 1
-6.3074 11.9941 1
-5.0906 11.9149 1
-4.4935 12.7780 1
-4.0998 10.6227 1
-5.6779 12.2818 1
-6.4559 10.1396 1
-6.4039 11.7106 1
-3.9454 11.2689 1
-6.7698 11.5015 1
-7.4999 11.0295 1
-7.1790 10.7600 1
-6.9243 11.9286 1
-7.6432 12.3901 1
-5.0954 12.6925 1
-5.7734 13.1530 1
-8.3114 10.7333 1
-5.0732 13.3274 1
-5.4262 14.0170 1
-6.9174 11.6200 1
-7.5815 11.8887 1
-4.9659 13.4626 1
-5.5474 12.4956 1
-5.3586 12.0006 1
-6.6644 12.4960 1
-5.2955 10.7068 1
-5.2625 12.5135 1
-7.4370 9.6074 1
-5.5706 11.5713 1
-5.8607 11.3786 1
-7.4739 11.0338 1
-3.6279 13.9142 1
-8.7157 10.5629 1
-4.6062 12.7559 1
-5.8607 13.1029 1
-5.8789 12.6839 1
-6.0625 13.6882 1
-7.0760 11.0626 1
-6.2973 10.8616 1
-5.7756 10.5981 1
-6.0793 11.4303 1
-5.4377 13.2129 1
12.8539 -12.6169 2
13.9992 -11.2049 2
13.2634 -13.7303 2
14.2294 -12.1280 2
13.7994 -14.7205 2
14.7478 -12.3618 2
13.6107 -13.9272 2
14.2111 -11.5464 2
12.7870 -13.2100 2
14.9784 -13.9437 2
13.3320 -13.9305 2
14.2624 -12.2945 2
14.3797 -13.3500 2
14.1977 -11.5701 2
15.6071 -13.3012 2
13.1664 -14.2878 2
13.0718 -13.1382 2
13.3154 -12.9906 2
13.9268 -12.3197 2
13.6887 -14.0526 2
14.1762 -12.7836 2
14.2170 -12.8513 2
14.0764 -13.7849 2
14.1666 -12.3177 2
14.3784 -13.0069 2
13.6431 -14.0668 2
14.2435 -12.9509 2
13.9049 -13.5505 2
12.0259 -13.2886 2
14.8998 -12.1023 2
14.0453 -11.4939 2
11.8288 -14.4688 2
13.5962 -13.8977 2
13.9340 -11.5524 2
14.4484 -13.7849 2
14.6754 -11.7569 2
13.5121 -12.6925 2
15.4897 -12.3212 2
13.4394 -12.8084 2
14.6585 -13.8825 2
14.3353 -11.9778 2
13.5606 -13.8114 2
13.7140 -14.4335 2
15.1031 -12.7090 2
14.5166 -12.3213 2
14.1369 -13.6460 2
14.4967 -13.4419 2
14.3242 -13.3022 2
13.7098 -15.5237 2
12.9895 -13.7239 2
14.3401 -12.0608 2
15.6580 -10.8009 2
14.1433 -12.3608 2
13.9084 -11.2852 2
15.7621 -11.1016 2
14.6639 -11.9961 2
14.1734 -13.8431 2
13.0406 -13.2483 2
13.2303 -12.8405 2
13.1066 -12.6152 2
15.7074 -12.7943 2
14.1458 -12.9077 2
15.6311 -12.7470 2
13.3845 -12.4059 2
13.8313 -13.2837 2
13.8605 -13.9366 2
15.4971 -11.7324 2
14.0585 -12.8700 2
13.1938 -13.5256 2
15.3266 -11.1397 2
14.8773 -10.5678 2
14.6486 -12.1837 2
13.7029 -13.6165 2
14.9480 -11.9833 2
14.1609 -12.3400 2
13.2351 -13.0139 2
14.1767 -14.3535 2
14.4447 -10.9893 2
14.8021 -13.3452 2
12.5701 -13.3704 2
13.6467 -12.4601 2
12.4093 -13.2800 2
14.1775 -12.9390 2
12.2778 -13.4663 2
12.7702 -14.7452 2
14.4237 -13.0000 2
14.9386 -13.4460 2
14.0757 -13.6555 2
12.2237 -12.5857 2
14.4914 -12.0426 2
15.7216 -12.2951 2
14.3640 -12.2644 2
13.2161 -12.5507 2
11.4801 -14.4743 2
13.0401 -13.7991 2
14.2019 -12.3643 2
14.2522 -13.6409 2
12.4501 -13.2497 2
13.8507 -11.8946 2
13.5343 -12.6173 2
14.8058 -13.3565 2
12.4451 -15.9612 2
14.7744 -13.0673 2
12.9058 -13.6596 2
14.8456 -12.9617 2
13.9890 -12.5946 2
14.3939 -12.0898 2
15.1547 -12.7781 2
15.7725 -13.1996 2
13.0241 -13.2633 2
13.5815 -13.6762 2
13.3008 -13.0213 2
14.8472 -13.4746 2
13.2909 -14.8734 2
16.8403 -12.5229 2
13.9640 -12.8996 2
13.8022 -12.6025 2
12.5293 -13.3733 2
12.2617 -14.5237 2
13.6986 -13.2883 2
15.0180 -13.3352 2
11.7980 -16.3754 2
13.3454 -13.8459 2
11.7125 -13.4828 2
12.7080 -14.4280 2
15.2392 -12.0184 2
14.2990 -12.9172 2
13.5790 -13.1652 2
13.0731 -13.5425 2
13.8311 -13.7358 2
14.3253 -11.6322 2
16.3247 -12.0730 2
14.3726 -11.9027 2
13.5214 -13.0110 2
14.2455 -12.6343 2
14.3665 -13.3339 2
15.0133 -13.4922 2
14.0103 -13.6543 2
14.0028 -13.1548 2
13.1999 -14.3592 2
13.7158 -14.8279 2
12.7031 -12.9640 2
14.5913 -11.4383 2
13.6894 -14.4992 2
12.2888 -15.7607 2
13.1376 -13.2745 2
12.2044 -12.9919 2
12.6982 -14.3352 2
12.1527 -13.8938 2
12.1355 -14.4267 2
14.2541 -12.3608 2
15.5539 -12.7175 2
14.5529 -12.4062 2
13.9448 -13.7472 2
16.8858 -11.9925 2
15.2347 -13.5583 2
13.1525 -12.4934 2
14.4103 -13.7054 2
13.6635 -14.2672 2
14.4695 -13.2359 2
-8.0755 8.8191 3
-8.6749 9.1541 3
-8.8886 7.8516 3
-10.1200 8.8370 3
-8.6728 10.7728 3
-8.9401 8.9865 3
-7.0358 10.5948 3
-8.0190 8.4368 3
-7.9939 8.2192 3
-9.6081 8.8320 3
-8.1932 9.5587 3
-9.3407 10.3778 3
-10.5819 9.1011 3
-9.0082 8.4510 3
-8.5185 7.9079 3
-7.7527 8.6858 3
-8.7853 10.1559 3
-8.7523 8.5903 3
-10.1469 8.1600 3
-9.9998 7.4615 3
-8.4987 10.4359 3
-7.8594 7.9639 3
-9.6681 9.1407 3
-9.1973 8.8431 3
-8.0659 8.6185 3
-8.9200 8.9493 3
-9.2132 8.0453 3
-8.6479 9.0275 3
-8.5288 7.5711 3
-9.5553 8.9235 3
-8.7603 8.9202 3
-8.7438 9.4392 3
-8.4720 8.5142 3
-8.7825 10.5893 3
-9.6358 10.7838 3
-8.4683 9.4734 3
-9.6564 9.6217 3
-7.9483 8.5004 3
-7.5674 10.4187 3
-9.2707 10.5312 3
-9.1138 10.5378 3
-9.3303 8.5764 3
-7.8903 9.1819 3
-10.1591 7.6022 3
-8.8489 9.2276 3
-8.7420 9.2032 3
-7.8382 9.3233 3
-11.0593 7.3719 3
-9.0801 8.2080 3
-8.8809 9.4209 3
-8.5592 10.1701 3
-7.5981 8.4132 3
-8.1906 8.3280 3
-8.3438 7.6226 3
-9.0281 8.9370 3
-10.7080 9.1207 3
-8.1859 8.4339 3
-10.5141 9.0440 3
-9.7774 7.4780 3
-8.1833 9.1512 3
-9.0962 8.3403 3
-9.0491 8.9848 3
-9.4009 8.1986 3
-8.5031 9.9269 3
-8.1491 9.3657 3
-7.7860 8.5733 3
-12.1696 7.2108 3
-10.1369 6.9621 3
-8.8526 9.1812 3
-8.0371 8.4520 3
-7.7228 10.0096 3
-8.4568 9.5521 3
-9.8220 7.4822 3
-9.8349 8.0841 3
-8.4151 8.9566 3
-8.4896 9.8198 3
-9.7675 9.0843 3
-9.1473 8.2821 3
-8.2307 9.8963 3
-10.5604 7.9854 3
-8.7531 9.2002 3
-8.0757 10.3746 3
-10.2961 7.2905 3
-9.1505 10.0983 3
-8.2325 9.7492 3
-9.4818 8.6926 3
-8.7988 8.1436 3
-8.5730 8.6969 3
-7.8875 9.8973 3
-9.7438 8.2815 3
-9.2809 8.7720 3
-8.0934 8.3183 3
-9.2186 7.5323 3
-10.1530 7.6313 3
-9.0852 7.4868 3
-9.4420 8.5357 3
-8.0751 8.9291 3
-8.9610 9.3611 3
-7.7195 10.3133 3
-8.1389 9.0047 3
-8.4347 8.2495 3
-9.5599 10.1648 3
-9.6472 9.7346 3
-9.1238 8.9435 3
-9.7042 9.9595 3
-8.7516 10.0490 3
-8.7073 10.0744 3
-8.6905 9.1471 3
-7.8832 10.2197 3
-9.7494 11.1489 3
-9.5339 9.1834 3
-8.4314 9.0348 3
-9.1736 8.4490 3
-9.2278 8.2172 3
-9.3089 10.1115 3
-10.1974 9.2599 3
-8.2982 9.3818 3
-8.1585 8.6781 3
-8.9391 9.6243 3
-10.9987 9.4670 3
-9.5557 9.1072 3
-8.4669 11.1965 3
-8.8650 8.2946 3
-7.8509 9.7518 3
-8.4353 10.0343 3
-8.4683 8.4002 3
-8.0071 9.3929 3
-7.3618 8.9159 3
-9.4769 7.4099 3
-8.8900 10.8463 3
-8.8146 8.9400 3
-9.5728 10.5932 3
-10.6637 7.3890 3
-9.0422 7.7083 3
-9.5165 8.7502 3
-10.4691 8.1167 3
-8.5740 10.5983 3
-9.5126 8.2403 3
-9.1928 9.0473 3
-9.0451 8.5190 3
-8.3145 8.5575 3
-8.7156 10.5014 3
-8.0443 8.4911 3
-8.5133 7.6169 3
-10.1596 7.9998 3
-9.0304 9.1435 3
-11.3327 9.1425 3
-7.2460 10.9238 3
-8.5637 8.8905 3
-8.9173 8.6209 3
-9.5264 7.3190 3
-8.2061 8.4834 3
-8.1622 11.7553 3
-9.7739 8.7652 3
-9.8946 8.8242 3
-7.8654 8.8921 3
-8.3698 10.2920 3
-9.2530 10.3671 3
-9.7812 7.3181 3
-9.9557 7.5508 3
7.5524 3.6707 4
8.2282 2.1765 4
8.5667 3.4052 4
7.4150 2.2373 4
6.2474 2.5189 4
7.0758 2.2221 4
7.7142 3.8365 4
6.4488 3.4242 4
6.3084 1.8063 4
9.5352 1.6212 4
7.5554 3.3840 4
6.8285 1.4663 4
7.4952 2.2638 4
6.8956 3.1341 4
7.8231 1.7728 4
8.2264 4.6201 4
7.6436 3.2551 4
8.3583 5.2135 4
7.5261 2.8619 4
7.7178 2.4956 4
7.5904 3.1912 4
8.6515 4.0992 4
8.1302 3.3098 4
7.0537 3.9196 4
8.9351 1.7581 4
6.7472 -0.2930 4
8.3011 3.1120 4
6.6651 2.8874 4
7.6105 2.4306 4
6.8295 3.3928 4
8.2658 3.3423 4
10.1476 3.7471 4
9.1135 2.6805 4
7.1109 2.3357 4
6.7702 1.6244 4
7.9886 2.6345 4
9.9589 3.9859 4
8.1918 2.8278 4
8.5495 3.3523 4
7.2695 2.6762 4
6.7610 2.1014 4
6.7032 1.4519 4
8.0383 4.2308 4
7.7484 3.5856 4
6.9387 2.5796 4
9.8260 2.9635 4
6.9939 2.3217 4
9.6721 3.6415 4
6.6132 2.8460 4
6.7730 3.4758 4
7.7753 1.7817 4
7.2889 2.3559 4
7.6262 2.4557 4
8.3718 2.8219 4
8.1208 0.8557 4
6.3894 3.1641 4
6.8928 2.1839 4
8.0880 2.1010 4
8.5125 4.0626 4
7.6413 2.8602 4
9.6357 1.9911 4
5.8813 2.5278 4
7.9515 2.4102 4
8.0586 3.7617 4
7.0167 2.1609 4
8.6433 2.7870 4
9.7633 4.7653 4
7.6814 2.8170 4
8.5552 3.9635 4
8.0592 3.6477 4
8.0347 3.2573 4
9.8497 3.3923 4
6.5053 2.4006 4
6.8954 3.1028 4
8.1691 1.4025 4
8.8606 3.3760 4
7.2290 4.3617 4
7.4481 3.4527 4
8.6994 2.2539 4
7.1458 3.1724 4
8.1406 2.3049 4
9.9345 5.0673 4
8.0659 2.6671 4
8.7407 3.3692 4
9.8026 2.3164 4
8.6617 3.1160 4
8.4700 2.7799 4
7.7687 2.9046 4
7.9341 2.5914 4
6.3529 2.4801 4
6.2365 2.2328 4
7.4134 1.6601 4
8.6254 1.7414 4
8.3630 1.7733 4
7.9998 1.6388 4
8.7456 2.1966 4
6.8142 0.4322 4
8.8871 3.7558 4
8.1354 3.9945 4
6.0898 3.0965 4
7.9013 2.3449 4
8.5682 3.3503 4
9.4382 2.6625 4
7.9148 2.4985 4
6.4105 2.4934 4
7.9464 3.2988 4
9.4202 2.2230 4
5.6212 2.6964 4
9.0590 3.0853 4
7.2926 2.7845 4
7.5349 3.4147 4
8.4615 4.9107 4
8.4647 4.7338 4
8.0471 1.8193 4
8.4542 1.0272 4
9.1050 2.6903 4
6.9006 2.3035 4
6.1483 1.9162 4
7.0017 4.0777 4
6.3900 2.9076 4
8.6506 3.5862 4
7.8546 3.1964 4
7.8973 3.1798 4
8.2112 2.5238 4
5.5464 1.9897 4
7.8307 2.3208 4
5.9865 2.1828 4
8.6265 3.8510 4
8.3274 2.3679 4
8.3041 3.3221 4
6.6550 3.8987 4
9.2276 2.3680 4
8.0871 3.4707 4
10.5596 3.9048 4
9.5735 1.5703 4
9.2082 3.0583 4
8.3086 2.9082 4
8.7818 4.4909 4
7.5460 2.3400 4
6.7982 1.9167 4
7.4466 4.1965 4
7.2870 1.3307 4
9.1705 4.4206 4
8.8230 3.9141 4
7.4240 2.3708 4
7.1439 2.3699 4
8.0934 3.1484 4
7.1011 2.8416 4
7.5336 1.6403 4
6.9848 1.7780 4
9.0243 2.9720 4
6.8982 2.6968 4
7.3733 2.4651 4
7.4817 2.8856 4
7.5102 3.8974 4
9.6650 5.1082 4
8.7050 3.7837 4
8.6509 4.0838 4
8.0833 2.9918 4
8.7166 2.8465 4
