6.0077 -10.7935 0
6.3740 -10.4932 0
6.0967 -9.8117 0
6.4206 -9.9674 0
6.1854 -10.0431 0
4.9181 -8.8088 0
4.8839 -10.0620 0
6.3326 -11.2816 0
5.6034 -9.9370 0
5.6520 -12.0641 0
5.4699 -10.8440 0
7.9180 -9.3682 0
7.0179 -9.8341 0
5.5099 -10.2729 0
5.7772 -11.4996 0
3.9851 -10.1802 0
5.6777 -9.6241 0
5.1989 -10.1310 0
6.2340 -9.5832 0
7.2488 -7.2745 0
5.3751 -10.4360 0
6.8980 -8.8608 0
6.7410 -9.8192 0
7.1997 -9.7840 0
6.2359 -10.4394 0
6.1363 -10.7954 0
6.3612 -9.5711 0
6.4390 -10.2631 0
3.2548 -10.5501 0
5.3981 -11.3121 0
5.2974 -10.1086 0
6.6741 -10.5058 0
7.3184 -7.9950 0
5.6117 -8.4250 0
6.1961 -10.4207 0
4.5540 -9.6883 0
7.2367 -8.0795 0
4.8131 -10.0874 0
6.0172 -9.3072 0
4.2402 -10.4707 0
5.1236 -9.7706 0
6.5951 -8.8503 0
6.8746 -9.8039 0
7.0928 -8.7900 0
4.8304 -10.9319 0
6.5006 -8.8319 0
5.7295 -10.5014 0
5.5136 -10.3153 0
5.7719 -10.0853 0
7.3255 -9.2413 0
5.8915 -9.4678 0
5.6620 -9.7021 0
5.0905 -12.4277 0
5.0769 -9.5484 0
5.8873 -8.5765 0
5.5594 -10.0090 0
5.1646 -9.6434 0
6.5514 -11.3202 0
6.9201 -8.3603 0
7.0900 -10.0981 0
6.2858 -11.0104 0
5.9136 -9.9764 0
5.5211 -10.2801 0
6.2393 -9.5184 0
5.4241 -11.3041 0
5.3691 -9.8429 0
6.3440 -9.3671 0
6.4624 -10.6178 0
6.3971 -8.2129 0
7.9745 -8.4222 0
6.9279 -7.3029 0
7.2571 -11.1450 0
5.6695 -11.4139 0
7.1638 -8.8715 0
6.3072 -8.0855 0
7.1114 -9.9423 0
6.1942 -9.0756 0
6.2449 -9.7027 0
5.5611 -10.7323 0
6.2543 -8.5765 0
5.5277 -10.2039 0
5.8309 -9.2444 0
6.4294 -8.9196 0
7.4210 -8.9271 0
6.9183 -9.6495 0
5.3573 -10.0286 0
5.5967 -9.5388 0
8.3291 -10.5274 0
7.9553 -9.5571 0
7.2242 -10.1224 0
6.0946 -9.5706 0
4.8241 -11.4345 0
5.2560 -11.2438 0
6.5871 -10.1841 0
7.3323 -9.0133 0
5.5558 -9.9421 0
6.3552 -8.5396 0
7.7073 -10.0905 0
6.8466 -11.2080 0
6.1555 -12.0419 0
5.7971 -9.6316 0
7.0489 -8.7159 0
4.5290 -8.7836 0
4.9692 -11.8507 0
6.3051 -8.4920 0
4.9779 -8.8897 0
5.6185 -9.7202 0
7.8920 -8.8011 0
6.3383 -9.9703 0
5.3497 -9.6438 0
6.4391 -9.7339 0
6.2428 -9.6976 0
6.2724 -9.2678 0
5.7662 -8.8080 0
4.9325 -10.0980 0
5.9084 -10.2083 0
7.1348 -8.6099 0
3.5472 -12.0976 0
5.2959 -10.8681 0
5.8329 -9.1806 0
3.4992 -12.0116 0
4.0532 -10.0339 0
7.2780 -9.0896 0
6.4870 -7.2323 0
5.3231 -10.9103 0
5.0286 -11.0783 0
3.5157 -9.9899 0
5.5692 -10.3547 0
6.1200 -8.0696 0
4.0486 -11.1869 0
5.6003 -9.2437 0
6.5914 -10.3421 0
7.7809 -10.9345 0
7.7613 -10.0298 0
5.6986 -10.8765 0
7.2708 -9.3757 0
6.2123 -10.6023 0
5.4803 -9.5257 0
6.4127 -9.8561 0
5.4693 -8.7555 0
6.3640 -9.6320 0
3.8026 -10.3427 0
5.5047 -9.5410 0
6.5129 -9.8587 0
5.3848 -9.6289 0
4.3205 -11.5614 0
7.4552 -8.6509 0
5.3425 -8.4864 0
4.6944 -12.6003 0
4.6676 -11.8143 0
8.2160 -7.5042 0
6.8050 -10.0290 0
6.2186 -11.3987 0
7.0911 -10.3998 0
7.3113 -9.2244 0
6.4509 -7.5738 0
6.8551 -10.6907 0
6.4013 -9.3320 0
5.0377 -9.5161 0
5.9685 -9.8502 0
10.2168 9.2682 1
10.6897 13.8089 1
7.0060 10.9765 1
7.9524 11.4969 1
8.3613 9.5491 1
6.8732 10.2735 1
9.5083 12.1258 1
10.0856 12.5850 1
10.4912 12.0121 1
9.7912 12.5595 1
9.2808 11.4328 1
9.1982 12.8740 1
9.2116 12.3320 1
9.0999 14.7140 1
7.7937 11.2278 1
8.7484 12.3833 1
9.2559 11.7801 1
8.1947 12.7697 1
8.0813 12.1034 1
9.4040 12.7543 1
10.4358 13.7087 1
8.7387 12.7095 1
9.0230 12.4998 1
9.0956 12.1955 1
8.2859 10.9510 1
8.5768 12.7672 1
8.9892 13.3614 1
10.8980 13.0287 1
8.7029 12.0486 1
10.0663 11.4385 1
9.7316 12.4685 1
9.2090 12.4840 1
9.8671 11.7273 1
8.5949 11.4236 1
9.4619 12.2563 1
11.3210 13.8618 1
8.5208 9.3890 1
8.5245 11.3823 1
9.1661 9.9871 1
7.9192 10.9727 1
9.6332 12.1457 1
8.9519 10.7135 1
8.3787 11.7686 1
8.9389 12.0900 1
9.7637 13.1840 1
9.3931 13.3318 1
7.7317 13.7337 1
9.7257 12.1390 1
9.1027 11.9670 1
7.0984 12.1434 1
8.4814 11.3973 1
10.6555 11.4663 1
8.5220 11.6984 1
8.5450 11.7952 1
9.3619 12.1651 1
9.9580 13.1462 1
8.8858 10.9105 1
9.7830 12.3495 1
8.7099 12.4625 1
9.9565 13.3916 1
10.6368 13.4737 1
8.8273 11.3955 1
7.9922 11.1611 1
9.3802 12.5328 1
11.5063 12.2696 1
7.5582 10.6800 1
9.0930 10.5208 1
7.7269 10.2430 1
8.5610 12.6206 1
9.0135 10.7763 1
8.4533 12.3115 1
8.8262 12.1176 1
8.9708 9.2246 1
8.2209 12.0019 1
9.4018 11.7546 1
9.0993 12.0448 1
10.0819 13.2828 1
8.5836 12.2494 1
8.7895 11.1545 1
7.1907 11.8868 1
10.0494 12.6818 1
7.9733 12.4143 1
11.0946 10.9629 1
9.6646 12.6680 1
8.0838 10.8782 1
9.3018 12.1755 1
9.7005 10.7420 1
7.7592 11.9504 1
8.4382 11.0628 1
7.9679 10.8135 1
8.9514 13.3317 1
8.4237 12.8124 1
10.4078 11.0787 1
8.5061 11.4414 1
10.1449 10.8904 1
8.1449 11.6570 1
7.9579 10.7775 1
8.2589 12.1344 1
7.8382 12.5521 1
9.2925 10.8813 1
11.0323 12.4065 1
10.2991 14.1173 1
9.3118 12.1723 1
8.5120 10.7778 1
9.5817 13.5640 1
10.2783 15.2203 1
10.6262 12.7216 1
10.0113 11.5230 1
8.9446 12.0624 1
7.4895 11.4726 1
8.5397 12.3207 1
8.2219 10.9937 1
10.4424 11.3178 1
8.8239 11.5533 1
10.5501 12.9474 1
11.3897 11.1995 1
9.6839 11.2728 1
9.3615 13.1520 1
9.0165 13.8040 1
7.8544 11.0792 1
8.1760 11.8823 1
10.1575 11.1422 1
9.5094 11.0144 1
10.2403 12.6164 1
9.9215 10.8445 1
7.9644 11.2911 1
8.7197 11.6496 1
8.9780 11.0358 1
9.4198 12.9723 1
10.0809 12.4026 1
9.1514 10.6751 1
8.5731 12.5883 1
9.1781 12.7838 1
9.4345 13.1820 1
10.6929 12.5411 1
10.1289 12.3439 1
8.5331 12.0460 1
9.9050 13.1110 1
8.6358 12.1340 1
9.1763 12.1102 1
9.2494 10.8912 1
8.5646 10.2600 1
9.9380 12.3851 1
10.9918 11.5749 1
9.4020 12.0068 1
8.5608 11.6266 1
8.7772 11.4086 1
9.1145 11.8046 1
9.2394 11.9611 1
9.0792 10.5942 1
8.7878 11.5088 1
8.0917 11.5501 1
9.5882 12.2390 1
10.0317 13.0945 1
12.6921 14.9951 1
8.2827 12.4361 1
8.8667 11.7691 1
9.5495 12.2658 1
8.6615 11.9015 1
7.3415 11.2014 1
11.1981 -7.5779 2
11.4948 -7.8674 2
12.1743 -6.4991 2
12.4156 -7.6259 2
11.2864 -7.8714 2
11.1927 -8.2144 2
12.0275 -5.5248 2
10.8370 -8.4276 2
12.4790 -7.1564 2
12.7109 -7.0742 2
11.9020 -8.1798 2
10.2663 -7.6613 2
11.3479 -8.0151 2
11.4748 -6.2033 2
12.4759 -7.7278 2
11.2239 -7.1779 2
11.3822 -8.0329 2
11.1073 -8.0490 2
11.6559 -7.8168 2
12.1527 -7.2744 2
11.7819 -6.4477 2
11.4190 -6.7949 2
12.5864 -6.6287 2
11.2614 -5.1857 2
11.6897 -6.9879 2
11.9542 -6.6019 2
13.1070 -6.6929 2
10.1478 -8.8593 2
12.7032 -6.2409 2
12.4417 -6.0791 2
12.1274 -6.5892 2
11.5665 -7.0223 2
11.5121 -5.3648 2
10.9169 -6.4856 2
12.3619 -5.5147 2
13.7697 -6.2033 2
11.5602 -6.7717 2
10.7561 -6.8870 2
11.4579 -7.5277 2
10.8360 -7.8509 2
10.8950 -7.2760 2
12.7508 -5.6759 2
11.8558 -8.9223 2
12.8226 -7.0113 2
10.4651 -7.0927 2
11.5163 -6.6475 2
12.9734 -6.8330 2
12.0675 -7.6578 2
13.2382 -7.8083 2
11.7976 -7.5132 2
12.2099 -8.1381 2
12.6199 -6.6625 2
11.4183 -8.0192 2
10.8124 -6.9519 2
13.8675 -7.3232 2
12.8482 -6.2738 2
12.9258 -7.5604 2
12.1556 -8.5789 2
12.4679 -6.5191 2
10.7241 -7.2680 2
13.1125 -6.6448 2
12.5097 -7.8108 2
11.2541 -6.4033 2
11.1156 -7.3617 2
12.2328 -6.4504 2
12.4680 -6.5446 2
11.8393 -6.7281 2
13.2237 -7.2684 2
11.5205 -6.4884 2
10.9055 -7.6952 2
14.2650 -7.1142 2
13.0262 -5.2697 2
10.3990 -7.4479 2
12.6741 -6.1484 2
10.8599 -7.6670 2
11.0052 -7.8958 2
14.3821 -4.7414 2
11.6091 -7.3186 2
10.4635 -7.9027 2
8.8910 -8.0903 2
12.5426 -5.4866 2
11.3959 -7.4446 2
12.2833 -5.7975 2
12.8316 -5.3874 2
11.1480 -6.1928 2
11.5365 -7.0336 2
12.1547 -8.3040 2
12.0745 -6.5817 2
12.5303 -7.2390 2
11.4837 -5.8026 2
12.2695 -5.2109 2
10.9447 -8.6428 2
9.8738 -7.3843 2
11.5766 -7.8163 2
12.0562 -5.3224 2
11.8198 -6.8781 2
11.4663 -6.6000 2
13.0397 -6.9360 2
11.0247 -5.7334 2
12.3613 -8.8168 2
10.9458 -8.5171 2
11.7237 -6.9446 2
11.7226 -7.1475 2
11.1294 -6.3870 2
11.8094 -7.5224 2
10.5124 -7.4337 2
12.7307 -6.1054 2
12.0141 -6.4885 2
11.6108 -8.1616 2
10.9810 -7.0490 2
12.8516 -4.9615 2
12.3601 -7.6268 2
12.0697 -8.7219 2
12.1816 -6.5607 2
11.8924 -6.1328 2
11.7574 -6.8826 2
12.5824 -6.9402 2
11.1923 -8.4411 2
12.0484 -6.0159 2
12.7206 -7.7012 2
14.0714 -5.1005 2
12.7209 -7.4515 2
11.1986 -6.9932 2
13.6325 -7.4866 2
10.5485 -7.7964 2
12.1040 -7.6729 2
12.2845 -5.2386 2
10.0991 -7.2883 2
12.7897 -6.3012 2
12.1905 -7.2409 2
12.4020 -6.6658 2
13.0700 -6.2019 2
10.7644 -9.0621 2
12.0845 -6.5508 2
13.0933 -5.9430 2
11.5126 -6.9167 2
11.7459 -6.6732 2
11.9660 -6.9581 2
12.7517 -7.5531 2
11.5223 -6.2129 2
11.6172 -6.0563 2
12.4354 -9.3465 2
10.8049 -7.4075 2
10.9270 -7.6057 2
13.3056 -7.0406 2
11.5397 -6.8538 2
13.5090 -8.0400 2
11.3786 -7.1950 2
11.7129 -8.7597 2
12.5706 -7.7300 2
12.0729 -6.9805 2
12.2968 -6.0255 2
12.7735 -4.5372 2
12.3362 -7.1338 2
10.3994 -8.3146 2
13.5895 -5.5523 2
11.9133 -8.9884 2
13.6884 -5.9982 2
11.8914 -7.1552 2
10.9956 -10.0052 2
0.8034 -4.3145 3
-0.4218 -4.8372 3
-0.3210 -4.4781 3
-0.4845 -5.3581 3
1.1246 -4.0772 3
0.8148 -3.7055 3
-0.1081 -5.8257 3
1.7083 -4.3117 3
2.6800 -3.7059 3
-0.3076 -5.5541 3
0.4200 -3.8739 3
1.1963 -5.2045 3
0.8051 -3.6841 3
1.8361 -4.2861 3
0.7384 -3.9644 3
0.3885 -4.2001 3
2.7117 -2.3233 3
0.4401 -4.8082 3
1.6942 -2.9403 3
0.7033 -5.0167 3
2.2962 -2.7794 3
-0.2437 -4.0534 3
0.2293 -4.5366 3
1.4510 -2.3552 3
-1.3547 -3.8026 3
0.0410 -3.9720 3
0.7683 -2.7782 3
1.1408 -4.9411 3
0.7892 -3.0816 3
0.5982 -4.6166 3
2.3499 -1.8776 3
1.9583 -4.6548 3
-0.3454 -3.8307 3
1.3792 -3.0694 3
-0.3811 -4.8161 3
0.5432 -2.9315 3
1.5008 -2.2724 3
2.0938 -4.6830 3
2.0082 -2.6428 3
1.4827 -2.4885 3
0.9863 -4.6904 3
1.6875 -3.0510 3
-0.4964 -3.3098 3
2.4212 -4.7435 3
2.0390 -2.3567 3
0.0757 -4.9330 3
1.6719 -2.5385 3
1.3152 -4.3068 3
1.2166 -4.0927 3
-0.3951 -6.1350 3
0.9515 -4.3307 3
0.5922 -5.0987 3
2.1454 -3.9373 3
0.1627 -3.9012 3
0.5883 -4.7758 3
0.6553 -4.4328 3
-0.4986 -3.5979 3
-0.2444 -5.1123 3
2.4141 -3.6283 3
2.0147 -2.4876 3
1.5102 -4.3264 3
0.7344 -3.2867 3
0.4051 -3.7371 3
0.7990 -3.0052 3
1.0035 -2.8040 3
2.4308 -4.7771 3
2.7294 -2.9289 3
1.3508 -4.7038 3
0.9069 -5.6800 3
-1.1799 -3.7245 3
1.0675 -3.5359 3
2.5529 -4.3501 3
0.8749 -2.8368 3
1.2765 -3.3523 3
0.2588 -5.1979 3
-0.8296 -5.5915 3
-0.1715 -5.7788 3
-0.9506 -3.3882 3
1.9434 -3.4780 3
0.0911 -5.0717 3
0.6909 -3.2817 3
-0.6568 -6.0522 3
1.5769 -3.3309 3
1.4156 -4.7343 3
2.2414 -2.7520 3
2.0203 -3.7987 3
2.0756 -2.7021 3
-0.2250 -3.9005 3
0.5996 -4.9474 3
1.9264 -2.2212 3
-0.8780 -5.0003 3
2.0562 -3.6318 3
-0.6893 -2.3163 3
0.7608 -3.2328 3
1.2885 -4.3412 3
0.9215 -2.7478 3
1.2491 -3.5407 3
2.6891 -4.5451 3
1.0223 -3.9378 3
0.8975 -4.2862 3
0.4543 -4.6596 3
2.7570 -3.8033 3
2.4501 -4.5240 3
-0.2406 -5.6158 3
1.4554 -3.1294 3
-0.3701 -2.6607 3
1.9792 -4.3328 3
1.8680 -3.6817 3
1.8044 -4.1031 3
0.8236 -3.2171 3
0.1193 -4.4359 3
0.8337 -2.8021 3
-0.9244 -4.5793 3
1.0079 -4.0345 3
0.3184 -4.0895 3
0.0486 -4.7043 3
2.2689 -3.0507 3
-0.3487 -3.8953 3
0.8345 -2.6437 3
0.4543 -4.7213 3
1.8698 -3.3176 3
0.7229 -3.5554 3
-0.1629 -3.6775 3
-0.0101 -4.8872 3
0.7532 -3.7458 3
2.1733 -3.6891 3
2.7179 -2.8115 3
0.3595 -4.0167 3
1.3017 -2.4032 3
1.9465 -3.9417 3
0.6956 -4.5647 3
0.0095 -6.5396 3
1.8273 -5.0835 3
0.5011 -4.6612 3
0.0203 -5.7956 3
1.4257 -4.3180 3
-1.2063 -4.7552 3
0.7850 -4.9185 3
0.3390 -3.9725 3
1.3688 -3.4299 3
0.9818 -4.0805 3
2.9272 -2.8237 3
1.2165 -3.8843 3
3.3549 -3.8699 3
1.9681 -3.8795 3
2.2155 -3.1620 3
1.0605 -5.8602 3
0.8500 -2.3125 3
2.2424 -2.1072 3
-0.3636 -4.5126 3
1.2636 -3.1995 3
1.5329 -2.0448 3
0.0837 -4.6939 3
1.6219 -2.8884 3
1.2036 -2.0913 3
0.4940 -2.8323 3
2.7960 -4.2418 3
-0.4253 -2.6441 3
0.5330 -3.3518 3
1.1730 -3.2107 3
13.5142 -8.7156 4
12.6979 -8.6103 4
14.5350 -8.2427 4
13.9022 -9.0871 4
14.9180 -7.4364 4
11.4284 -10.2945 4
14.0830 -9.9799 4
13.1537 -10.0531 4
15.0071 -7.9693 4
14.6351 -8.4785 4
11.8812 -10.9993 4
13.1139 -8.9264 4
15.0429 -8.2933 4
15.6031 -6.6743 4
14.2288 -9.0836 4
12.9067 -10.3821 4
15.0757 -8.6766 4
14.6226 -9.5446 4
13.8748 -8.8461 4
11.9526 -9.0149 4
14.1018 -8.8740 4
14.7667 -8.0235 4
14.2521 -8.5931 4
13.7395 -9.3824 4
14.4023 -9.1154 4
13.0836 -9.0057 4
14.0645 -9.4070 4
13.4035 -9.8299 4
14.4419 -10.5479 4
14.6280 -10.4438 4
16.1940 -8.7906 4
15.0804 -7.5058 4
13.9179 -10.1570 4
14.1298 -8.0121 4
13.6338 -7.7071 4
14.7117 -7.5344 4
14.6571 -7.5547 4
14.0514 -7.8442 4
15.7896 -7.1530 4
13.7807 -7.9243 4
13.9207 -10.2545 4
13.8227 -8.6733 4
12.4437 -7.4390 4
14.2108 -9.3770 4
13.4608 -7.7989 4
13.5517 -9.2005 4
13.8171 -8.6959 4
14.6994 -8.0223 4
13.8137 -9.7008 4
15.4751 -7.4331 4
13.8049 -9.7658 4
14.1456 -8.5595 4
16.6164 -8.3008 4
14.0165 -8.9941 4
12.6880 -11.1748 4
13.4699 -9.6720 4
14.9841 -8.1643 4
12.6203 -10.0621 4
13.8349 -10.4094 4
13.5547 -7.7366 4
13.8300 -8.0726 4
14.5373 -7.5288 4
11.5613 -10.8061 4
12.6339 -9.2204 4
15.4734 -8.7924 4
14.6478 -7.9344 4
14.2041 -9.0425 4
13.7657 -10.0845 4
14.5403 -8.9123 4
12.5433 -8.6952 4
16.3931 -6.7301 4
15.4098 -8.6591 4
12.5653 -10.3609 4
15.1877 -8.9077 4
14.4209 -9.1333 4
13.6344 -8.1652 4
15.1713 -8.3339 4
14.9926 -10.1299 4
14.4450 -12.6578 4
14.0930 -8.0639 4
15.1770 -8.0873 4
14.3772 -9.0378 4
14.9193 -8.3824 4
14.0202 -8.8149 4
15.2694 -7.9154 4
12.6376 -11.0855 4
14.1076 -9.1461 4
15.1473 -9.1473 4
12.2146 -9.2407 4
13.0076 -8.2900 4
11.6907 -9.1242 4
13.5822 -7.9002 4
14.2696 -10.7850 4
12.9799 -7.9379 4
14.1740 -10.1091 4
14.4915 -9.4472 4
15.2847 -8.2766 4
16.2508 -6.9802 4
13.6180 -7.3413 4
13.5984 -8.9581 4
14.9606 -9.3059 4
14.1051 -8.1727 4
14.4093 -9.7821 4
14.5995 -7.7683 4
13.6796 -9.6554 4
14.5560 -7.4395 4
14.4364 -8.5840 4
13.9840 -8.6449 4
13.9114 -8.4420 4
15.0402 -8.0990 4
12.7074 -9.6726 4
13.2266 -10.7089 4
14.7761 -8.6740 4
12.5252 -10.1866 4
13.1991 -9.7989 4
15.2949 -8.6123 4
14.2617 -10.4354 4
14.8329 -8.2090 4
14.4283 -9.2081 4
11.5220 -10.6368 4
13.3583 -8.5992 4
14.5787 -10.1047 4
14.1398 -8.8759 4
15.4517 -8.1151 4
13.1464 -9.9352 4
12.3837 -9.1194 4
14.1334 -9.5880 4
14.3922 -8.0971 4
14.8495 -8.3475 4
13.0635 -9.6781 4
14.3094 -7.4386 4
15.3384 -8.6809 4
14.4506 -9.4707 4
14.5530 -9.2440 4
13.0000 -9.9898 4
13.9695 -8.3162 4
14.2488 -9.4954 4
14.2335 -9.4486 4
13.4960 -10.9470 4
14.0589 -10.4152 4
15.2766 -9.9818 4
16.2896 -7.3939 4
14.5695 -8.7537 4
14.8733 -8.5685 4
14.3111 -9.3038 4
14.3687 -9.1814 4
13.6736 -9.1369 4
15.6836 -7.9757 4
14.0040 -9.0084 4
15.6967 -8.4237 4
11.3165 -11.3907 4
13.3574 -10.3484 4
15.2223 -10.1827 4
12.7987 -8.5887 4
13.4724 -9.0441 4
13.9528 -9.8678 4
16.4402 -6.6642 4
12.7808 -9.7638 4
13.3413 -9.6117 4
12.7614 -10.4333 4
