-12.6508 -8.9365 0
-12.6194 -10.5884 0
-12.3440 -9.1603 0
-12.8682 -9.6726 0
-11.3054 -8.3534 0
-13.0211 -9.3267 0
-12.8650 -10.7009 0
-11.8180 -9.3331 0
-12.9538 -9.1913 0
-14.1463 -9.6331 0
-12.2431 -8.6744 0
-10.2593 -8.1660 0
-10.8204 -8.4179 0
-11.8323 -8.6019 0
-10.9577 -8.1622 0
-11.7507 -10.1657 0
-12.6855 -7.3116 0
-11.8925 -10.5381 0
-12.6256 -10.4919 0
-10.5055 -8.7820 0
-12.1256 -10.5751 0
-11.9282 -10.3462 0
-11.8218 -8.9883 0
-9.8313 -7.9603 0
-12.4446 -9.8377 0
-11.4049 -8.4126 0
-11.8108 -8.9839 0
-13.5469 -9.2057 0
-11.0689 -7.0988 0
-10.7421 -8.4412 0
-11.4112 -9.3942 0
-12.1018 -10.6298 0
-12.4711 -11.2073 0
-10.1988 -9.4138 0
-11.8949 -8.6563 0
-12.8105 -10.1787 0
-12.8053 -8.9156 0
-11.1580 -10.0137 0
-11.0152 -7.3282 0
-13.1340 -11.4184 0
-12.2570 -9.4444 0
-11.9682 -10.1236 0
-12.1531 -8.4915 0
-10.8201 -7.6880 0
-13.3454 -9.5508 0
-12.2748 -9.0873 0
-11.6382 -8.9659 0
-8.6126 -9.2869 0
-12.8423 -8.5050 0
-12.2401 -9.4584 0
-14.5926 -10.3907 0
-12.1916 -8.4938 0
-13.1467 -7.9312 0
-10.6771 -8.5502 0
-12.5669 -8.4937 0
-11.4565 -9.2654 0
-10.9795 -9.1373 0
-12.6756 -9.1676 0
-11.7057 -9.1293 0
-12.9518 -9.4911 0
-10.4150 -9.3398 0
-10.2731 -8.7090 0
-11.4558 -7.7706 0
-10.6968 -10.9677 0
-10.9468 -8.9509 0
-12.3146 -9.5509 0
-12.2703 -9.0565 0
-11.5929 -8.4351 0
-11.7619 -9.4485 0
-11.4984 -7.4443 0
-10.5531 -7.4744 0
-12.5156 -8.5943 0
-11.6663 -9.6066 0
-12.9176 -8.9021 0
-11.3935 -9.1431 0
-10.4197 -8.9814 0
-11.2032 -8.7824 0
-12.7681 -8.8677 0
-12.2345 -7.3503 0
-11.7715 -9.7373 0
-11.4843 -9.3073 0
-12.1131 -10.6058 0
-10.8203 -8.6373 0
-13.1440 -10.3982 0
-12.6776 -10.2558 0
-11.8407 -8.8399 0
-12.5593 -8.5704 0
-10.7345 -8.3907 0
-10.9325 -8.8251 0
-12.2597 -9.5983 0
-11.3791 -9.5671 0
-11.6054 -10.1823 0
-12.0672 -10.2859 0
-13.0238 -8.9387 0
-11.8747 -8.0552 0
-11.1790 -8.1713 0
-12.0589 -9.7542 0
-11.5954 -8.9593 0
-11.6054 -8.2250 0
-11.1986 -8.0850 0
-12.3647 -9.3257 0
-11.1386 -7.6170 0
-10.8261 -8.3490 0
-12.4428 -9.2808 0
-13.3678 -10.0932 0
-12.9520 -11.2712 0
-11.6839 -7.9454 0
-11.9843 -7.7184 0
-13.7276 -10.1950 0
-13.0075 -7.8521 0
-11.8000 -7.7514 0
-10.7024 -9.0521 0
-12.0746 -9.5030 0
-11.3366 -8.9810 0
-11.5220 -8.7550 0
-12.8729 -9.6215 0
-9.1109 -9.8871 0
-11.9147 -9.3126 0
-11.5369 -8.4926 0
-11.4634 -8.1636 0
-11.9924 -8.7127 0
-12.2807 -9.7271 0
-12.0505 -10.0451 0
-12.0015 -9.9890 0
-12.2708 -12.3375 0
-11.4904 -10.0147 0
-12.6340 -8.0605 0
-11.7492 -8.4900 0
-13.0978 -10.1105 0
-10.1320 -8.9418 0
-10.6485 -8.4897 0
-12.1480 -9.7998 0
-13.2714 -8.6928 0
-14.6314 -9.2235 0
-13.6400 -8.8724 0
-11.8003 -7.9402 0
-12.8964 -9.1989 0
-11.3382 -8.0931 0
-11.7902 -8.8244 0
-11.6763 -8.7880 0
-12.1080 -8.1741 0
-12.5169 -9.9184 0
-12.5259 -11.4911 0
-12.3067 -9.5061 0
-12.3382 -9.8977 0
-11.7973 -10.1629 0
-11.7603 -9.1567 0
-13.5687 -10.7905 0
-13.0863 -9.8716 0
-11.1569 -9.0094 0
-12.6587 -10.5067 0
-11.7642 -8.9821 0
-12.4706 -10.4193 0
-11.4894 -9.0920 0
-13.0685 -8.1978 0
-10.9198 -9.1343 0
-10.6862 -7.9401 0
-10.9517 -8.0472 0
-13.7298 -9.7474 0
-11.4337 -8.5085 0
-4.6646 -0.5123 1
-6.4035 0.7005 1
-4.1399 0.7131 1
-4.9668 0.8180 1
-4.2589 1.9489 1
-5.6891 1.3201 1
-4.5260 -0.3554 1
-4.6038 0.7469 1
-3.9193 2.5240 1
-2.4734 2.9938 1
-4.3387 0.2780 1
-4.1711 1.9080 1
-4.1183 0.7504 1
-5.2185 1.3629 1
-5.6332 0.0911 1
-3.8122 1.0775 1
-4.7012 0.7512 1
-5.9154 -0.4219 1
-4.7537 1.3907 1
-5.3261 -0.6778 1
-6.1408 0.4422 1
-4.5642 2.0986 1
-4.2558 0.8385 1
-4.4202 0.9201 1
-5.0549 2.4343 1
-4.9700 -0.4654 1
-5.6790 -0.1191 1
-4.2478 0.4019 1
-7.1439 -1.9400 1
-6.2503 0.3516 1
-5.7221 -0.3674 1
-4.4901 1.8607 1
-5.7743 -1.7213 1
-5.1655 1.3366 1
-3.6419 1.1718 1
-1.3191 3.2434 1
-4.7605 0.1864 1
-5.1324 -0.2621 1
-6.5042 0.9769 1
-5.7080 2.7655 1
-4.0582 0.3430 1
-3.4644 3.2823 1
-6.3166 1.5148 1
-4.5644 -0.1046 1
-3.9167 1.6881 1
-5.3510 -0.0468 1
-4.9976 1.4986 1
-4.8922 0.1864 1
-4.6318 1.3996 1
-5.0082 0.7280 1
-6.1970 0.7061 1
-6.2158 0.5450 1
-5.9026 0.2735 1
-4.5818 -1.5858 1
-4.9897 -0.0810 1
-6.1377 -0.4787 1
-4.6693 1.5093 1
-4.2671 1.7232 1
-4.7440 0.0739 1
-6.6129 0.4507 1
-3.9947 3.4031 1
-4.2314 3.8381 1
-6.9601 -0.3014 1
-3.2409 2.1243 1
-5.0263 1.2347 1
-6.2681 -0.2438 1
-4.2601 2.2731 1
-4.9220 0.7674 1
-4.6598 -0.3947 1
-5.0494 1.6863 1
-5.2827 1.5404 1
-5.2415 -0.2528 1
-5.6131 0.4048 1
-5.1613 0.8309 1
-3.3788 2.9243 1
-5.6773 1.6745 1
-6.8206 0.6649 1
-4.5929 0.8376 1
-5.2355 2.8336 1
-4.8847 1.6744 1
-6.4598 2.1090 1
-6.4916 0.1883 1
-5.0333 0.6723 1
-4.4006 0.5522 1
-4.5854 0.0849 1
-4.7907 0.1759 1
-5.6656 0.5676 1
-5.4613 1.2477 1
-5.8366 -0.2841 1
-5.5674 0.8858 1
-6.2515 2.1433 1
-2.9065 3.4610 1
-5.6255 1.9783 1
-3.8050 1.4042 1
-3.7195 2.0767 1
-4.9193 2.2275 1
-5.0520 2.5600 1
-5.1259 -0.3257 1
-4.5957 2.3800 1
-5.0486 1.4476 1
-5.0507 2.5460 1
-6.1924 -0.7988 1
-4.6139 1.1771 1
-5.5026 1.3230 1
-5.5741 0.8332 1
-4.9126 1.1013 1
-5.2760 1.5333 1
-5.1085 3.0572 1
-4.7705 -0.4705 1
-4.5937 2.5047 1
-4.8170 2.2985 1
-5.7162 1.6042 1
-5.1762 -0.0606 1
-4.3795 1.6708 1
-5.0910 -0.5120 1
-3.9846 1.7800 1
-3.1548 1.4044 1
-3.7406 1.7685 1
-6.1824 0.2961 1
-4.3488 -0.4046 1
-2.1930 2.6814 1
-6.2347 0.3172 1
-3.9612 -1.1428 1
-5.1262 -0.3454 1
-4.0472 1.1820 1
-4.5667 -0.1473 1
-3.0922 1.7466 1
-6.2415 1.6357 1
-4.1364 1.9190 1
-5.0933 1.1868 1
-5.2481 0.5017 1
-5.0724 0.9778 1
-5.6127 0.4616 1
-4.4722 -1.2742 1
-4.9279 0.4765 1
-4.2577 1.3628 1
-3.0940 3.6665 1
-3.4280 1.6996 1
-3.2176 2.3993 1
-6.0293 1.6670 1
-4.5672 1.8098 1
-6.3712 2.3237 1
-4.7828 1.7032 1
-3.7523 -0.1029 1
-4.5164 2.8931 1
-5.6857 0.0409 1
-4.0083 2.0797 1
-5.5177 -0.8489 1
-5.1164 1.2592 1
-5.3445 1.2834 1
-4.7310 -0.3816 1
-4.3068 0.9028 1
-3.3446 1.6423 1
-4.9416 2.0025 1
-4.8611 0.1459 1
-4.8538 0.6641 1
-5.8218 -0.4371 1
-4.9250 1.3680 1
-4.6706 0.9606 1
-4.6892 0.4279 1
16.0268 -8.2202 2
12.7753 -7.4707 2
13.6795 -8.9190 2
12.9941 -8.3089 2
12.3801 -10.5462 2
11.7180 -9.8848 2
14.0074 -9.7833 2
14.7400 -7.4996 2
13.8451 -9.0931 2
14.1329 -8.6099 2
12.8935 -11.2515 2
11.6772 -9.4505 2
12.1220 -9.1520 2
13.2954 -9.9799 2
14.1698 -8.3204 2
13.6033 -9.5636 2
12.8603 -8.8490 2
12.2471 -7.9058 2
11.5837 -10.3972 2
13.2101 -8.7113 2
12.3589 -10.2148 2
10.8459 -10.5118 2
13.4935 -9.7777 2
10.1809 -9.6296 2
12.6522 -10.2940 2
11.5694 -7.9913 2
14.1935 -8.1297 2
13.4851 -7.8479 2
14.6656 -9.1068 2
11.7375 -9.1969 2
12.4486 -9.7305 2
13.3952 -7.0230 2
11.2440 -9.5848 2
15.2260 -8.9383 2
12.4532 -10.2516 2
12.8659 -9.3432 2
10.8752 -9.6172 2
13.8456 -8.7760 2
12.3612 -8.3223 2
11.0380 -10.3849 2
11.8765 -10.6433 2
11.7328 -9.5120 2
12.8476 -8.9309 2
10.8250 -7.0878 2
11.6946 -9.5514 2
13.9855 -8.8005 2
12.7147 -8.1962 2
11.1132 -10.7480 2
12.7201 -10.9120 2
12.7242 -7.8852 2
11.9790 -9.7626 2
13.9327 -8.3251 2
15.1758 -9.3522 2
14.6047 -9.4523 2
13.1328 -8.7696 2
11.9866 -9.2755 2
14.2406 -8.7804 2
12.7767 -9.7511 2
14.4799 -6.6976 2
13.0816 -9.9617 2
13.7967 -8.0356 2
11.6863 -10.0168 2
12.6786 -8.2938 2
12.0260 -10.1999 2
11.7540 -11.7387 2
11.7286 -9.5323 2
13.3129 -9.1627 2
11.8352 -9.4097 2
11.9531 -10.8678 2
11.8395 -8.8223 2
12.7377 -7.3579 2
14.1068 -8.3519 2
13.9926 -9.9025 2
13.0733 -9.3261 2
14.2150 -7.9620 2
13.5009 -10.4829 2
14.0428 -7.9254 2
11.7209 -9.1938 2
12.8687 -7.7397 2
12.4917 -9.0871 2
12.9479 -8.1063 2
13.1285 -9.9553 2
13.9961 -9.2078 2
13.5495 -9.5611 2
12.1838 -8.7500 2
14.2777 -8.6461 2
13.2692 -6.8720 2
11.8626 -8.5244 2
12.6175 -9.6675 2
12.7669 -8.4133 2
13.1848 -8.3886 2
12.4816 -10.2856 2
11.6766 -11.3123 2
14.1097 -7.8753 2
13.7153 -10.5192 2
12.3035 -8.3851 2
12.9844 -11.6844 2
10.8653 -10.4348 2
14.7644 -7.4457 2
10.9132 -11.0225 2
14.5631 -7.3602 2
13.2710 -9.9197 2
13.2511 -8.0500 2
13.4968 -8.3727 2
13.4514 -8.7678 2
13.3521 -9.5978 2
13.5597 -7.6430 2
14.4257 -7.7198 2
13.5827 -9.3312 2
13.1486 -9.8509 2
13.4412 -8.8711 2
13.4504 -10.3491 2
12.2495 -10.6931 2
11.3542 -9.6283 2
13.4602 -8.0430 2
14.4005 -7.8178 2
12.7883 -8.7591 2
13.4210 -7.9461 2
13.0470 -9.3349 2
11.1701 -10.3526 2
12.3635 -9.4849 2
12.3206 -8.1638 2
12.0581 -8.8320 2
12.8228 -10.4366 2
11.2735 -9.8611 2
11.9453 -9.1139 2
15.0608 -8.8328 2
14.3339 -8.8227 2
12.9627 -8.6821 2
12.1909 -11.9670 2
12.6004 -10.4001 2
12.6473 -10.9398 2
12.0422 -10.0228 2
13.8974 -8.7251 2
12.3797 -9.4548 2
11.6700 -9.4388 2
12.8450 -7.1251 2
11.1196 -10.1438 2
11.9517 -10.9052 2
13.9572 -8.8834 2
12.4565 -9.3731 2
12.1353 -10.6297 2
11.7521 -9.2352 2
12.6975 -10.9121 2
13.7920 -9.2403 2
12.4054 -9.3842 2
13.3030 -8.2859 2
14.2745 -8.3309 2
13.3677 -9.2069 2
14.3060 -8.3114 2
12.4966 -9.8282 2
12.8311 -9.5217 2
12.8307 -7.2712 2
13.1290 -8.1161 2
15.0821 -10.4942 2
14.8801 -7.6034 2
10.9028 -10.4560 2
13.3292 -9.2652 2
14.4006 -8.6919 2
11.3883 -7.8632 2
0.4309 -14.8536 3
-0.1410 -13.6035 3
2.0816 -12.0993 3
0.9111 -14.8811 3
1.5685 -12.3657 3
0.7623 -13.8351 3
1.4675 -14.8928 3
1.0288 -14.4368 3
-0.2624 -14.0884 3
2.2534 -12.7745 3
1.0041 -15.7772 3
0.6591 -13.5983 3
0.6767 -13.7598 3
0.8526 -13.7310 3
-0.1742 -15.0919 3
3.0738 -11.9213 3
-0.2731 -14.2920 3
3.0368 -12.6265 3
1.5622 -11.7968 3
2.1407 -12.9519 3
0.4032 -14.4535 3
1.0220 -14.5795 3
0.6907 -12.9997 3
1.9963 -13.4031 3
2.1153 -13.8860 3
2.6318 -13.0396 3
0.5335 -15.6257 3
1.3820 -12.9078 3
-0.2906 -14.2090 3
-0.4585 -14.4586 3
0.3290 -13.2077 3
1.8346 -13.7832 3
0.4510 -13.1501 3
1.7348 -12.0590 3
0.0521 -16.7030 3
0.8159 -13.3445 3
1.4775 -13.9905 3
2.4897 -12.9977 3
0.6253 -14.1357 3
0.4440 -13.2947 3
0.4926 -14.3257 3
0.3029 -13.8049 3
2.0220 -14.3879 3
0.6285 -15.9493 3
0.9319 -12.2521 3
0.7018 -13.5235 3
2.3249 -14.4673 3
1.1224 -13.5768 3
0.3899 -14.6043 3
0.0269 -15.6083 3
2.1689 -14.4541 3
2.1197 -13.5665 3
2.4897 -12.7960 3
1.9618 -13.3151 3
0.0371 -15.2861 3
1.5532 -14.7295 3
2.3744 -13.7489 3
0.9532 -14.5760 3
1.2745 -14.7040 3
1.3223 -11.6296 3
-0.4296 -15.6542 3
1.2935 -13.8510 3
2.1409 -14.0433 3
1.5755 -14.5022 3
2.4589 -11.8353 3
2.9910 -11.3275 3
0.8000 -13.8714 3
2.6168 -13.9252 3
-1.2858 -14.5160 3
1.2872 -13.7187 3
-0.4885 -15.6569 3
0.0317 -16.4928 3
-0.4440 -14.7651 3
1.5119 -13.5351 3
1.2903 -14.6831 3
1.8876 -13.8719 3
2.5302 -13.8764 3
-1.3576 -14.9934 3
-0.2967 -15.1099 3
2.3915 -14.0079 3
3.0080 -12.2753 3
1.0311 -14.7407 3
3.9154 -12.6260 3
1.5096 -15.2467 3
1.3095 -14.0200 3
1.1851 -13.8194 3
-0.4246 -13.6006 3
0.9919 -13.6935 3
0.0519 -14.5993 3
1.3812 -14.2185 3
-0.1369 -13.9334 3
1.9891 -15.2935 3
3.1425 -11.5229 3
1.7925 -14.2033 3
1.9634 -14.9437 3
-0.7031 -14.8369 3
1.1639 -13.3468 3
-0.3447 -14.4974 3
1.9366 -12.9085 3
0.3150 -13.5598 3
0.1826 -15.1763 3
1.5327 -15.5622 3
3.9661 -14.9011 3
1.2197 -13.6100 3
1.4616 -11.9970 3
1.5766 -12.6924 3
1.6297 -13.4024 3
0.3538 -13.6431 3
1.0981 -13.0956 3
0.5632 -16.1361 3
2.6354 -12.0376 3
0.2984 -13.2534 3
1.6700 -14.2038 3
-1.5774 -14.9527 3
2.2169 -14.3188 3
0.2301 -15.8633 3
0.2020 -15.0761 3
-0.3101 -14.6702 3
0.0555 -13.9395 3
0.1951 -14.3063 3
2.3065 -12.5607 3
0.1615 -12.5475 3
-0.0834 -14.4973 3
1.4898 -14.3790 3
2.1834 -15.0392 3
2.5487 -14.0971 3
1.2953 -14.9238 3
2.3265 -14.2845 3
0.4649 -14.0786 3
0.3137 -14.1387 3
-0.2174 -13.1943 3
1.9766 -13.0274 3
0.8022 -13.6864 3
-0.0624 -14.1837 3
0.4665 -15.1168 3
0.5021 -13.1475 3
0.5606 -13.0631 3
0.9078 -12.5697 3
1.9979 -13.1612 3
1.0602 -12.2035 3
1.0384 -12.2252 3
1.7952 -12.1574 3
0.9436 -14.6775 3
0.5687 -15.8369 3
0.1671 -14.6268 3
-0.3103 -15.5141 3
0.2456 -14.8489 3
1.0405 -14.3322 3
1.1550 -12.9950 3
1.3929 -14.6283 3
-0.9862 -14.5426 3
1.4726 -12.5241 3
2.6974 -13.2992 3
1.3233 -11.4464 3
-1.2787 -15.1877 3
2.2648 -12.2547 3
-0.5524 -14.5972 3
1.2547 -13.2160 3
3.3915 -13.4261 3
0.8478 -13.5898 3
0.3705 -1.8916 4
0.7655 -2.3041 4
1.0962 -2.9360 4
4.0898 -2.5670 4
2.6314 -0.4047 4
2.1868 -2.0300 4
2.1023 -3.1277 4
0.2471 -2.1713 4
2.7016 -3.0192 4
0.8060 -1.3398 4
1.3803 -2.8442 4
2.7454 -1.8214 4
1.6566 -1.5170 4
1.9259 -2.3417 4
2.2816 -0.7024 4
3.0917 -2.6253 4
1.8686 -2.4431 4
1.7004 -1.4741 4
2.2309 -1.9587 4
2.8558 -2.9764 4
2.0491 -1.6199 4
0.8881 -2.3469 4
3.4172 -0.5491 4
2.0833 -0.9892 4
2.6752 -2.0495 4
2.3017 -2.7371 4
2.0675 -2.0961 4
2.4689 -2.1690 4
2.1332 -4.4104 4
3.3379 -0.8894 4
0.9253 -2.6173 4
1.5077 -3.0991 4
0.4317 -3.7807 4
1.1248 -2.7994 4
2.7802 -1.2372 4
1.2485 -3.1493 4
4.0068 -1.0141 4
1.9027 -3.5983 4
2.8102 -1.3184 4
0.7978 -2.7444 4
3.7854 -1.0902 4
1.9970 -3.7715 4
2.2518 -0.6073 4
1.9728 -1.5733 4
0.9743 -1.8139 4
3.5036 -1.8441 4
2.1331 -2.1281 4
2.7198 -2.4509 4
2.4676 -1.8005 4
1.9781 -2.5332 4
1.3338 -2.6755 4
2.6120 -2.6198 4
1.4513 -2.1583 4
2.6841 -0.0478 4
0.0766 -3.6088 4
0.9881 -3.3797 4
0.9649 -2.3384 4
0.7488 -2.6732 4
2.6697 -2.3017 4
3.0557 -1.2599 4
0.7889 -1.9884 4
1.1672 -2.4607 4
2.3455 -2.1123 4
3.0806 -1.1503 4
3.6527 -2.6499 4
2.1341 -2.3171 4
1.9029 -3.1187 4
2.8727 -1.0245 4
2.2910 -2.0749 4
2.7618 -1.1898 4
2.7268 -1.9220 4
2.0381 -2.4355 4
2.5496 -2.0954 4
3.5712 -0.7614 4
1.9691 -2.9009 4
3.1546 -2.1207 4
1.2319 -2.5000 4
2.6968 -2.4904 4
1.1212 -3.2862 4
1.7399 -0.7973 4
1.9044 -2.4561 4
1.8354 -1.6133 4
3.8865 -1.1547 4
2.2826 -1.6074 4
2.2331 -2.1480 4
0.6230 -2.3902 4
0.0089 -1.4995 4
1.9115 -3.4947 4
2.3383 -2.1732 4
1.6396 -1.9720 4
3.0663 -1.9035 4
3.3891 -0.5360 4
2.5814 -1.9879 4
1.7999 -2.1307 4
0.1452 -2.1624 4
2.0255 -1.2119 4
3.4451 -2.3361 4
2.7039 -1.3439 4
0.6450 -1.5967 4
2.2463 -1.6112 4
1.3290 -1.5804 4
2.9377 -2.1877 4
1.3686 -2.3443 4
1.3429 -2.1510 4
2.8384 -2.9584 4
1.5933 -4.5441 4
1.7439 -1.6291 4
-0.3526 -2.0889 4
3.3944 -1.7963 4
1.7005 -1.1967 4
0.6001 -2.8101 4
2.1103 -1.8810 4
2.2239 -2.0560 4
3.0352 -1.0950 4
2.7238 -3.6305 4
1.3407 -1.7564 4
3.1833 -1.2391 4
0.9637 -4.3583 4
3.3894 -2.7915 4
2.0786 -1.8862 4
3.2212 -1.5081 4
2.9328 -2.4251 4
3.2307 -0.7236 4
2.9092 -1.2522 4
2.9332 -2.2454 4
1.5774 -3.3673 4
1.7700 -2.4528 4
1.5290 -2.9785 4
1.6230 -1.9938 4
2.1991 -1.5551 4
3.2200 -0.4875 4
1.3044 -3.4218 4
2.3183 -2.2013 4
-0.0250 -3.7630 4
2.2941 -1.8748 4
1.7086 -1.8361 4
0.7927 -1.6149 4
1.9240 -1.2192 4
1.5109 -1.8500 4
2.1980 -1.0998 4
1.8829 -0.3915 4
3.9517 -0.1551 4
1.2367 -2.9342 4
2.2062 -1.7803 4
1.8888 0.0905 4
1.5992 -1.3306 4
-0.2380 -3.1147 4
2.1428 -0.8758 4
0.1554 -1.8948 4
1.6095 -1.9816 4
2.1620 -3.2676 4
2.6723 -1.3230 4
2.2544 -2.1419 4
1.8636 -1.0014 4
2.2752 -1.8161 4
-0.1196 -3.9553 4
1.0803 -2.3049 4
1.2064 -0.4235 4
-0.1773 -1.9518 4
1.8519 -2.0139 4
