1184.04 0.819738392 0
1121.786 0.801805234 0
1208.575 0.798353619 0
844.162 0.684989217 0
1073.251 0.56401133 0
881.836 0.777351277 0
823.796 0.823098681 0
933.366 0.706057518 0
849.728 0.845498789 0
981.544 0.784055626 0
1176.305 0.856042518 0
818.873 0.784258452 0
803.748 0.683882337 0
1042.77 0.510583813 0
1084.729 0.769089738 0
751.413 0.767374275 0
1028.445 0.858829168 0
981.509 0.746473726 0
814.68 0.799406959 0
1061.321 0.855799392 0
1035.501 0.701160962 0
928.272 0.739555027 0
1106.355 0.737169367 0
971.769 0.419753707 0
1181.921 0.788128405 0
1059.186 0.698627251 0
1010.474 0.58410581 0
964.603 0.726660229 0
1063.868 0.517134931 0
982.788 0.783331958 0
1162.877 0.786009488 0
828.697 0.822113695 0
1075.792 0.683510499 0
972.472 0.764243075 0
844.312 0.369212459 0
784.912 0.51832833 0
926.095 0.639696077 0
968.729 0.851391425 0
1100.676 0.795479241 0
843.764 0.633851884 0
1201.39 0.633422315 0
1036.94 0.717025543 0
1095.283 0.713783938 0
1135.662 0.492086934 0
1141.189 0.852367489 0
992.114 0.711474579 0
1022.568 0.770923534 0
790.427 0.612809911 0
870.387 0.834842987 0
902.624 0.7152614 0
845.786 0.816632082 0
1340.897 0.822570794 0
1030.155 0.853542978 0
901.102 0.845844473 0
1298.188 0.781149506 0
861.58 0.749538262 0
952.023 0.643138024 0
936.371 0.784164747 0
1039.551 0.542783247 0
619.074 0.767577386 0
1003.374 0.707082253 0
868.06 0.771855496 0
1157.33 0.856934002 0
997.989 0.696759162 0
990.547 0.830230914 0
981.517 0.767133811 0
912.153 0.778322762 0
1179.694 0.811861615 0
903.308 0.759843328 0
1069.77 0.791421357 0
1255.245 0.784111496 0
1054.198 0.840127895 0
1086.857 0.77037364 0
1049.093 0.772430874 0
894.48 0.70536589 0
873.777 0.74318078 0
1081.339 0.772332349 0
814.182 0.763692969 0
1091.754 0.834859339 0
860.402 0.805244577 0
896.728 0.787598712 0
957.132 0.756366569 0
991.612 0.773083296 0
1176.6 0.537014933 0
1100.836 0.772569894 0
2253.557 0.923770364 0
1034.183 0.797566261 0
755.822 0.708695988 0
750.909 0.761162183 0
867.582 0.716709132 0
889.626 0.731093185 0
933.896 0.721960082 0
1140.684 0.7875856 0
989.016 0.751756706 0
934.547 0.781583108 0
769.242 0.724374455 0
1045.658 0.619209281 0
920.573 0.704163616 0
860.548 0.74939737 0
1012.365 0.57676457 0
1114.736 0.81557794 0
978.85 0.847305856 0
911.857 0.627430162 0
973.259 0.816029801 0
966.329 0.768542385 0
842.121 0.829409642 0
872.289 0.460121209 0
1035.022 0.64720992 0
1115.811 0.733205484 0
975.425 0.645403364 0
1187.338 0.737687128 0
883.973 0.836525515 0
877.799 0.787903331 0
847.664 0.610712677 0
1259.451 0.786758156 0
1144.973 0.773771049 0
1154.54 0.793313932 0
1136.669 0.65526509 0
1013.202 0.777470812 0
1075.271 0.656532102 0
1051.02 0.697235919 0
923.19 0.744715834 0
855.997 0.619253764 0
977.425 0.733120775 0
1223.904 0.675434094 0
930.627 0.825776045 0
993.05 0.521834977 0
900.109 0.558731929 0
861.179 0.72879271 0
1193.28 0.863454506 0
1048.675 0.647596035 0
1003.769 0.725972018 0
875.174 0.783919938 0
893.451 0.732283957 0
922.011 0.794099752 0
953.496 0.810518333 0
1212.667 0.800869044 0
998.437 0.829838749 0
965.068 0.842992995 0
1252.875 0.74638361 0
845.128 0.603110639 0
938.705 0.823103652 0
1096.751 0.824810334 0
851.632 0.735695738 0
847.792 0.753861393 0
1066.388 0.813616588 0
1073.768 0.779258691 0
922.878 0.792887194 0
790.531 0.776279027 0
993.455 0.684358117 0
879.832 0.714455428 0
925.795 0.74958095 0
1051.266 0.702348195 0
1071.385 0.638518237 0
1070.053 0.672637467 0
1153.434 0.800879085 0
810.195 0.348729642 0
950.721 0.78143908 0
791.464 0.599652719 0
846.833 0.849173815 0
857.776 0.774425873 0
906.666 0.653340582 0
1075.279 0.792700937 0
1252.762 0.830713904 0
1101.502 0.798067621 0
978.631 0.782756248 0
928.217 0.766419171 0
798.515 0.667555617 0
1183.447 0.783428223 0
848.487 0.755467225 0
1157.001 0.769022556 0
988.273 0.786002573 0
948.233 0.765295307 0
1097.292 0.850122963 0
912.259 0.835648938 0
1127.409 0.766524847 0
1139.446 0.655334662 0
862.778 0.649914023 0
777.663 0.561090145 0
848.422 0.745653394 0
1176.287 0.815015963 0
1024.993 0.781628075 0
953.445 0.66775371 0
867.446 0.861733321 0
1057.448 0.696038327 0
817.41 0.772777753 0
747.161 0.804928834 0
906.829 0.672309707 0
1015.771 0.770481865 0
1102.423 0.819032478 0
1059.644 0.783351347 0
1094.59 0.659291894 0
734.102 0.44495009 0
1120.963 0.851517765 0
820.714 0.796399015 0
1122.16 0.690568105 0
1001.236 0.77288661 0
1070.062 0.432307345 0
966.438 0.725926293 0
916.044 0.735758503 0
945.523 0.687258427 0
958.627 0.683752754 0
1063.377 0.778519786 0
1050.909 0.808863683 0
1001.714 0.691685086 0
1040.788 0.746920746 0
762.439 0.751829118 0
975.553 0.724907214 0
763.979 0.643997206 0
834.328 0.710615819 0
869.795 0.673354968 0
891.528 0.857040355 0
949.936 0.848925537 0
944.879 0.778234722 0
898.546 0.768012151 0
947.541 0.646140518 0
883.044 0.819079815 0
1057.897 0.808518015 0
1131.096 0.832834246 0
869.188 0.65523977 0
875.764 0.716885111 0
1048.186 0.79160385 0
904.508 0.535914821 0
1198.259 0.777991385 0
1113.144 0.74565434 0
1110.378 0.778932753 0
1216.535 0.812295614 0
1020.029 0.794215984 0
1065.191 0.530009681 0
1056.74 0.740319531 0
931.43 0.804490914 0
895.745 0.520265279 0
1169.983 0.826775225 0
750.365 0.769339036 0
877.43 0.708517498 0
737.468 0.502579995 0
799.991 0.52298617 0
929.471 0.849262336 0
870.063 0.818864551 0
849.225 0.741875489 0
895.04 0.746874181 0
877.02 0.841066464 0
931.117 0.765589944 0
968.36 0.823513752 0
1094.576 0.652451831 0
929.115 0.671282476 0
907.025 0.741936124 0
926.255 0.746351424 0
1004.245 0.762774955 0
868.951 0.718938975 0
1110.44 0.644113015 0
813.276 0.496118267 0
770.59 0.786409924 0
793.005 0.507423663 0
1095.055 0.832994182 0
804.559 0.784115281 0
966.493 0.81583235 0
802.261 0.786462407 0
1050.012 0.605079015 0
761.949 0.784922337 0
979.447 0.743740567 0
860.58 0.699953594 0
785.843 0.655424446 0
875.267 0.792393852 0
974.079 0.760091178 0
1092.709 0.759609525 0
945.191 0.829904913 0
1042.257 0.815662968 0
1004.349 0.857153654 0
1037.399 0.806669001 0
893.644 0.627246499 0
1179.024 0.840641076 0
1180.478 0.843952802 0
1030.869 0.793181118 0
884.495 0.777354334 0
699.415 0.54134302 0
1112.212 0.748976897 0
1014.789 0.840653105 0
840.167 0.699251006 0
1075.307 0.712773879 0
927.048 0.679452185 0
1032.358 0.693207597 0
887.109 0.67557273 0
1099.512 0.799715505 0
1055.302 0.817214876 0
940.22 0.70186924 0
1174.166 0.698792225 0
1050.867 0.79733001 0
1071.612 0.826515979 0
941.486 0.665065172 0
2098.263 0.902489762 0
1002.035 0.81995626 0
1050.221 0.749065428 0
1148.651 0.808025921 0
1024.256 0.756934744 0
978.434 0.701652699 0
915.496 0.582962247 0
921.613 0.529833692 0
1228.366 0.718934015 0
737.637 0.71105609 0
1120.019 0.742565182 0
903.769 0.660138051 0
1040.716 0.749358072 0
1103.153 0.768107985 0
970.754 0.722728935 0
989.499 0.82858974 0
1018.553 0.891051301 0
915.939 0.800126045 0
972.971 0.725545687 0
833.117 0.581451809 0
950.717 0.81625629 0
901.17 0.893051844 0
948.889 0.709365401 0
769.691 0.809690001 0
977.085 0.800062704 0
843.96 0.766786821 0
875.659 0.418381972 0
754.022 0.716817189 0
944.713 0.589707296 0
919.044 0.740157695 0
998.47 0.832134559 0
909.604 0.711870752 0
854.724 0.627855296 0
1048.486 0.767140615 0
989.581 0.775762211 0
754.366 0.769972704 0
1074.702 0.706005483 0
1006.22 0.649860993 0
940.413 0.80203462 0
1100.85 0.782187815 0
973.599 0.841920242 0
921.762 0.833092526 0
970.932 0.803676777 0
946.487 0.741851492 0
1052.159 0.534302927 0
928.274 0.799795765 0
1026.686 0.801009823 0
1168.247 0.797893855 0
1140.399 0.846647455 0
867.003 0.849522441 0
781.97 0.716592623 0
1196.03 0.754031829 0
934.684 0.80296515 0
1036.517 0.709164675 0
1010.809 0.732118179 0
1114.88 0.82646137 0
850.782 0.783953309 0
981.059 0.800624837 0
1189.483 0.82199021 0
1073.138 0.867919298 0
855.392 0.752240304 0
1141.296 0.74510983 0
820.106 0.626064816 0
930.619 0.82978902 0
1084.306 0.691804118 0
1024.207 0.731248797 0
908.357 0.458544698 0
1026.109 0.869667343 0
1097.299 0.765320366 0
1008.276 0.798953455 0
928.016 0.81963199 0
841.666 0.633533709 0
995.692 0.778561165 0
1230.233 0.780495845 0
1017.749 0.680269105 0
840.545 0.718479434 0
989.917 0.654204824 0
916.396 0.691063598 0
1106.033 0.690992119 0
941.429 0.755550137 0
713.775 0.801864322 0
1011.054 0.694027404 0
1099.568 0.54000213 0
1202.369 0.682083382 0
1006.028 0.78065406 0
998.793 0.585951613 0
1033.87 0.70609608 0
757.295 0.745688178 0
943.599 0.856772375 0
1113.607 0.803054658 0
1112.784 0.747689152 0
718.847 0.806731223 0
678.815 0.811198369 0
1006.375 0.740366108 0
1065.68 0.764366384 0
836.109 0.736407405 0
1018.353 0.819924857 0
1079.752 0.833555048 0
1079.973 0.727040805 0
1014.268 0.846382218 0
907.423 0.773491106 0
1120.777 0.74151054 0
894.039 0.794252979 0
1047.037 0.846846105 0
1176.657 0.798738633 0
727.561 0.806767261 0
1103.236 0.857662466 0
1073.916 0.805935469 0
1163.528 0.803024243 0
983.385 0.713731082 0
909.681 0.821499608 0
798.546 0.816654393 0
897.111 0.840300429 0
1165.084 0.782132713 0
1074.108 0.770638009 0
897.796 0.797864438 0
971.938 0.739121421 0
1046.52 0.791294159 0
1130.673 0.812809305 0
1254.861 0.754864415 0
979.727 0.780219721 0
1068.375 0.805830387 0
935.816 0.781038479 0
910.837 0.779635513 0
761.131 0.800171576 0
915.379 0.758526041 0
719.935 0.740566437 0
873.837 0.82654621 0
1038.741 0.791621183 0
1118.999 0.741121199 0
1080.007 0.573476639 0
1179.374 0.7747273 0
713.94 0.705783651 0
772.501 0.736423765 0
782.362 0.729794954 0
1104.717 0.742093815 0
931.451 0.784845746 0
766.531 0.750266822 0
858.386 0.823784218 0
997.276 0.704512743 0
939.149 0.789911277 0
962.708 0.797184383 0
971.185 0.836895588 0
1080.034 0.800432782 0
1023.064 0.870957281 0
683.004 0.790668532 0
1114.488 0.757139293 0
1146.164 0.764572839 0
1148.363 0.846004564 0
1193.908 0.54252098 0
882.669 0.716534018 0
977.095 0.685841703 0
966.758 0.700862765 0
1067.692 0.794994961 0
1035.277 0.737166231 0
997.264 0.647469874 0
1154.562 0.70739191 0
1043.187 0.851091037 0
961.439 0.857392304 0
801.526 0.584337455 0
1590.354 0.907201118 1
1432.006 0.840966033 1
1276.807 0.855874944 1
1216.979 0.782171631 1
1083.477 0.855007371 1
1530.315 0.817323783 1
1497.515 0.877252896 1
1366.74 0.856447002 1
1373.537 0.537416298 1
1367.331 0.8881652 1
1325.947 0.84698069 1
1177.714 0.909255569 1
1552.54 0.925634934 1
836.625 0.830863512 1
1486.769 0.912304144 1
1051.553 0.841965878 1
1383.647 0.912721946 1
1791.568 0.901315524 1
1685.283 0.865640348 1
1893.414 0.895655767 1
1075.404 0.871121605 1
1322.814 0.721793107 1
1305.144 0.807670301 1
1604.103 0.844964592 1
1170.091 0.830759616 1
1652.694 0.806236591 1
1423.997 0.812534049 1
1306.577 0.730434168 1
1446.923 0.863367048 1
1870.28 0.773309506 1
1529.79 0.875338198 1
1087.034 0.681848156 1
1351.422 0.780976537 1
1190.813 0.500990716 1
1582.146 0.725532478 1
1182.575 0.818780557 1
1306.455 0.771686556 1
2697.753 0.927737116 1
1262.578 0.895002832 1
1199.017 0.868059652 1
1559.214 0.630646744 1
1131.54 0.822525594 1
1269.066 0.784743459 1
1117.107 0.850542335 1
1159.779 0.857893642 1
1535.287 0.83716934 1
1394.088 0.881546115 1
1130.395 0.842459099 1
1480.951 0.911615194 1
1289.209 0.830686786 1
1422.014 0.532159522 1
1654.986 0.872535895 1
1101.879 0.815716625 1
1507.939 0.835169296 1
1277.388 0.902609051 1
1331.797 0.864342392 1
2303.69 0.96212444 1
1755.167 0.810341407 1
1544.712 0.910468935 1
1781.378 0.907927113 1
1192.014 0.850383428 1
1226.244 0.865089207 1
1268.05 0.742211915 1
1182.274 0.853305321 1
1580.961 0.806340027 1
1698.394 0.777808102 1
1827.9 0.832079617 1
1244.252 0.820173426 1
1081.68 0.906395428 1
1173.259 0.816451523 1
1626.909 0.885429547 1
1202.583 0.854577011 1
1754.378 0.883204868 1
1365.577 0.847632242 1
980.39 0.824754645 1
1419.577 0.879996398 1
1071.644 0.82616862 1
1621.959 0.806766406 1
1455.893 0.892599892 1
1157.109 0.838451647 1
1328.744 0.853315591 1
1390.73 0.904850809 1
1222.158 0.829402027 1
1488.84 0.795682271 1
1687.178 0.900847975 1
1131.53 0.826343087 1
1299.386 0.921939284 1
1139.84 0.811772822 1
1595.364 0.839272464 1
1352.482 0.902976663 1
1725.003 0.914593881 1
1744.271 0.822087757 1
1536.473 0.851847299 1
1356.398 0.758021814 1
1332.203 0.765003405 1
1099.228 0.815937489 1
1239.54 0.6514683 1
1419.16 0.773332196 1
1522.028 0.909510252 1
1256.322 0.869715856 1
1234.547 0.77581274 1
1105.79 0.829342993 1
1726.246 0.674476207 1
1177.858 0.828040175 1
1143.294 0.82910585 1
1418.304 0.80783856 1
1244.054 0.71988502 1
1162.004 0.888878022 1
1144.344 0.612784478 1
1471.508 0.745407081 1
1630.704 0.81104538 1
1506.255 0.801921074 1
1246.361 0.907106886 1
1394.1 0.781601193 1
1378.308 0.862261419 1
1458.551 0.828366668 1
1388.476 0.876517212 1
1564.694 0.846098403 1
1488.324 0.872681468 1
1293.559 0.874317368 1
1345.426 0.830110932 1
1122.831 0.817920329 1
1222.886 0.804913476 1
1680.121 0.89195687 1
1865.297 0.90840748 1
1529.068 0.842906798 1
1378.774 0.851335233 1
1457.016 0.857138757 1
1459.345 0.823493997 1
1513.352 0.895270971 1
1866.091 0.851905369 1
1736.839 0.755968807 1
1531.955 0.850686743 1
1396.906 0.806792408 1
1307.683 0.83125185 1
1006.984 0.819180326 1
1679.562 0.851398389 1
1257.029 0.720639035 1
1390.4 0.870293382 1
1377.248 0.857933758 1
1647.505 0.734862852 1
1293.225 0.800107952 1
1508.934 0.88841751 1
1388.684 0.815821133 1
1502.661 0.855870727 1
1219.105 0.891891237 1
950.297 0.649631331 1
1290.239 0.786627389 1
1144.036 0.652394055 1
1570.502 0.833159184 1
1295.377 0.90679426 1
1447.684 0.731287033 1
1157.089 0.893172211 1
1461.03 0.818937495 1
1266.255 0.76535397 1
1629.634 0.853023753 1
1137.706 0.740466412 1
1021.989 0.887105943 1
1393.213 0.878050657 1
1459.584 0.873898112 1
1127.889 0.753808948 1
1062.07 0.819507998 1
1461.111 0.884359909 1
1361.884 0.757043179 1
963.009 0.709454946 1
1277.791 0.759510001 1
1687.866 0.740009433 1
1393.974 0.770486336 1
1302.472 0.838273925 1
1369.202 0.87732059 1
1169.476 0.832437662 1
1594.209 0.88854772 1
1766.873 0.840263379 1
1562.268 0.909335484 1
1187.724 0.861680554 1
1270.564 0.838832653 1
1391.207 0.898154134 1
1263.012 0.811634818 1
1302.361 0.781965247 1
1238.163 0.833170935 1
1260.343 0.80677413 1
1270.266 0.87238391 1
1182.561 0.84017353 1
945.828 0.846659474 1
1753.016 0.912408981 1
1046.692 0.761196452 1
1266.876 0.806310313 1
1646.559 0.855792865 1
1266.657 0.820194593 1
1128.077 0.624298597 1
1251.679 0.865182269 1
1446.145 0.841649703 1
1130.427 0.805158483 1
1295.27 0.834050126 1
1357.888 0.747181362 1
1328.07 0.792113448 1
1173.308 0.849164703 1
1114.454 0.822766851 1
1077.419 0.773824179 1
1313.092 0.792112164 1
1700.937 0.818383583 1
1343.017 0.848474157 1
1259.069 0.844164633 1
1281.252 0.865447744 1
1660.677 0.852564975 1
1027.513 0.757501058 1
1591.894 0.777064027 1
1803.686 0.887465183 1
1193.836 0.769969011 1
1174.203 0.826779841 1
934.49 0.827452081 1
1608.599 0.831784963 1
771.797 0.71606769 1
1162.37 0.829105982 1
1398.545 0.890685928 1
1156.718 0.736790229 1
1622.032 0.763554308 1
1315.843 0.823042761 1
1876.028 0.879346962 1
1245.034 0.702074218 1
1646.525 0.88563635 1
1789.254 0.87593328 1
1298.138 0.864959104 1
1317.687 0.849102747 1
1100.929 0.856495219 1
1370.914 0.841748223 1
930.051 0.803442088 1
1539.429 0.868894695 1
1679.075 0.791795655 1
1499.355 0.876960072 1
1075.8 0.73572335 1
1624.343 0.883618526 1
1425.109 0.917708543 1
1036.527 0.806095763 1
1209.622 0.827229367 1
1251.802 0.685790415 1
1056.491 0.796252226 1
1531.744 0.898249041 1
968.697 0.622242108 1
1205.863 0.839534766 1
1217.127 0.867131498 1
1495.983 0.86046812 1
1539.944 0.780386042 1
921.059 0.78101538 1
2289.889 0.903244833 1
1207.534 0.838683717 1
1182.21 0.77598221 1
1157.771 0.652122156 1
1194.631 0.801191187 1
1485.99 0.88221128 1
1434.389 0.866210843 1
1500.251 0.803096791 1
1633.723 0.887694392 1
1509.374 0.85565446 1
1513.469 0.900752608 1
1162.608 0.836849476 1
987.617 0.758036475 1
1265.032 0.827080776 1
1876.307 0.84609325 1
1316.871 0.800238655 1
1030.757 0.873342236 1
1724.662 0.784117922 1
1214.981 0.891865826 1
1316.398 0.835075211 1
1246.2 0.862608676 1
1229.813 0.835846416 1
1399.672 0.906330851 1
940.363 0.802213456 1
1183.981 0.844780047 1
1360.821 0.844509317 1
1024.169 0.757673254 1
1244.563 0.865604032 1
1549.185 0.691520882 1
1238.627 0.749918202 1
1239.314 0.788662816 1
1148.633 0.840744874 1
1184.581 0.80879864 1
1385.645 0.8754528 1
936.823 0.757958591 1
1153.618 0.773870556 1
1198.853 0.846662711 1
1140.605 0.74094546 1
1345.687 0.88188543 1
1273.128 0.829377269 1
1217.831 0.799682716 1
1429.352 0.767940576 1
1407.401 0.810899272 1
889.743 0.72281732 1
1635.791 0.826081781 1
1176.227 0.809313914 1
1405.868 0.882962171 1
1484.334 0.928093615 1
1354.715 0.876217627 1
1339.098 0.813921262 1
934.708 0.761253861 1
1161.291 0.871057374 1
1526.711 0.886610152 1
1622.58 0.909536563 1
1320.46 0.794506753 1
1258.683 0.836102728 1
1281.378 0.793239365 1
1695.23 0.794882897 1
919.419 0.827039135 1
1148.146 0.839828107 1
1456.757 0.886251871 1
1689.585 0.871726491 1
1544.342 0.761899987 1
1272.882 0.849007165 1
1254.468 0.68901521 1
1393.335 0.779803256 1
1475.658 0.795244976 1
1087.108 0.781855924 1
1297.147 0.835664958 1
1323.557 0.830080564 1
1130.405 0.762382271 1
1418.385 0.881611618 1
1199.809 0.814613238 1
1535.248 0.904264761 1
1739.277 0.896152602 1
1639.103 0.742435528 1
1412.02 0.750752113 1
1622.809 0.787151415 1
1126.765 0.877792635 1
1285.854 0.834567201 1
1205.819 0.898831116 1
1184.156 0.774845821 1
1641.14 0.838274613 1
1628.157 0.722726255 1
1557.606 0.837967815 1
1285.063 0.863933164 1
1085.215 0.850823569 1
1607.527 0.819681103 1
940.542 0.877725147 1
1311.161 0.875561861 1
1162.256 0.855032254 1
1006.598 0.767787509 1
1521.811 0.84857138 1
1347.989 0.832188722 1
1404.303 0.829752693 1
1166.517 0.798306516 1
1267.646 0.781769152 1
1576.336 0.820680026 1
1204.623 0.818772562 1
1135.68 0.881430321 1
1297.279 0.825086992 1
1183.236 0.861483822 1
1187.085 0.724402895 1
1216.104 0.841453216 1
1027.206 0.728880994 1
1163.021 0.763459806 1
1510.852 0.868116234 1
1554.365 0.78150484 1
1182.852 0.922383026 1
1547.081 0.863964234 1
1812.569 0.805073466 1
1008.134 0.888703306 1
1553.114 0.874928099 1
1068.727 0.798050128 1
1258.966 0.832692769 1
1298.731 0.886467562 1
1400.524 0.840993944 1
1202.493 0.874965463 1
1942.05 0.864734549 1
1755.968 0.893780798 1
1258.062 0.893214785 1
1374.171 0.83071856 1
1015.021 0.764307755 1
1126.518 0.729548695 1
1225.352 0.849784975 1
1142.632 0.861117655 1
1548.609 0.811745025 1
1403.043 0.814864461 1
977.906 0.848694829 1
1284.69 0.80064808 1
1303.224 0.801152573 1
956.302 0.73402126 1
874.091 0.831826447 1
1063.621 0.732705625 1
1172.642 0.754489905 1
1496.062 0.914840211 1
1414.078 0.807757147 1
859.326 0.566991437 1
1209.582 0.772985146 1
1144.959 0.701055316 1
1538.316 0.864320723 1
1271.343 0.879866091 1
2352.029 0.951082244 1
1512.658 0.836364958 1
1173.39 0.667315162 1
1028.839 0.687531298 1
862.001 0.733056942 1
1204.61 0.746901655 1
1310.51 0.78696365 1
1229.91 0.784730757 1
1248.75 0.795205711 1
1560.016 0.833198042 1
1078.409 0.76326774 1
1641.456 0.817927331 1
1191.348 0.699480849 1
1261.988 0.647955574 1
1360.497 0.887286135 1
1079.578 0.824602335 1
1091.499 0.88626171 1
1426.6 0.850790524 1
1147.6 0.872416085 1
1831.909 0.850815756 1
1563.83 0.763544285 1
1311.522 0.768487895 1
1034.144 0.875205907 1
1478.596 0.823355491 1
1574.164 0.818082863 1
915.13 0.596358734 1
1259.934 0.799710534 1
1105.042 0.87200443 1
1453.895 0.827917003 1
1555.816 0.808005855 1
1853.893 0.849597917 1
1085.157 0.887265505 1
1530.598 0.856845008 1
1205.141 0.870360472 1
1681.985 0.876358889 1
1295.591 0.849208116 1
1022.705 0.71620554 1
1254.755 0.787777611 1
1233.824 0.802212378 1
1230.493 0.892918128 1
1469.764 0.872500913 1
1422.242 0.794500651 1
1585.782 0.858538226 1
1243.987 0.875944181 1
1947.46 0.507431838 1
1557.266 0.853362761 1
1316.112 0.804107077 1
1592.095 0.807959919 1
1319.435 0.820643598 1
927.283 0.808096294 1
1449.803 0.765407249 1
1269.68 0.868670102 1
1041.27 0.703942708 1
1175.034 0.853284574 1
1226.892 0.861490344 1
1235.078 0.768571317 1
1596.356 0.878599234 1
1682.478 0.836204746 1
1392.653 0.821573762 1
1129.072 0.817262582 1
1214.252 0.808628995 1
1292.828 0.721684066 1
1258.548 0.84573851 1
1272.862 0.907345395 1
