3.9310 2.2221
4.6747 5.5863
0.8056 0.8888
1.9364 1.1337
3.2877 2.4746
1.4713 3.2841
4.5077 2.9806
4.6901 3.2583
5.5205 3.6219
7.3028 2.2728
2.7338 3.0109
3.7380 4.0921
1.1271 6.1320
3.4520 3.3223
5.1470 4.9543
3.3433 4.0789
3.7926 2.3895
5.1233 1.8212
2.1646 4.3702
2.9628 3.2302
3.3313 6.5329
1.3754 2.7575
3.3578 4.9338
4.3000 5.7482
3.7846 2.0816
4.3918 2.8060
4.4762 4.7004
2.8943 3.8721
4.7791 2.1283
2.3726 5.8570
4.7778 3.8309
3.0467 1.9864
5.0149 2.5079
2.5736 3.9880
4.2510 3.7622
2.4307 4.2745
3.1413 5.1258
1.2480 2.9485
4.0523 4.6074
3.4890 1.1462
3.7511 0.5867
-0.1255 4.2823
1.6788 3.7508
4.5010 2.6223
2.3250 4.4094
3.1299 -0.2495
5.9750 1.2445
1.1304 4.2446
4.8252 4.0232
2.6476 0.5717
3.3343 -0.7938
1.9633 3.5376
0.9938 5.5139
4.7507 2.8863
2.5092 3.2240
5.5087 4.0964
3.8959 3.0054
2.4760 4.0778
5.2783 5.8234
4.5763 -1.0244
5.7848 2.4937
3.2783 5.8351
1.8803 1.2142
2.4663 3.0792
0.8597 4.9717
2.8616 1.4883
1.3172 4.4918
3.3822 6.7032
4.5927 1.6947
4.5718 4.4704
0.0961 2.5424
4.5215 4.6163
3.3051 4.5493
2.7036 3.9537
3.9156 3.1113
3.3075 -0.1389
6.0191 2.5676
6.1638 4.1293
3.9573 -0.1874
6.4848 -0.9774
2.3924 3.3612
1.6390 2.2843
4.1059 0.0422
2.3490 2.9862
3.4235 4.3727
4.8615 1.3673
3.9502 -1.4266
3.8189 3.1290
3.1027 5.1523
2.6838 3.5942
2.6657 7.0584
3.8291 6.1567
2.6071 3.5876
1.5833 2.1595
0.9028 0.4258
1.0789 -0.2425
4.3675 4.4841
3.0677 4.8348
3.8619 2.0758
4.0714 6.0007
-7.1245 -10.2054
-5.8936 -11.3725
-9.9613 -8.0120
-7.2271 -10.3208
-7.2961 -9.5215
-7.3289 -10.2370
-8.8449 -10.9772
-7.7591 -8.1779
-6.7108 -8.9033
-6.0442 -7.0514
-10.4063 -7.9083
-4.4964 -11.2972
-7.6279 -9.6161
-7.2256 -10.3560
-9.0004 -8.4851
-5.2597 -9.7011
-4.9139 -10.1682
-6.5227 -6.3014
-10.4960 -8.6981
-7.0635 -8.7330
-5.8194 -9.7862
-6.3781 -9.6449
-7.9372 -6.9557
-9.2578 -8.4116
-6.0201 -9.9565
-6.2806 -8.4811
-6.1280 -8.7690
-7.2180 -11.3504
-3.9155 -10.3367
-8.6381 -8.8045
-8.5840 -12.6700
-6.9748 -10.0024
-5.8605 -8.1407
-8.2416 -11.1294
-8.9522 -7.0129
-5.8906 -9.3405
-8.1799 -8.3855
-12.2680 -9.9536
-7.6641 -9.5718
-7.9365 -7.1677
-2.1345 -11.2168
-4.5982 -11.1520
-5.1367 -8.3776
-6.4330 -9.3420
-6.2824 -10.7202
-7.6892 -11.9131
-3.5886 -9.7806
-9.9728 -12.5223
-12.3022 -8.1778
-5.5127 -8.2479
-8.1526 -7.4345
-10.5920 -4.7249
-7.6510 -5.2367
-7.8684 -7.4303
-7.1123 -6.8894
-8.1631 -9.0000
-10.3300 -8.8705
-7.5091 -10.5831
-7.4934 -10.7060
-7.8857 -7.5044
-6.5663 -9.6756
-5.6369 -7.4241
-7.9108 -8.6058
-10.4851 -11.1048
-5.6855 -11.5307
-4.0189 -8.0617
-4.4387 -10.1618
-6.9044 -11.6769
-4.4730 -8.7380
-9.5779 -8.7108
-8.4175 -9.4448
-6.7702 -12.6790
-9.4871 -6.9934
-7.3635 -7.9902
-9.0713 -9.8410
-6.9247 -8.1485
-6.0587 -9.2632
-8.6993 -9.9895
-9.1383 -11.3578
-6.3945 -6.3395
-8.2126 -7.4858
-10.7258 -9.8932
-9.4737 -9.2640
-7.5418 -8.5631
-5.2527 -10.1909
-8.8823 -7.5311
-6.4358 -7.3744
-1.3789 -8.3678
-4.2614 -11.6283
-7.8379 -8.8449
-7.8682 -10.0170
-6.3212 -8.8060
-8.5823 -7.7774
-4.4290 -5.1875
-8.5631 -8.7117
-7.6380 -8.3923
-8.6115 -11.5226
-6.2777 -11.0994
-8.1069 -9.9382
-2.5152 -11.7243
1.2590 -6.1120
0.6636 -8.0973
-0.3786 -9.5242
-0.3470 -10.7333
0.9173 -7.9803
-0.1090 -5.9705
1.3424 -7.5416
-0.9989 -6.2759
-0.3964 -8.6342
1.5889 -9.2824
0.0517 -5.1947
1.1634 -7.1747
1.0438 -5.9537
2.4727 -3.6912
0.3847 -9.5592
-3.4551 -7.0645
3.2530 -5.4873
1.1363 -6.4567
3.0856 -7.6437
2.5465 -8.4002
1.9109 -5.8165
3.7787 -5.8639
4.5592 -5.8169
1.5999 -5.9682
4.6752 -9.1207
-0.7445 -6.2531
2.7641 -6.9357
2.7364 -7.5921
2.2407 -6.0078
2.4621 -6.9469
0.8747 -7.9221
1.7388 -7.6226
2.2601 -7.7577
1.6376 -8.0328
0.7782 -7.1101
0.0671 -8.6134
2.2586 -9.2370
2.6414 -6.0314
0.4712 -7.9689
0.5458 -10.0322
0.7981 -7.0239
1.1018 -4.7605
2.4764 -5.3982
2.9704 -9.3074
1.2897 -6.3270
1.7346 -7.6025
4.7202 -4.8012
-1.5123 -4.9906
3.6330 -5.6274
1.1100 -5.7212
5.6301 -9.6131
3.4333 -7.7601
3.6068 -7.8661
4.7491 -8.2751
0.0978 -9.7639
5.9429 -6.7045
-0.5319 -6.1039
5.9848 -12.6123
0.5366 -8.6420
3.7192 -10.0962
2.5791 -5.5576
-0.9926 -10.3926
0.7275 -8.2107
3.7588 -9.8881
1.8271 -8.2495
-0.2918 -5.4259
3.8523 -5.2419
0.3509 -8.5407
-0.4962 -7.4087
0.3198 -5.9665
1.9476 -8.3769
1.3107 -8.0949
0.9865 -8.1657
0.8727 -9.1079
0.4561 -4.8776
2.1738 -7.7580
0.2579 -9.9149
0.2627 -3.3559
1.2863 -7.3785
0.5576 -6.7709
3.2293 -9.0421
-0.0556 -9.4703
4.2649 -9.6593
-0.7656 -10.6189
1.4786 -9.1330
1.3850 -9.5013
1.5712 -7.5569
2.7832 -7.6695
2.7557 -7.7844
5.1779 -7.3297
1.3423 -4.9661
2.4563 -8.8852
-2.5098 -7.8876
-1.7209 -6.4811
6.3999 -9.1359
4.0205 -8.1415
2.0837 -11.7516
2.4047 -8.4944
-0.6175 -8.6827
1.8688 -8.9571
-1.0927 -7.4202
1.6256 -3.1277
-0.7747 -4.7853
-2.6476 -2.3558
0.7872 -4.7170
2.8797 -5.2263
-1.8685 -3.3371
1.9127 -3.5514
2.5140 -1.5914
-1.2538 -6.6007
-0.2332 -6.3065
-1.7575 -3.9037
-0.4582 -0.1104
0.9991 -3.6906
-1.1369 1.5463
-0.2127 -3.2222
1.9748 -6.1052
0.2356 -1.2122
-3.1817 -3.5644
-1.6457 -4.7006
-0.2991 -4.3242
0.8794 -1.1692
-2.7979 -5.4511
-4.5039 -4.9777
0.2084 -3.6183
-0.1872 -4.1319
-2.1105 -4.1486
2.3863 -6.5257
0.5180 -3.4773
-0.6583 -1.9095
-0.5647 -6.2428
2.1457 -7.8451
-0.6745 -1.8765
0.3896 -3.2860
0.3735 -4.2117
0.2856 -5.3424
1.7730 -6.9067
0.7689 -0.4167
2.5846 0.3613
0.2059 -3.0999
-0.8769 -6.6831
0.3560 -2.2791
1.5581 -4.4731
-0.2650 -1.3158
-0.6981 -5.4540
2.0359 -2.4260
-1.8467 -2.4122
-1.3007 -4.7904
1.9114 -6.2207
-0.6396 -4.0281
-0.9394 -3.8785
1.4541 -3.3632
-3.9173 -0.3364
-1.2647 -2.1627
-0.1268 -2.8849
0.4204 -6.5285
0.2829 -5.5547
4.3415 -3.2157
-2.2507 -3.6007
-0.2676 -2.0937
1.4904 -1.5712
-0.3417 -3.9482
-2.7766 -3.1754
-1.4230 -4.3581
-3.3315 -6.7211
1.5226 -2.4406
-0.6977 -4.1862
1.7785 -6.6800
0.2979 -4.0688
1.5677 -1.8452
2.0754 -2.7763
-0.4803 0.1660
-0.4012 -2.0939
-1.8335 0.3775
-0.8718 -0.7926
0.6915 -2.0334
-2.1705 -5.0794
-1.9504 -3.8334
1.9069 -2.0921
0.6736 -1.5020
-0.7822 -4.2139
1.4035 0.2035
-2.6354 -4.1927
1.1949 -2.0910
1.9765 -3.6348
1.5962 -1.7871
0.4093 -2.2687
1.0390 -3.8826
0.7469 -2.5826
-2.2662 -2.2727
-0.0651 -3.5887
0.2912 -5.5435
1.2917 -4.9560
-0.1923 -4.4023
-0.5147 -3.7239
-0.1226 -3.7207
1.2850 -4.0118
1.2439 -5.4399
-1.0978 -4.5795
0.4334 -4.6141
-6.6258 -5.6371
-7.3151 -10.4541
-10.2363 -4.3349
-4.8692 -5.6498
-10.0234 -7.7389
-3.8058 -4.8375
-5.5837 -6.2589
-6.4031 -4.8286
-8.0603 -6.4176
-8.0279 -4.5852
-8.6109 -4.6636
-7.7157 -5.1719
-9.3290 -3.7571
-9.2423 -5.8254
-5.4973 -6.3791
-8.0023 -7.2898
-7.9500 -6.3953
-10.2041 -3.6225
-8.2729 -4.6670
-7.3192 -5.1706
-5.7888 -7.4853
-10.0369 -5.1173
-9.5563 -10.5502
-9.5403 -10.6423
-7.0473 -8.1399
-7.1827 -4.7817
-9.9253 -9.4767
-8.4680 -7.9812
-6.3648 -6.3541
-7.1242 -4.4572
-9.5598 -2.9649
-8.3196 -7.2583
-9.5907 -5.0576
-5.5945 -5.0437
-5.9695 -5.9834
-9.5744 -7.2325
-8.5249 -4.9858
-7.7231 -7.4289
-6.6105 -5.5414
-7.9450 -5.2313
-9.8625 -6.7239
-6.9644 -7.4807
-10.3804 -7.6292
-8.5301 -5.1566
-9.1538 -6.9946
-8.4214 -7.8528
-10.5726 -7.6842
-10.4952 -7.3077
-7.7504 -6.8848
-10.4775 -6.7722
-8.5598 -3.1914
-5.8533 -7.2502
-9.3491 -4.8547
-5.8102 -6.1808
-10.1112 -5.1619
-6.7599 -7.4641
-7.6773 -4.6629
-5.5747 -7.1603
-7.5875 -10.1733
-7.9501 -9.1102
-7.9529 -7.2318
-6.3575 -4.6458
-9.0126 -5.4750
-7.2234 -3.2855
-3.2840 -7.7664
-6.5695 -6.2626
-7.0891 -4.5116
-7.7685 -6.1025
-9.8362 -5.9944
-9.5359 -4.6019
-7.7644 -6.3000
-7.9823 -4.0143
-8.9764 -6.5614
-6.2449 -4.6951
-9.8871 -3.3499
-7.7420 -8.0636
-10.8849 -9.2723
-8.6302 -8.4183
-5.6580 -6.1163
-6.5855 -9.5789
-6.8826 -6.4491
-8.7719 -4.7823
-11.2513 -6.6040
-5.9257 -6.4385
-6.5288 -7.3256
-8.0053 -6.3466
-5.2365 -4.5054
-6.1530 -7.4556
-8.2253 -4.5453
-8.2006 -6.3251
-8.1825 -8.7015
-7.9512 -5.1515
-7.0125 -5.6602
-9.5359 -4.2450
-6.4487 -6.3174
-8.2045 -10.7863
-9.7643 -4.9392
-9.2594 -8.9412
-8.4579 -6.1230
-8.7665 -9.0183
