3.7613 5.2336
4.1077 0.5081
3.5338 4.1214
2.9185 3.6595
2.7888 3.4083
2.4796 3.8974
1.9333 3.0826
5.1483 3.0257
3.6691 3.3876
1.5983 2.1179
2.6810 3.9502
3.2929 2.6510
5.2861 1.7203
2.1054 3.0666
4.4058 2.8482
2.1784 1.3351
3.0229 4.7191
4.5217 4.1148
4.7837 2.1982
5.1026 3.1033
1.2906 2.6884
4.2203 -0.3650
1.4677 2.7262
2.8019 1.7855
4.1977 2.1214
5.0289 3.0582
0.9985 0.3374
2.8007 2.4815
4.3599 2.3335
2.7211 2.0609
6.1605 0.7319
4.2193 1.8133
4.6302 0.4737
2.5233 3.7885
1.9125 2.8769
6.3472 2.7760
3.6511 4.5354
4.0516 2.3914
1.6348 1.3096
5.6102 1.1569
3.5825 4.7160
3.0265 3.1466
4.4097 2.8196
3.3378 3.5656
4.6085 3.5051
1.8754 2.2721
5.1017 4.5532
4.9916 1.4938
3.2366 3.6614
2.9449 1.2251
4.6881 4.4845
2.6077 2.4036
3.3081 4.2532
3.5717 2.9805
5.3875 1.9345
3.8358 2.3459
2.1957 4.8472
2.1088 3.3438
2.4764 2.4933
3.9163 3.4272
5.3495 3.8810
2.6652 4.3051
4.0008 1.3277
2.1282 1.4432
4.0687 3.9582
2.1859 4.1588
2.6617 3.1344
2.3657 6.1922
3.5611 2.2463
3.8920 1.0836
2.3392 3.9100
2.0311 3.2075
5.3528 1.0631
4.6964 3.6559
4.5445 3.4355
3.0352 2.9530
4.3774 3.5598
5.3422 3.5205
4.5418 2.4405
3.8525 4.8608
4.3608 1.7452
1.9127 3.3802
1.6301 2.1735
4.9368 0.8185
3.9252 1.8551
2.7477 1.0655
5.5490 0.9300
5.5378 4.7247
3.0542 2.0531
3.0213 4.4609
3.7661 5.0329
2.2055 3.3506
2.3857 2.3349
3.1436 3.0711
2.3054 3.1027
3.7770 3.9828
1.2018 1.4878
2.8825 2.3887
1.5054 1.3184
3.9716 2.4659
-7.3620 -8.3584
-9.5227 -10.1720
-9.0080 -9.8194
-8.2155 -8.7807
-8.8384 -8.0933
-9.2172 -7.2779
-6.2780 -8.0018
-6.6575 -9.3371
-6.3906 -9.7485
-7.0744 -8.3287
-5.8429 -7.7543
-5.4541 -8.7492
-7.7768 -8.3197
-7.7792 -8.4537
-8.6593 -9.5503
-8.1925 -8.8942
-6.7616 -9.4690
-6.5519 -8.0107
-5.7449 -7.3209
-7.9831 -8.1941
-5.9515 -10.5568
-4.7108 -9.3965
-9.2324 -8.9790
-5.8721 -7.5136
-7.5475 -8.6926
-7.5405 -8.6772
-7.2567 -8.7133
-8.1748 -9.3943
-5.7556 -8.8340
-7.3890 -8.8894
-6.9986 -10.8668
-6.9687 -8.8933
-5.2481 -10.5260
-8.3368 -10.1288
-5.3282 -11.0854
-4.4807 -5.8898
-8.6402 -8.2625
-7.9340 -8.5755
-8.5013 -8.4988
-9.0609 -8.4238
-6.3914 -9.1334
-6.1061 -8.5149
-7.1345 -8.5131
-5.1650 -8.1697
-8.3963 -7.8108
-6.6680 -9.9333
-7.6879 -8.2230
-7.0330 -10.7851
-7.3908 -7.8517
-9.8596 -9.9253
-6.2663 -10.3131
-5.2700 -10.7277
-8.6017 -10.4826
-7.7837 -9.4237
-6.6287 -6.8087
-7.6086 -8.1542
-7.5099 -9.5502
-7.7098 -8.8933
-7.7718 -8.2357
-5.5040 -9.9294
-7.7555 -8.1994
-6.4675 -7.1638
-4.3595 -10.7844
-5.7515 -10.3592
-6.1171 -9.1189
-8.8737 -8.6707
-6.9124 -8.6650
-6.7406 -9.3089
-4.8572 -7.5400
-8.3198 -7.5513
-9.2004 -8.9421
-8.7865 -10.2816
-6.3748 -9.1614
-5.9890 -7.0995
-7.5450 -8.6862
-7.0433 -10.2476
-7.5993 -8.7165
-8.2230 -11.5226
-7.0900 -9.8299
-6.0211 -8.4524
-7.5327 -8.4100
-6.1955 -7.9220
-7.3659 -8.5862
-9.3889 -8.3834
-7.4821 -9.5180
-6.6039 -9.0764
-9.7212 -8.6002
-7.4789 -8.4490
-6.3362 -9.9255
-7.1877 -6.9645
-7.6218 -9.0254
-8.3614 -7.0296
-9.9533 -10.4168
-7.4846 -8.4885
-6.4333 -7.8386
-6.6588 -7.3608
-9.5314 -8.6149
-7.7990 -9.0910
-6.2861 -10.4989
-9.1760 -8.5586
1.5988 -10.2757
1.3640 -6.9124
2.2452 -7.3915
2.2887 -8.2785
1.8707 -5.6411
1.0308 -6.3279
1.5059 -9.5761
1.6440 -7.2501
1.0890 -8.9634
2.2900 -8.5737
2.5617 -8.0864
0.7518 -8.2964
2.1219 -7.6519
0.5378 -8.6106
0.7718 -10.1168
2.4598 -5.1884
4.4720 -8.5828
1.3426 -6.3900
0.9741 -6.2822
-0.2539 -6.7612
-0.1968 -6.7163
4.6501 -4.8576
2.1798 -7.2646
-0.7423 -6.3690
2.6767 -7.6460
0.6109 -9.7854
1.1021 -7.7379
1.8688 -9.4254
0.7968 -5.8337
1.1806 -7.4738
0.1408 -8.5672
0.8400 -7.4511
0.4048 -8.4262
-0.3343 -10.0970
1.0969 -8.7454
-0.1310 -7.2962
2.2195 -6.8937
0.7038 -7.3525
1.2836 -7.9379
0.7307 -9.5425
1.2792 -8.0746
2.3571 -10.4606
3.4479 -7.0351
2.4282 -6.9340
1.6931 -8.2532
1.3393 -7.5705
2.6142 -6.9018
1.3041 -7.3678
1.2784 -6.9783
1.9046 -7.8930
3.3580 -7.7686
1.7503 -7.9222
0.1204 -6.8257
1.6238 -8.1871
-0.0790 -9.7112
1.6085 -6.7655
1.3074 -7.1344
2.6912 -7.3483
1.9480 -7.1206
2.5757 -6.1132
3.1204 -6.6825
2.9998 -4.9464
2.7756 -7.1182
3.6358 -7.8890
0.9933 -8.1865
2.4587 -6.1226
1.1113 -7.2847
2.2274 -6.2033
0.0468 -6.7773
3.0373 -6.4073
2.2663 -6.3909
0.3881 -7.2900
-0.7077 -7.9180
2.7891 -8.0301
0.9971 -5.7641
0.6999 -8.3065
1.8672 -8.5716
2.6151 -4.5663
2.9982 -5.9064
2.5407 -7.9498
1.7510 -6.4884
1.1015 -7.8035
-0.0868 -7.3753
2.1615 -6.9596
-0.4374 -8.9250
0.8888 -9.2955
0.1098 -6.8656
-0.0743 -6.0801
4.4133 -8.9011
-0.0887 -11.9057
2.5740 -8.3391
2.9901 -7.9713
1.5414 -5.3960
3.2582 -7.2279
1.7030 -7.1520
5.1731 -6.1171
-0.9604 -7.6701
1.8098 -7.6293
2.2442 -8.0489
1.7131 -8.1644
-0.1908 -3.0668
-1.6273 -3.8976
1.6404 -1.9307
0.8476 -3.7807
1.0047 -0.9630
-0.8027 -2.5480
3.2414 -3.2149
-0.4157 -3.6004
1.4004 -0.6448
-1.3582 -3.6511
0.4012 -4.0167
0.4862 -3.5788
1.9169 -5.2300
0.9068 -3.3258
-0.9892 -2.2687
-0.1408 -4.3985
-0.3099 -3.6182
1.1217 -3.0002
0.1170 -4.1167
-0.3706 -3.0115
0.1466 -5.2204
-0.1496 -4.9530
1.2379 -3.3656
-0.6049 -1.6693
2.4166 -4.4105
0.3661 -4.2894
-0.0264 -4.6456
-1.9066 -6.2557
-0.8841 -3.3280
1.0841 -1.7804
-0.4397 -3.1701
0.8036 -4.7875
-2.6404 -3.3874
1.1296 -0.6261
-0.7228 -3.3512
-1.6306 -1.8735
-0.5164 -2.9875
0.5793 -3.1516
0.7563 -4.9707
1.9637 -1.9612
2.7734 -1.5277
0.3121 -1.8231
-1.3309 -5.0276
-0.3347 -3.7709
2.0460 -3.5328
2.9545 -4.4877
-2.3202 -2.3710
1.7503 -2.6917
0.1860 -4.1517
0.9026 -2.6910
2.6493 -4.1179
0.5434 -3.8304
0.9529 -3.3860
0.9574 -3.7277
-0.6440 -2.9405
-0.3756 -3.9977
1.5600 -3.0283
1.0207 -4.9694
2.2351 -1.5460
1.5430 -4.4949
2.3091 -4.2550
-1.5731 -4.1444
1.3162 -3.4588
1.2927 -4.5656
-0.4792 -4.4452
0.3186 -1.5526
0.2567 -3.7348
-1.4430 -3.2948
1.1675 -6.1149
-1.4464 -2.9972
2.3310 -3.6047
1.9277 -4.7572
-1.4170 -1.4821
0.6294 -3.4845
0.7993 -4.3027
0.9430 -2.5969
1.9869 -3.4027
-3.3071 -1.0499
2.8608 -4.3928
1.9474 -2.5477
1.0379 -3.1966
-0.3260 -5.1375
-0.8294 -1.4190
1.7800 -3.9411
-0.8205 -1.8105
-1.3250 -4.8847
0.6339 -2.4485
1.3609 -6.0376
-0.0758 -3.3037
1.0037 -3.5760
-0.3804 -3.2867
-1.7969 -3.7092
0.6304 -3.8099
2.3095 -4.9651
2.9512 -2.8590
0.2670 -4.5722
-0.3526 -3.5432
-0.2578 -3.7915
-0.3461 -3.0299
-0.3231 -3.4378
-7.8245 -5.8137
-7.4104 -5.8863
-6.0424 -5.3358
-5.5948 -5.7639
-7.1829 -6.6585
-7.1933 -7.8891
-6.0085 -7.2909
-5.7871 -7.2088
-8.3471 -7.5258
-6.9701 -6.7849
-6.4262 -6.7574
-8.1790 -2.7976
-9.0859 -7.3987
-7.3610 -4.6237
-10.5005 -8.1309
-6.1850 -8.6015
-8.4862 -5.9055
-7.7509 -6.6414
-7.6286 -5.6418
-7.2871 -8.4169
-7.9334 -6.3649
-6.3154 -4.3956
-7.8987 -5.4587
-6.9044 -6.0855
-8.1994 -4.9783
-7.8191 -6.4777
-9.8342 -6.2373
-8.5936 -7.1862
-8.3193 -7.8089
-9.6925 -5.7309
-7.7513 -8.2435
-10.0922 -6.9784
-9.5789 -5.2481
-7.9346 -7.2724
-7.0725 -8.1073
-6.0701 -6.6898
-8.3762 -3.6117
-9.6781 -7.0870
-6.8068 -3.9451
-9.0058 -5.2701
-7.9482 -7.7285
-7.8113 -9.1520
-7.5347 -7.6324
-12.0754 -7.6111
-9.4152 -4.9748
-9.4877 -7.1292
-7.8370 -5.9525
-6.2471 -4.6518
-6.0860 -5.0988
-8.7021 -4.5647
-7.0687 -5.2917
-7.6054 -4.7535
-8.6461 -6.4366
-10.6126 -9.0547
-8.5134 -7.0744
-7.7710 -4.9343
-8.6584 -5.3856
-9.6773 -7.3503
-7.7017 -6.0254
-10.1361 -8.2915
-8.7463 -8.1258
-8.5893 -6.7823
-7.6776 -6.8527
-7.7948 -8.9765
-7.9750 -6.5195
-6.9206 -6.5389
-8.9316 -5.9903
-9.8142 -7.6333
-8.8544 -7.1770
-6.1705 -8.0415
-8.4580 -5.9584
-7.2310 -7.5729
-8.0698 -3.1150
-8.4522 -5.9381
-7.4187 -6.7290
-8.0036 -5.1452
-7.7702 -6.0786
-7.3635 -4.7283
-7.8658 -5.0189
-10.0167 -7.1474
-7.0827 -5.6709
-8.8264 -5.5258
-7.6567 -8.4485
-6.3215 -7.7623
-9.2963 -5.1871
-5.4776 -6.4038
-9.1089 -6.6459
-9.1891 -7.3889
-8.0920 -5.0451
-9.2860 -5.9579
-9.1799 -5.4841
-7.4274 -6.2566
-8.1224 -7.7765
-8.0296 -6.0465
-6.4338 -6.1513
-8.7138 -6.0532
-6.4676 -6.7701
-8.6808 -3.9899
-7.0506 -6.5756
-5.7952 -6.4346
