1.1475 0.8542
3.4069 1.1508
3.2225 2.6342
2.3372 4.2643
0.6575 4.0792
0.3025 4.4660
0.7326 3.2950
4.9967 2.5218
4.8310 4.9875
3.2785 4.5485
4.7348 1.2364
-0.8325 3.2356
0.6987 3.8199
2.9968 1.4245
3.7980 -1.4397
4.2102 1.6714
5.0448 1.2255
3.0586 3.2456
3.6900 4.4428
4.2068 3.0415
4.1791 5.2578
0.7536 1.4768
3.8803 1.8797
5.3274 3.3342
0.6419 4.5482
4.2262 3.9877
1.6094 -0.4697
4.4454 3.6673
2.0800 2.4711
4.4922 5.9545
4.0023 2.5579
5.0967 1.5864
5.2825 -0.2900
3.0233 6.4952
2.9657 2.4283
4.4046 2.6091
6.3555 4.2689
2.8131 4.6908
5.1505 3.7873
6.1270 1.2019
3.9609 1.1405
2.7180 0.7498
3.4339 0.8528
3.8152 3.7173
3.6376 3.6931
2.7553 0.7662
6.6500 4.5359
-0.5961 5.0637
4.0070 -0.2251
3.9265 2.8080
4.6532 6.6301
4.2404 5.5239
4.0997 0.1438
4.4353 2.0401
0.2968 1.7180
0.9783 3.1799
2.9132 2.7708
2.5924 0.7783
1.3755 1.5017
2.0737 2.0007
2.5379 3.4559
2.7491 7.0049
-0.0446 3.1714
1.5716 4.7134
4.1368 3.0922
3.0200 1.1556
-0.5828 2.6957
1.4827 4.0580
0.5579 2.7785
1.7844 3.2938
3.4402 2.3010
4.9635 -0.0601
3.4156 2.6486
5.5857 2.0183
0.8621 3.7735
2.2991 3.8995
5.1212 5.7274
3.7267 2.6568
4.3269 3.4319
3.9052 4.4224
1.6122 5.6643
4.7235 2.6264
3.9231 2.4640
5.1244 4.6872
2.5206 2.1109
2.6665 3.8917
-1.9769 5.7563
6.2986 1.2243
2.7840 3.0571
2.0582 5.3096
5.6606 5.4480
2.4039 4.3077
4.6247 4.3732
4.7368 0.3472
-0.2898 3.0947
2.4379 4.8758
1.2863 1.2294
5.2245 1.9105
6.3015 1.9342
4.8755 2.6780
-6.9997 -12.2173
-7.2785 -10.0031
-8.5118 -11.8640
-5.3002 -10.4820
-9.9041 -10.4955
-6.7989 -8.8611
-5.8895 -8.3990
-5.1257 -6.6267
-4.4137 -9.7929
-6.9390 -12.8302
-5.5224 -9.4465
-5.2429 -8.0055
-6.6149 -11.1529
-4.8522 -7.9764
-6.0358 -7.7171
-8.7560 -10.7134
-7.3055 -10.9801
-8.5630 -10.2510
-7.1552 -9.0808
-6.7167 -8.0269
-3.5393 -10.7877
-8.3537 -10.6208
-9.3850 -11.4240
-7.7737 -9.0210
-4.9748 -10.3522
-5.4857 -10.7842
-9.5473 -10.1211
-8.0460 -11.0012
-6.6725 -10.4599
-5.7445 -10.9257
-6.5030 -8.2935
-7.9347 -7.7119
-6.5315 -6.6977
-8.0944 -9.3109
-5.7780 -11.3666
-9.6470 -5.1270
-7.6420 -8.0872
-7.6179 -7.5023
-6.4476 -7.4801
-7.4748 -7.0397
-6.1494 -10.7715
-8.0760 -9.5445
-7.4514 -7.9294
-5.3438 -7.6436
-6.1680 -8.7498
-4.1633 -10.0587
-3.6020 -8.7295
-5.2629 -9.2209
-6.9588 -8.4158
-5.7435 -8.6121
-6.3295 -9.4171
-4.4246 -13.7116
-7.1179 -8.0685
-8.9680 -9.6775
-5.9138 -11.3629
-7.3004 -9.7862
-7.1503 -8.3191
-7.3274 -7.2440
-7.8906 -8.6949
-4.5357 -9.9654
-10.5976 -9.3339
-8.5623 -9.6348
-6.1324 -5.9164
-3.1985 -8.4287
-5.1972 -6.3738
-8.8518 -8.9794
-7.4378 -9.1645
-8.3334 -9.1591
-5.0843 -9.7505
-8.7779 -6.4669
-7.7209 -8.8156
-8.0560 -11.4503
-7.1093 -7.9582
-9.5251 -9.7830
-9.0392 -8.9873
-7.1664 -10.3170
-7.3936 -9.6151
-7.2402 -10.2439
-6.7456 -10.2080
-9.7082 -11.4903
-8.5096 -9.8700
-7.0255 -12.1461
-6.7860 -7.1627
-5.7295 -10.3329
-7.7054 -10.1564
-7.8214 -7.4801
-5.5223 -9.6066
-7.6614 -9.3896
-7.2990 -12.5103
-6.5064 -6.6696
-7.7560 -9.3225
-11.1592 -10.1385
-4.9000 -8.8067
-8.0981 -9.4882
-7.5605 -8.0856
-9.1698 -9.6652
-5.1731 -7.6797
-11.1075 -9.9850
-6.5974 -7.5887
-5.0936 -10.6326
3.0374 -8.1840
1.1513 -7.1495
0.4017 -6.0197
1.2678 -7.8455
0.6161 -8.7956
-0.8939 -3.8954
-0.1969 -7.1404
1.6987 -6.7733
0.6733 -7.5706
5.6165 -7.7239
2.2721 -8.2087
2.5861 -8.6464
-0.7468 -8.8021
3.4392 -9.0523
1.2237 -7.2994
1.5472 -8.6531
1.5812 -5.1251
-0.3299 -5.5715
4.7574 -9.1472
3.2264 -7.4175
1.0074 -9.3814
1.5769 -8.2382
2.3561 -10.0519
4.8247 -5.8571
3.5855 -8.5320
0.7109 -6.1359
2.7687 -8.9809
-0.4216 -10.5738
1.3427 -8.4595
0.5595 -8.1925
5.0537 -9.3338
2.3914 -7.5098
1.0740 -5.5641
0.7795 -9.2482
1.3165 -7.4763
1.7323 -9.5702
4.6518 -8.3150
-0.1368 -6.6340
1.9404 -6.9077
0.5293 -7.4730
2.4075 -7.6225
3.4916 -6.7060
1.9895 -9.3181
0.0232 -10.1416
2.0127 -9.2971
3.5389 -6.5610
1.6982 -8.5265
0.3466 -5.6581
2.0889 -9.1203
3.5243 -4.4358
4.4028 -4.4368
1.8411 -7.0853
1.2389 -8.6811
2.5159 -7.3403
4.4353 -10.0616
3.1478 -6.1021
2.0227 -5.6589
1.8604 -9.2857
3.8154 -6.4183
1.1443 -6.4237
-0.8861 -10.5212
2.5691 -5.7015
4.9626 -7.6964
-0.7767 -8.9960
2.1614 -7.4005
3.4997 -10.9225
0.8296 -5.7203
0.8374 -9.9192
3.0030 -7.9467
4.2492 -7.5106
3.1055 -4.3070
-0.1543 -9.3167
1.8317 -8.0109
0.9699 -7.1641
0.6509 -7.6150
0.7827 -8.4772
-0.7099 -8.8162
3.1191 -5.5239
0.1145 -8.4335
2.8895 -10.8307
4.1877 -10.4963
-0.8811 -5.3052
3.1259 -5.9753
2.9176 -7.1792
1.9199 -6.3558
5.0337 -7.3349
-0.3290 -4.3661
1.0562 -8.1627
-0.1716 -8.3818
2.2605 -4.8952
1.5710 -7.6604
4.9881 -8.7342
1.4873 -7.0696
3.4270 -6.6002
-1.3841 -7.6752
-1.3773 -7.7804
-1.1850 -7.6099
0.0699 -7.8888
1.2972 -9.7846
1.9536 -6.2635
-2.0513 -4.3823
2.6740 -2.0053
1.2037 -4.1826
0.6772 -2.3401
-2.5866 -5.1593
-0.8524 -3.7326
-0.3938 -6.2732
1.6894 -6.5036
0.5739 -6.9964
2.5377 -5.3849
3.2415 -0.7254
1.6477 -3.4911
0.7239 -0.5752
-1.2910 -2.8049
0.6213 -0.9359
1.1399 -5.2937
3.5062 -5.2769
0.7559 -4.5052
-0.2001 -2.8295
2.1922 -3.4818
1.3648 -5.1682
-0.8019 -3.1338
-0.6615 -1.0494
1.4688 -4.6896
-1.9261 -0.8803
0.6653 -2.4987
0.3150 -1.1651
-0.3990 -6.7857
0.7581 -1.1307
-0.4182 -2.9901
0.6875 -2.8942
-0.1199 -2.3786
1.4655 1.0137
-1.1204 -1.6829
1.9750 -3.0003
1.4985 -3.4642
1.1230 -4.2786
-0.3917 -4.0921
-1.7832 -3.4343
1.4314 -6.7867
-0.9243 -1.7506
2.0742 -3.3588
0.3634 -4.9337
0.2580 -4.1856
3.0641 -6.8008
2.4508 -4.1775
0.5283 -1.5985
3.2651 -6.3566
0.5929 -7.4794
0.5548 -1.7119
-0.4836 -2.2132
0.0011 -2.5899
2.7078 -1.1654
2.5295 -2.9496
1.9991 -3.7419
0.5776 -1.6694
-0.6636 -1.3880
2.1286 -1.7779
1.0186 -6.0397
-0.8216 -1.7106
-1.1401 -4.0884
-0.0492 -3.0882
0.3283 -6.8300
-1.0962 -0.5653
-1.8715 -2.7228
-0.0714 -4.1452
1.2531 -6.1433
1.5721 -5.4589
-2.0413 -3.1257
0.3832 -4.2509
1.7098 -2.2773
-1.5981 -4.8678
-0.0562 -3.0445
-0.1331 -5.8359
0.3198 -7.1645
0.4537 -3.5480
2.3962 -4.4545
1.0116 2.9741
0.7114 -2.7645
-1.1735 -4.4372
-0.2025 -1.4801
1.7393 -4.8810
-2.5513 -1.8551
-0.2370 -3.6028
1.2527 -2.6878
1.2625 -1.4797
1.2896 -3.4520
-2.2846 -1.3033
-0.9249 -1.5622
-1.5107 0.1768
2.8613 -3.5089
-2.6395 -3.4990
-1.8604 -2.8767
2.9137 -3.6268
0.4958 -4.7432
0.8963 -3.7078
0.8341 -3.6301
-0.0892 -4.9969
1.7543 -2.9060
-0.3574 -1.1070
-10.1559 -6.6423
-9.1266 -5.0098
-5.2208 -7.7014
-11.1170 -8.8601
-7.4675 -8.1779
-9.0103 -7.7040
-7.0255 -6.3988
-12.1529 -7.9839
-7.8187 -5.8919
-5.4813 -6.2213
-5.6786 -7.1718
-11.9187 -7.2606
-6.2162 -8.5854
-6.4168 -4.5109
-8.5782 -9.4370
-7.6393 -4.7752
-6.5240 -4.8266
-7.4505 -10.6968
-6.2357 -9.6653
-9.3873 -6.2631
-4.6108 -7.7422
-7.6977 -7.5923
-8.3195 -7.2542
-6.7394 -8.5171
-5.8913 -10.6628
-9.0138 -3.3509
-8.0410 -7.2303
-4.6170 -5.1869
-7.8114 -5.7717
-8.5842 -8.4932
-7.6345 -7.8726
-5.6158 -10.1246
-9.3885 -6.7157
-7.7385 -7.9453
-5.0386 -4.2167
-9.9894 -5.8144
-8.1738 -8.6272
-7.0349 -6.2570
-8.6172 -11.4204
-7.5615 -8.2889
-7.3262 -3.2290
-7.4738 -8.2228
-7.9553 -3.2511
-9.3851 -4.4990
-6.8837 -7.6875
-9.2187 -11.6856
-7.0181 -4.8187
-8.6749 -5.1993
-9.3259 -5.9720
-6.0392 -5.6969
-8.6610 -7.5773
-10.5016 -5.4261
-11.3514 -2.5889
-9.2427 -5.8724
-8.7893 -6.9424
-7.2690 -6.0925
-8.6804 -4.7374
-8.1589 -5.8381
-7.1839 -6.1991
-7.7437 -10.2583
-9.0778 -4.5235
-10.5269 -6.8670
-7.0430 -7.4116
-7.7181 -9.9428
-5.6742 -8.5834
-9.8948 -7.2776
-9.7399 -6.4062
-5.9269 -4.9890
-10.2741 -4.0014
-8.0245 -6.3646
-5.9106 -9.1416
-4.1468 -6.2266
-6.0342 -7.1849
-9.6997 -6.1244
-8.7783 -6.0986
-8.7259 -3.9430
-9.8666 -7.1412
-5.6986 -7.6904
-7.2158 -4.8439
-10.1245 -5.9372
-4.5923 -8.1814
-4.4306 -6.4652
-4.7653 -8.2173
-7.3590 -5.7008
-9.1568 -6.3594
-6.8286 -6.2551
-7.8354 -5.7419
-6.8834 -5.2436
-6.8127 -6.7088
-11.5241 -8.6796
-6.8753 -10.5139
-9.1921 -8.2043
-7.8132 -10.6736
-7.9577 -10.5730
-7.6450 -4.8861
-4.9986 -6.9765
-6.8794 -7.8905
-9.8762 -7.2361
-6.9493 -5.6923
-9.6227 -3.0216
