1.5269 3.2218
4.9162 1.1689
3.9596 1.9457
1.4328 3.2517
3.1015 4.2674
2.8583 2.5296
2.2582 2.3047
4.0178 1.9476
2.0115 -0.2214
2.8656 4.0779
2.9038 4.8251
4.3522 3.5489
3.9198 2.9770
3.4470 3.0505
3.1038 2.1510
3.2996 3.0626
2.5701 2.0867
2.2614 2.5458
4.3248 2.7732
4.3334 1.6934
2.3474 2.1883
3.8315 3.6051
5.4251 2.9226
0.7436 4.7630
6.2406 1.5278
2.1360 3.0948
3.7172 4.2411
2.8137 2.8072
3.0769 2.8135
2.7841 3.5500
1.7654 5.0498
1.2577 2.5248
4.5114 3.7879
5.4467 3.5850
2.9773 3.5151
3.3746 2.8676
0.3169 5.3211
4.1376 2.8384
3.2918 4.2786
2.6714 1.5255
3.8580 2.9689
2.6527 3.6889
4.0990 1.7430
1.4987 3.5603
1.7174 1.9742
3.5073 1.1110
4.3334 1.8881
2.8304 4.1886
4.4597 5.6320
1.8925 1.7609
3.2505 1.1693
3.7906 1.9239
2.5357 0.7317
4.2026 4.6387
4.7354 4.0842
1.0120 1.5993
4.0586 1.7210
2.1607 3.9120
2.8756 1.5016
4.2107 4.0129
1.5816 2.2999
3.1290 3.3088
1.9503 3.5490
0.5613 1.5280
3.3609 1.8065
3.7081 2.0225
3.6552 3.5821
3.4102 3.6567
5.0164 2.5098
2.4560 1.7141
5.0354 3.4172
1.1929 2.1173
3.2810 3.5038
1.9508 0.5683
3.0344 1.9870
3.9413 2.9090
1.1455 3.3290
5.6303 1.3920
1.7242 2.7192
3.4505 4.5556
1.8071 1.6237
3.4719 3.9215
1.1012 3.7289
4.0599 5.4836
4.7983 2.9749
3.9029 3.6881
6.3559 4.3183
4.2981 3.7777
4.3776 2.6640
4.8267 3.1277
2.9635 0.8484
1.4665 3.5692
2.4499 1.9846
3.9312 2.9450
2.8409 2.7602
3.0931 2.2781
2.4448 4.5994
2.1564 1.7881
5.1524 3.8979
4.3363 2.0229
-6.8669 -9.3727
-6.1495 -8.8734
-8.4840 -11.0725
-9.6132 -6.2808
-8.2974 -9.9017
-7.8637 -6.7335
-7.5958 -8.9115
-5.6623 -8.4102
-7.4166 -9.5592
-6.8541 -9.3753
-7.2608 -9.9835
-7.8095 -7.0036
-7.1947 -10.3680
-7.1479 -8.3177
-7.7176 -10.1295
-4.7541 -7.8108
-7.3988 -8.9499
-6.1953 -8.2321
-6.1115 -9.0950
-8.3531 -8.9886
-7.0962 -8.0906
-6.6985 -9.9652
-8.1015 -9.3908
-8.5292 -10.9021
-8.0552 -13.5568
-5.8306 -10.9058
-7.1481 -9.8399
-6.6941 -8.8106
-6.5507 -9.8853
-8.9878 -9.6721
-8.6482 -6.7518
-8.6458 -8.7662
-6.0254 -7.8674
-6.3905 -8.2376
-6.6001 -8.1884
-7.2287 -9.3124
-7.2443 -8.0712
-7.0293 -8.8119
-7.6490 -9.7773
-6.2873 -9.5267
-7.1897 -8.2349
-7.8502 -8.3507
-5.2626 -8.3687
-9.6954 -7.7230
-8.0126 -9.4926
-7.8341 -9.0110
-6.1360 -10.3291
-8.0931 -8.8888
-4.9768 -8.2649
-5.8437 -7.4048
-7.5161 -8.4223
-7.3888 -7.3001
-8.2119 -10.1111
-8.2146 -9.9704
-6.3996 -9.4171
-7.3121 -6.3196
-6.2592 -8.5797
-6.8312 -10.5395
-6.8112 -6.1557
-7.1246 -9.0672
-6.7035 -7.2869
-5.3381 -8.5658
-6.6645 -9.6856
-8.2817 -9.4090
-7.3168 -9.7369
-4.6738 -10.2210
-7.0906 -10.1395
-6.2474 -6.5655
-7.7234 -7.1875
-7.2474 -9.5791
-7.0519 -9.3476
-7.2811 -8.8339
-8.6670 -8.3818
-6.6559 -7.3180
-5.7508 -8.8760
-8.2313 -8.8403
-9.8942 -10.4894
-7.5213 -9.4411
-7.9992 -7.2337
-6.7786 -6.0097
-6.5784 -8.1182
-7.1285 -7.4060
-4.4979 -8.0911
-7.4780 -10.1724
-6.9729 -8.3351
-7.4063 -9.7266
-7.5510 -8.6049
-6.4509 -8.8258
-6.0237 -12.1856
-8.7727 -9.5439
-6.5111 -7.3181
-5.9976 -8.2259
-8.2556 -6.9964
-7.5703 -9.4511
-6.4514 -10.1374
-7.8274 -8.5823
-8.2495 -7.2220
-8.9040 -7.9594
-6.9115 -9.4697
-7.0670 -10.0668
2.3989 -6.2214
1.3885 -7.0077
1.4075 -6.2020
1.8246 -10.4928
0.9750 -7.9790
2.1702 -6.9798
0.7682 -6.6496
3.9310 -7.8488
0.6021 -6.4558
2.1125 -10.4758
2.4855 -6.0183
0.8251 -7.5301
1.1183 -9.1141
0.0620 -6.8617
1.2654 -7.1359
2.8181 -4.6253
-1.0497 -9.6030
-0.2097 -9.0506
2.6736 -8.3421
0.7266 -8.0891
2.2103 -7.8302
1.4053 -8.4061
2.3948 -5.5839
-0.0955 -9.7225
0.9566 -7.3168
1.8702 -8.3108
-1.6634 -7.3433
2.3717 -6.7850
0.9236 -8.5083
2.1098 -8.2712
2.8444 -7.7980
2.6546 -9.4451
2.2760 -7.3149
1.9338 -6.1141
0.7735 -7.6537
2.5032 -6.5210
1.3857 -7.1585
0.6769 -8.8704
1.9022 -8.6274
0.5315 -7.3039
2.0693 -9.7095
1.4127 -7.5973
2.2493 -8.8708
1.8101 -8.3982
-0.8800 -9.7898
-0.2124 -7.5614
4.5260 -6.8768
2.3476 -7.6189
0.9822 -7.7082
2.3661 -8.1759
2.0858 -7.3063
-1.6371 -7.1467
1.6109 -7.4311
3.4263 -9.6466
1.4502 -7.8367
2.1592 -6.2896
1.9762 -8.2834
2.0122 -7.4483
1.4419 -9.1517
1.3994 -5.9141
-1.2906 -8.3087
2.8677 -8.7770
3.5297 -7.2678
2.0300 -7.4447
1.3808 -8.9642
1.7231 -7.9909
2.0410 -6.5960
0.2455 -7.2616
0.0239 -7.5525
0.1676 -8.1093
3.0004 -6.8557
-0.2234 -7.5836
3.3099 -5.9272
1.0325 -7.1042
2.1776 -8.0628
2.6244 -9.6208
1.4181 -8.0036
0.8720 -6.7329
3.5770 -8.3026
3.7179 -7.7895
0.7234 -4.2350
-0.4664 -9.7791
-2.2614 -6.3934
2.1295 -8.4309
2.2323 -7.5087
-0.1217 -7.2468
1.8458 -6.4611
1.3849 -6.0158
0.5260 -7.5984
2.6161 -6.7998
1.9068 -6.2417
1.5172 -7.6084
1.6248 -8.6647
0.9406 -7.5241
-0.2541 -8.2909
1.3269 -8.6430
1.2882 -10.0139
0.1705 -5.7637
3.5701 -8.5255
4.0201 -7.7674
-0.5756 -2.6362
0.5387 -6.9468
0.8209 -1.2870
-0.5780 -3.0969
0.1206 -4.3343
1.0907 -3.3599
0.6041 -4.6334
1.3967 -4.2505
0.0599 -3.9243
0.1523 -4.0985
-0.7754 -3.2027
0.1854 -2.9244
-0.9007 -5.0255
-2.2254 -6.3353
-0.3631 -4.7027
-0.8533 -1.2595
-0.1241 -4.0109
1.1664 -3.0172
0.6054 -3.0853
0.7650 -4.5145
-0.3099 -3.1612
-1.3434 -3.1032
-2.0489 -4.1367
3.7865 -2.8205
-1.5990 -3.8712
0.3043 -2.7620
0.5442 -4.6131
-0.9853 -2.6453
-1.1535 -4.8102
-1.5733 -2.5793
0.1745 -4.1885
2.1527 -4.1995
2.1178 -4.5212
-2.1305 -1.3743
0.5554 -4.8915
0.1341 -4.0470
-0.5195 -2.8905
0.9217 -1.0052
2.7537 -2.8454
0.9607 -3.0313
-0.9299 -4.0812
-1.2522 -3.6078
-2.1031 -4.1342
0.7921 -4.2097
1.7866 -4.2149
0.0431 -1.5016
-0.7119 -4.4883
-0.9043 -3.7854
0.8393 -2.8078
-1.0285 -2.0353
0.5266 -3.8478
0.7509 -4.2511
0.1566 -2.2003
3.2245 -1.4958
-0.3548 -3.0388
0.8608 -5.7141
2.1674 -0.9316
-0.0837 -3.9610
1.6670 -4.0473
-1.3069 -4.9917
0.2936 -3.9398
0.9660 -5.9143
-1.3896 -4.0510
1.4002 -1.7907
0.1143 -5.1450
1.2060 -3.4252
-0.3711 -4.5106
1.7483 0.1454
1.2003 -1.9411
1.3566 -3.6725
0.0757 -3.9909
0.8832 -2.2052
-0.0603 -3.4649
2.3643 -5.8170
0.8412 -2.6259
-1.1131 -2.4733
1.5917 -2.0948
-0.9081 -2.2063
1.4215 -1.5075
0.1467 -5.2473
1.3658 -5.3553
2.4301 -4.4731
0.1227 -2.6550
1.7719 -4.0873
-0.0818 -2.0486
-0.6708 -3.7321
1.3825 -4.3200
3.2341 -4.3455
-0.6144 -1.6734
-0.4211 -1.8943
1.1752 -4.2162
0.6651 -2.7894
-0.9791 -4.3232
2.3463 -3.2108
-1.8662 -3.7098
1.2203 -1.3794
1.2562 -4.4017
-0.8930 -5.0496
0.8971 -1.5959
0.3880 -2.7547
-8.4560 -3.5117
-6.3049 -5.4489
-11.3091 -5.8935
-7.9680 -9.0758
-8.0660 -5.2810
-10.2339 -7.1282
-9.7539 -10.2950
-8.2870 -5.2606
-7.9841 -8.4793
-8.0190 -5.5364
-8.1024 -7.0262
-5.1190 -6.6406
-7.7720 -4.9208
-8.4849 -7.0832
-7.3528 -8.1807
-5.4835 -7.7451
-8.5248 -7.5486
-5.7203 -7.3107
-7.8983 -4.5120
-6.9876 -6.6872
-8.7603 -7.6567
-8.3375 -8.5323
-7.2809 -5.3094
-10.1250 -5.4806
-6.2795 -5.5526
-5.7502 -7.8211
-7.6610 -6.8106
-5.2100 -6.6964
-4.7149 -7.9935
-7.9895 -6.5044
-9.1032 -7.9369
-7.9870 -5.5911
-9.1175 -8.5670
-7.5839 -7.5333
-9.1615 -3.3857
-7.4637 -5.0131
-6.5507 -4.9747
-7.6383 -5.9059
-7.3795 -6.7703
-8.6599 -6.5110
-6.4724 -8.6488
-8.1257 -5.5333
-6.5004 -7.5914
-8.2406 -7.8566
-9.2410 -7.7070
-8.4552 -7.1849
-6.8621 -6.5971
-7.0640 -10.1500
-9.9727 -3.9940
-7.6799 -7.4706
-8.6870 -4.9015
-8.2121 -7.7751
-7.2491 -8.2701
-8.5666 -6.3593
-7.6007 -7.7441
-7.6912 -6.9523
-6.6072 -8.3192
-9.1248 -6.9612
-6.7950 -5.8206
-8.8225 -7.9633
-8.8566 -6.9495
-7.1154 -7.2264
-7.3086 -6.7047
-7.9316 -4.4136
-8.8468 -7.7900
-8.7590 -4.2231
-9.2271 -9.1723
-5.9722 -5.7308
-8.1306 -5.3530
-6.5664 -4.9792
-6.3911 -5.2163
-9.4609 -4.5122
-6.4884 -7.7911
-7.1624 -7.6699
-8.1703 -5.7792
-9.0086 -5.4897
-8.0034 -3.7379
-8.7111 -5.8019
-7.5573 -4.4812
-9.6039 -6.1021
-8.1457 -5.1133
-7.1573 -5.7708
-7.9975 -7.6259
-7.8528 -7.4529
-7.3974 -8.3895
-9.8110 -6.9688
-9.2373 -5.8316
-6.6618 -3.4279
-9.1382 -6.6442
-6.9446 -5.6258
-7.7026 -8.4562
-11.1956 -5.6779
-6.2466 -6.0240
-9.6498 -7.6106
-7.1218 -2.7417
-8.7729 -6.9763
-7.3777 -6.9243
-8.2137 -7.8055
-6.5362 -5.5401
-9.3131 -5.5185
