1.3295 1.2320
3.4424 3.6857
3.6422 3.6412
2.2340 2.1973
3.0365 3.9269
1.3639 3.2733
4.0197 2.8629
2.4163 4.5253
3.7760 3.2164
2.6323 4.5411
3.1043 3.4892
2.9506 1.9202
2.9235 1.3480
2.7364 0.5842
2.0769 1.6461
1.7750 5.4014
3.2307 0.8129
4.0855 1.9950
0.6949 3.1369
2.2743 2.2805
3.7194 3.0642
2.2990 3.2323
2.3558 3.7020
4.1052 0.6636
2.7541 2.1027
4.4435 3.3021
2.6240 3.4476
1.8369 4.6259
3.1358 2.5032
3.3059 4.2088
3.2056 3.4145
3.3882 3.6995
4.8316 2.9445
2.9378 4.0810
3.5222 4.0347
4.6157 1.7092
4.6827 4.4248
5.6076 3.0271
3.8096 3.8982
2.5034 0.8814
5.2822 1.5447
2.6847 2.2891
2.5540 4.5412
3.3119 4.1101
1.9070 3.0589
1.9813 4.7830
2.6031 1.7527
2.2456 2.5812
4.4532 2.9109
2.4613 0.4285
2.1887 2.8058
2.5264 0.3234
2.0807 2.1209
2.0418 5.2518
3.6645 5.1383
3.4828 2.4956
3.7251 2.9906
3.3285 3.7276
3.6451 6.0163
4.5265 0.7403
3.3249 4.5645
3.0203 3.2759
1.8019 3.3287
1.3041 2.2588
3.6771 5.4734
5.2999 3.5876
2.4588 4.9641
3.7720 3.7723
2.4525 2.7108
3.3760 5.0361
2.8059 5.5713
3.6482 2.7860
3.4043 4.6005
2.4029 1.3423
4.4724 3.6632
5.3099 1.2696
4.4498 0.3586
2.0685 4.1213
4.7923 2.7754
2.4865 3.4188
4.2766 3.5573
4.7694 0.6759
2.1113 2.8072
4.4624 3.0752
1.0521 2.5172
5.6761 -0.0100
3.6142 -0.6280
3.4999 2.3073
2.2062 3.3081
5.3968 3.2941
3.4347 3.1839
4.8493 1.3316
3.0000 3.3862
3.5651 4.2954
1.5564 2.6966
1.9591 3.9472
1.9641 1.8996
6.0997 5.6875
2.3135 3.2457
3.1669 3.8197
-5.4930 -11.2085
-8.0089 -9.9941
-6.7807 -9.4249
-8.3859 -8.9837
-6.9844 -9.9768
-7.9685 -9.0167
-4.5779 -10.0106
-7.6743 -8.7535
-6.0474 -6.5562
-4.6805 -9.9631
-5.4646 -9.5971
-7.6913 -7.9430
-8.5005 -7.3525
-6.4194 -10.3363
-6.2350 -8.9842
-7.6845 -9.3024
-5.5939 -10.7571
-7.5741 -10.8701
-6.9158 -6.6308
-5.2898 -10.9633
-7.4602 -10.4091
-4.8424 -10.6027
-7.6573 -7.7257
-8.0455 -10.2619
-6.0667 -7.3330
-7.0429 -11.0168
-6.8541 -7.7817
-7.7493 -8.9544
-7.5770 -6.0793
-6.6871 -8.7074
-6.2400 -11.6344
-6.9240 -9.6524
-9.3093 -8.9061
-6.3923 -8.8836
-7.1765 -9.8795
-7.7911 -7.9116
-8.9691 -7.9044
-6.7558 -8.7869
-8.0657 -10.7934
-6.8465 -10.3613
-6.7900 -7.7954
-7.7686 -9.4039
-7.9541 -9.3333
-6.5227 -9.9652
-7.8465 -9.3305
-7.1176 -12.5810
-7.1741 -9.0503
-7.8280 -9.0221
-8.7005 -8.1086
-7.7368 -7.8057
-6.5685 -7.7357
-7.9152 -10.8596
-5.9255 -10.0739
-7.4115 -10.4593
-7.2784 -7.6175
-9.0247 -9.4285
-9.1802 -8.0977
-8.4160 -7.5125
-6.8702 -9.0610
-6.1560 -8.8825
-7.8795 -7.5285
-5.6313 -8.5852
-6.6572 -8.9213
-6.4261 -9.0715
-4.9534 -9.5486
-5.6932 -11.0787
-6.0917 -10.7243
-5.4691 -9.0222
-8.1861 -9.3898
-5.9769 -8.2735
-9.3272 -6.7903
-6.2829 -8.2515
-7.2916 -9.9325
-7.6777 -9.3104
-6.0562 -10.6749
-7.2852 -8.8627
-8.4359 -7.9573
-7.7694 -8.8089
-7.2970 -9.4831
-6.5044 -10.8831
-8.4212 -7.4436
-8.7810 -8.1886
-5.9500 -9.2070
-6.9524 -8.3606
-7.3564 -8.4407
-7.0169 -8.0186
-6.8862 -8.1135
-8.4562 -11.0635
-6.3224 -8.1718
-7.6888 -8.6741
-7.1968 -7.8825
-6.0146 -9.1932
-8.8703 -8.4338
-5.8196 -11.0507
-5.8207 -9.4828
-6.1835 -8.8641
-9.3462 -8.9105
-8.8079 -9.5119
-6.6321 -8.6004
-7.9855 -7.0702
1.9962 -6.3336
2.1942 -7.9937
3.0803 -6.2046
1.7828 -9.2738
3.4583 -7.9769
0.6308 -8.1691
3.8822 -6.6461
1.2370 -8.2338
1.0305 -5.6848
1.0653 -4.9511
0.9867 -8.0907
-0.0874 -6.5138
-0.2269 -6.1059
1.7106 -8.2800
1.6006 -6.7501
-1.5649 -8.0939
2.3946 -7.1834
2.1962 -8.3157
0.4304 -7.2820
1.1561 -6.7660
2.7785 -7.6991
4.2195 -9.3225
3.6533 -7.0872
2.6990 -7.7996
0.1605 -6.0664
1.5233 -8.6097
3.6436 -7.7031
0.9332 -7.6317
0.4292 -5.5193
3.1375 -7.5524
2.9247 -7.0227
-0.2550 -6.1419
2.3174 -7.1384
1.1808 -9.0829
0.3961 -8.7348
2.6405 -6.0905
2.4359 -6.1751
0.4336 -5.6434
3.2754 -6.9521
1.0985 -7.1994
1.6576 -5.5094
1.7633 -9.3158
0.0637 -5.9704
1.4430 -9.1961
3.5022 -5.9071
4.2082 -6.0795
1.5163 -6.3492
1.0199 -8.4581
3.1551 -6.9617
-0.0769 -7.5248
0.9919 -9.1294
0.7525 -8.1499
3.5276 -8.3412
2.8373 -8.9768
0.8784 -7.5805
2.0670 -7.1582
2.8604 -8.0672
1.6216 -6.8126
2.6161 -8.8835
0.4716 -9.0410
3.0037 -9.3403
1.2720 -6.9724
3.2056 -8.9879
3.7967 -6.8413
-0.4485 -7.2883
2.1807 -6.1116
0.6882 -8.8980
1.5923 -7.7814
1.0664 -7.9954
2.4909 -8.7303
1.0951 -8.2191
0.2594 -9.3023
-0.6903 -7.4396
-1.4131 -7.6232
1.9501 -7.9981
1.3631 -7.8804
2.2903 -5.8049
3.5247 -8.7468
3.0881 -7.6987
-0.4964 -8.4748
2.7724 -7.0483
1.1678 -8.4147
1.2733 -8.1136
1.8118 -5.7506
1.1862 -5.3297
1.9973 -5.6774
1.9650 -7.7818
2.6665 -8.7359
1.3717 -7.2595
3.2976 -7.8369
2.4421 -5.9483
2.6929 -6.4409
0.2338 -7.4692
1.6688 -7.5309
2.2408 -7.1715
-1.1716 -7.8650
2.4024 -7.8397
0.9464 -7.0864
1.5378 -7.0981
2.7479 -8.7907
1.1079 -3.1165
-0.0552 -4.3916
3.3727 -1.0384
0.8543 -3.9160
-0.2116 -1.9782
3.1189 -3.3231
-0.7702 -2.1550
0.5486 -3.2357
0.3021 -0.7875
3.0849 -3.9151
-0.0836 -1.6162
-0.0514 -4.2453
-0.1012 -1.9138
0.1050 -5.7287
0.7448 -3.4419
-0.4753 -4.5140
0.1195 -5.2434
1.0723 -3.2890
1.3602 -2.7434
-0.7394 -2.5555
-0.7927 -2.9325
-0.5225 -2.2810
2.2064 -3.4930
-0.5650 -5.8993
-2.1551 -0.9292
0.6341 -1.6672
0.0476 -6.1052
1.0038 -2.6633
1.3342 -4.3753
-0.1885 -2.5670
0.1376 -2.3055
1.4773 -4.3210
1.2576 -3.9506
1.0572 -4.0758
1.4181 -5.0790
-0.3473 -1.3876
0.0124 -1.7740
1.7579 -4.5654
0.6068 -5.7697
2.5413 -2.7850
-0.9868 -4.6343
0.1041 -2.7664
1.2484 -3.8803
0.8775 -3.7665
-1.0025 -2.2159
0.6635 -5.4178
0.6623 -4.8642
1.3027 -5.7231
0.1205 -2.8018
2.1915 -3.7523
-0.2153 -4.7094
-0.2035 -4.6517
3.2362 -4.2122
3.3991 -3.9765
0.7546 -4.6881
-0.2379 -3.8176
-1.2463 -3.1650
0.1846 -4.5033
2.1893 -3.5674
0.7027 -3.4038
0.7978 -1.9661
-1.6857 -3.5303
0.3090 -3.4699
1.1764 -4.6862
0.9938 -3.6592
-1.1635 -3.4292
1.5445 -4.0114
0.7118 -4.6812
0.2353 -5.9180
-0.9732 -4.7794
1.7326 -4.9010
0.2195 -3.0833
1.9875 -3.3364
1.1338 -3.3566
0.1958 -3.8306
0.7162 -3.9021
0.8209 -3.0311
-0.0165 -2.6754
1.1038 -4.7119
0.6918 -3.0373
1.2908 -3.1397
0.1789 -2.3201
-3.0208 -3.5154
-0.7833 -5.8206
0.1228 -4.0525
-0.9370 -4.0357
0.1764 -1.7194
-0.2379 -3.7489
-0.7803 -3.1502
-0.4637 -3.6058
-1.1932 -1.9324
0.0445 -0.0227
0.3047 -1.7257
1.6669 -5.9730
0.1155 -5.1688
0.5914 -3.1515
-0.3530 -1.3651
0.5443 -2.5786
-0.2117 -2.6063
0.1202 -3.6815
-7.6284 -6.2953
-6.5986 -6.4715
-9.5200 -4.2995
-6.6108 -7.1463
-6.4602 -4.9902
-5.5530 -5.2161
-7.9472 -4.8815
-8.8288 -7.2022
-7.9234 -5.7433
-7.3274 -7.1617
-9.1916 -7.5002
-4.2093 -7.5595
-7.9097 -6.9389
-8.0447 -5.5033
-9.7500 -5.5356
-7.9111 -8.5542
-6.8185 -7.0353
-8.2383 -7.9550
-6.1554 -8.3025
-6.4633 -6.7940
-7.3411 -8.4914
-6.4237 -6.9927
-7.1304 -6.1737
-7.3881 -6.1089
-7.8180 -5.2706
-7.3996 -8.7733
-8.0293 -4.8865
-9.1016 -5.4383
-7.0438 -7.7108
-9.1585 -5.7507
-8.1420 -6.0840
-8.2025 -4.9803
-6.2681 -6.8287
-5.6420 -7.8074
-10.1390 -5.8389
-5.9399 -7.2155
-9.7112 -6.5245
-7.8514 -6.5586
-7.3034 -7.5852
-8.4371 -4.6036
-9.1676 -3.8474
-7.9838 -5.9640
-8.0352 -6.1548
-6.9879 -7.5294
-6.5828 -9.0949
-7.9565 -7.2218
-7.3332 -8.8901
-8.1063 -5.8387
-7.8126 -7.7564
-6.7648 -7.2693
-8.1493 -7.1683
-8.7483 -5.9282
-8.1160 -4.6152
-5.7426 -5.6207
-6.3376 -6.7593
-6.7095 -8.1687
-7.1844 -5.9280
-6.2889 -7.1993
-7.1882 -5.5336
-7.4126 -7.2572
-7.6978 -7.6232
-8.4565 -7.6194
-7.5903 -8.2065
-8.4731 -5.4486
-7.0006 -5.5979
-8.9420 -8.4241
-8.7282 -6.8013
-8.9930 -5.8756
-8.0839 -7.7953
-9.3614 -6.5171
-8.0946 -7.3396
-8.4610 -7.2582
-9.2706 -5.0141
-7.8422 -5.8137
-7.8727 -8.8283
-6.3558 -5.6461
-7.1574 -6.7212
-8.8320 -4.0391
-8.0044 -5.1183
-7.3270 -7.0499
-10.0374 -7.3321
-6.6869 -6.3376
-7.0391 -4.0236
-7.1414 -6.0149
-6.7800 -7.9011
-8.2835 -4.7345
-5.4452 -6.6891
-7.4494 -6.7413
-7.3085 -7.0329
-9.1328 -8.0970
-8.2535 -5.6183
-6.9173 -4.1216
-6.5117 -8.8596
-8.7091 -7.4130
-8.8092 -8.3450
-7.9846 -6.7873
-7.7707 -6.3341
-8.7115 -7.7382
-8.9357 -5.9111
-10.2670 -6.5921
