2.6348 2.5978
3.5770 2.2462
4.2295 3.5128
1.8474 3.9613
3.1812 3.1025
3.1223 2.9791
3.4052 2.8157
3.7222 1.5150
3.8955 2.1496
2.7205 2.5066
3.5789 4.0334
1.7298 3.6587
2.9155 3.0948
2.6570 2.6964
3.2834 4.5127
2.4029 1.9147
4.0981 3.3088
3.6721 3.3414
3.2919 3.0008
2.7911 2.3056
2.8069 2.1073
2.9503 1.2595
3.8419 2.9688
3.6242 3.7358
2.3809 3.7175
2.8454 3.7589
3.5267 2.8418
3.1729 2.1854
3.9726 2.8648
3.1360 2.6851
4.0312 2.0013
2.0713 3.4299
1.8496 3.5095
2.6685 2.7376
3.9905 1.9681
2.6507 2.8350
2.6167 2.5648
4.2729 2.3054
2.4240 2.7985
3.7448 2.9410
2.7469 2.1018
3.0879 4.9571
3.3454 2.9477
3.2512 3.0019
3.0640 3.3906
3.4610 2.7957
2.4901 2.9669
3.4759 2.2799
1.9647 3.0968
2.7761 2.4652
4.6297 2.7512
3.6493 2.1455
2.4704 3.7080
2.8731 3.8521
2.9956 3.4777
4.1539 4.1071
2.7190 3.1380
3.8006 2.6597
3.4624 3.9705
2.8919 3.7459
2.8772 2.8964
4.5016 4.5086
3.4736 1.8057
3.6856 2.2977
3.8639 1.5712
3.4461 3.5401
2.5851 3.1286
3.3638 2.8003
4.2960 3.8987
4.2812 3.6950
2.9191 2.9533
4.1093 3.3584
2.2183 2.7856
2.6154 2.4868
3.5625 2.2792
3.9878 2.8035
3.5782 2.4566
3.9427 3.6234
2.7904 2.9984
2.5159 2.5945
3.2592 3.4708
1.7107 3.4427
2.7972 2.0534
4.1694 3.0077
2.7623 2.9124
3.7616 2.5739
3.1240 3.0449
3.2597 3.1572
3.2177 1.9246
4.3930 3.4594
3.1315 2.4945
2.8464 3.2685
2.7666 3.9002
2.6287 2.9192
3.3719 3.2332
3.5323 3.6331
3.1630 2.3754
2.8199 1.8376
3.1487 2.4363
4.6550 3.2083
-7.7404 -8.8145
-7.4413 -9.0877
-7.1674 -7.7695
-6.5502 -9.3810
-7.3472 -9.5648
-6.6932 -9.6941
-7.8114 -8.8697
-6.0662 -9.8965
-7.1957 -9.8107
-6.3569 -9.0619
-6.4126 -9.2207
-7.4956 -8.4566
-7.5662 -9.2841
-8.4449 -8.1050
-7.1718 -9.2280
-7.9761 -9.2239
-5.9613 -9.5668
-7.6984 -7.5530
-8.0168 -8.2885
-6.8620 -8.4544
-7.2605 -8.1773
-7.8139 -7.7195
-6.1574 -8.7718
-7.4278 -9.4008
-7.1020 -8.7307
-8.3544 -8.0000
-6.9473 -8.6857
-7.2523 -9.1090
-5.9352 -9.3941
-6.4510 -9.5931
-7.8229 -8.6450
-7.5922 -8.8743
-6.0839 -9.5919
-7.2014 -9.1376
-6.5474 -8.6876
-7.1905 -8.2236
-6.8164 -10.2051
-7.4490 -9.6843
-7.5588 -9.1940
-6.1482 -8.6833
-7.1795 -8.5811
-5.5776 -8.8685
-7.9783 -9.7876
-6.5706 -7.6335
-7.3831 -8.3511
-6.7700 -9.8056
-7.6824 -9.2013
-6.3498 -9.3066
-7.4087 -8.3902
-7.4995 -8.5179
-7.0426 -9.4380
-6.8803 -9.6736
-8.8531 -9.3407
-6.4159 -9.2115
-7.6477 -8.5355
-7.6089 -9.3982
-6.1708 -9.1629
-6.7931 -9.8879
-6.9204 -7.7228
-8.1113 -9.0319
-7.5235 -10.2367
-7.3031 -9.7333
-5.9278 -9.1158
-6.6386 -10.1166
-7.4925 -9.5398
-7.0562 -8.6642
-6.9950 -10.0693
-8.0092 -10.2559
-7.1483 -8.7653
-6.1199 -9.8558
-6.1917 -7.9344
-7.8192 -9.2410
-7.7254 -9.2085
-6.6852 -8.2408
-5.2696 -8.7700
-5.7724 -9.1947
-6.3062 -9.7962
-7.3241 -9.4273
-6.7455 -8.9051
-7.3197 -8.9826
-6.8816 -9.3108
-6.7227 -9.7443
-6.6607 -8.9759
-6.5589 -9.5799
-6.9403 -10.2995
-6.6452 -7.9907
-8.3742 -9.1340
-5.5322 -7.6963
-8.2010 -9.9169
-5.9207 -9.6631
-8.1698 -9.3246
-8.7344 -8.5421
-7.4541 -7.9246
-7.1011 -8.0687
-6.5351 -9.6503
-6.3576 -9.3399
-6.3284 -8.4570
-7.4083 -8.9946
-7.4749 -8.7397
-7.8926 -7.6942
1.6179 -7.8628
2.1141 -6.8856
0.7703 -7.1087
1.7085 -8.1318
2.1647 -7.5516
2.9956 -9.1044
2.2373 -8.3128
1.2703 -6.7347
1.5066 -7.7472
1.8288 -7.4076
2.1288 -7.8020
1.7169 -8.6561
1.1663 -7.2620
0.2144 -7.4049
1.7560 -8.2603
0.1082 -8.0955
0.8987 -6.9979
1.4091 -7.2562
0.9857 -7.9510
1.8479 -7.8388
1.3707 -8.1189
1.9910 -7.0759
1.8175 -8.0203
0.4042 -8.3232
2.4653 -8.0237
2.0339 -8.1065
1.6249 -7.2054
2.5086 -7.3193
2.9851 -7.5860
2.1781 -7.4850
2.0057 -7.2383
1.8397 -10.0616
1.7113 -7.2702
2.4659 -7.3938
2.1601 -6.4317
1.1491 -8.0598
1.2627 -7.0647
1.4223 -8.3433
1.8590 -9.2646
1.3037 -7.7682
1.7267 -7.1176
1.8416 -8.8812
2.0899 -8.2814
1.1890 -7.9575
0.8078 -7.9991
2.1973 -7.9344
0.9337 -8.2765
1.1455 -7.3430
1.3030 -7.3096
2.2354 -6.9493
1.8993 -7.3104
1.3975 -7.9250
1.7654 -7.5274
1.9069 -6.1353
0.9786 -7.8271
0.8875 -6.9005
1.9635 -7.1662
3.0856 -7.4201
1.0402 -7.4290
0.8219 -7.1069
1.7555 -7.4822
1.3309 -6.4627
1.2429 -9.0689
2.5797 -7.1623
3.1316 -6.8740
2.2038 -8.1467
1.1104 -6.4100
2.7520 -7.7104
2.2339 -6.8436
1.1751 -7.8876
1.8721 -7.2531
1.6094 -6.6866
0.9131 -7.3388
3.4772 -7.3730
0.2781 -6.6642
1.6978 -7.3258
1.5653 -7.4748
2.4723 -6.5670
0.9711 -7.2814
1.8133 -6.2881
0.3847 -7.7095
1.1152 -7.4651
1.3987 -6.4728
2.2049 -6.9437
2.1952 -8.5587
1.5468 -7.7316
1.6140 -7.5477
2.5006 -7.7224
2.2759 -8.1280
1.5736 -7.6102
2.2838 -7.3617
1.9854 -7.8680
1.8658 -6.9647
0.8899 -7.0884
2.9347 -8.2210
1.3979 -7.4749
2.1071 -7.4532
1.4177 -7.6052
1.8015 -7.3367
0.7665 -7.1878
0.3047 -3.2789
-1.2383 -3.6961
0.2421 -4.3983
0.2317 -4.2479
0.5680 -3.4922
0.8267 -3.3712
0.9574 -4.6388
-0.5324 -2.6642
0.6579 -1.4011
0.2360 -3.8415
0.0811 -3.7050
-0.1521 -2.2170
0.0260 -2.7880
-0.4285 -3.6514
0.9032 -3.7942
-0.8774 -3.2328
-0.4193 -2.8049
-0.1506 -4.7106
0.5801 -2.9261
0.6036 -4.9800
0.2120 -3.1166
0.0738 -5.3694
-0.3777 -3.6818
1.4173 -3.8755
-1.6266 -4.6153
0.8096 -3.9004
1.0974 -2.3544
-0.6452 -3.7908
0.1400 -4.3554
0.1036 -3.1700
1.0048 -4.1219
0.7649 -2.8627
-0.8451 -3.4043
0.1419 -2.3289
-0.7075 -4.0413
0.4296 -3.9371
-1.1478 -4.9392
1.4179 -3.4231
0.0577 -3.3918
0.1587 -3.3834
-0.2763 -5.0823
-0.1536 -4.2755
1.5351 -4.1756
-0.5154 -4.1898
1.4732 -2.9885
-0.9102 -3.2979
1.3470 -3.4526
1.4957 -3.5482
0.1266 -2.2146
0.2486 -3.8101
0.7943 -3.2901
-0.7978 -3.6598
0.0867 -3.2390
0.5383 -3.4589
0.7371 -2.4151
-1.7524 -4.0470
0.3366 -3.5590
-0.0007 -3.3828
-1.2031 -3.0790
-0.1490 -3.1439
-0.5749 -3.3309
1.5533 -3.4046
-0.0694 -3.1422
0.7074 -2.1035
0.4579 -3.1882
-1.0804 -4.6642
0.9465 -3.2376
-0.5904 -4.3862
0.3713 -2.9426
0.7879 -4.3690
1.1437 -4.1835
0.1075 -4.1459
1.1889 -3.9495
0.0500 -2.5897
-0.6801 -3.1324
0.0554 -3.0559
1.3981 -3.5725
0.9868 -3.4129
0.9346 -3.5671
0.1202 -3.0374
0.3337 -3.1743
-0.2176 -3.7833
0.1697 -3.0329
0.7480 -3.0714
-0.8484 -4.2814
-0.0717 -2.9057
-0.0435 -2.6680
1.3611 -4.1379
0.5529 -3.6891
0.3781 -4.0870
-0.0807 -3.9480
-0.2968 -4.6576
1.3615 -3.3097
-0.4533 -2.9980
-0.6480 -4.0877
0.4946 -4.0452
0.5518 -4.3886
1.3273 -3.9251
1.9582 -4.3675
1.7708 -2.2374
-8.5114 -5.7938
-8.5746 -6.5659
-8.6497 -6.6512
-7.3293 -6.1225
-8.5265 -6.2506
-9.1645 -7.9468
-8.3949 -5.0404
-8.6020 -5.9807
-7.3261 -5.9842
-7.5641 -5.9909
-7.5506 -7.6992
-7.3626 -6.0404
-7.2819 -5.1287
-6.9312 -7.1779
-8.2314 -6.2386
-7.9969 -5.3189
-7.9648 -5.5225
-7.3160 -6.8232
-7.8898 -6.5189
-8.1280 -4.9228
-9.0602 -6.5315
-7.0454 -6.7651
-7.9198 -5.1041
-8.9168 -5.9470
-7.1594 -7.0910
-6.9703 -5.8094
-7.4380 -6.2038
-8.0673 -7.2759
-8.0037 -7.2723
-7.9132 -6.7897
-7.7223 -8.1463
-8.4143 -6.4982
-7.6638 -7.3158
-7.5546 -6.8288
-8.0460 -6.0983
-7.8543 -6.9274
-7.5964 -6.5226
-8.2766 -7.1540
-8.3991 -6.5355
-7.4273 -5.8365
-8.1729 -6.8336
-7.6170 -7.6575
-8.3170 -6.0179
-6.6653 -6.5766
-7.4387 -6.4427
-7.8334 -6.0753
-8.3870 -7.1496
-6.4260 -7.9104
-8.8998 -6.2191
-7.7862 -6.6299
-7.1289 -5.8212
-8.0951 -6.1799
-8.4269 -6.3362
-8.1374 -8.4597
-8.3752 -6.8478
-8.4741 -6.6519
-7.8864 -6.7542
-6.3189 -7.3785
-8.1028 -5.6342
-8.2132 -6.2064
-7.4214 -7.6285
-7.7445 -7.9296
-7.8095 -6.9624
-6.8090 -7.6608
-7.6924 -6.6427
-7.3998 -4.9709
-7.3536 -6.8330
-7.7925 -6.1148
-7.8890 -6.1393
-7.6838 -5.4135
-6.8702 -6.2204
-7.9416 -6.1547
-7.7122 -7.0693
-7.2462 -7.8037
-7.6510 -7.1467
-7.8466 -6.8995
-7.2521 -6.3208
-7.7981 -5.6945
-8.7930 -5.7322
-7.7196 -5.5883
-8.2054 -6.1924
-7.4015 -6.4829
-8.0411 -7.4158
-7.3722 -6.2935
-9.1343 -6.8134
-8.1563 -6.0487
-8.0448 -6.8871
-9.4870 -6.7812
-7.8997 -6.8286
-7.4733 -6.4200
-7.8993 -6.5237
-8.1073 -6.2401
-8.5369 -6.3528
-8.3777 -6.0634
-8.7114 -7.8685
-8.5869 -6.6273
-8.1406 -7.7679
-8.8347 -6.6261
-7.4495 -7.9463
-6.8395 -6.8350
