3.1544 2.2455
1.8210 2.6422
3.1397 3.0753
2.5590 3.2532
2.5647 2.8720
3.2813 3.8314
2.7987 2.1216
2.3126 2.8415
2.1254 3.4138
3.0664 3.0705
2.9730 1.8832
2.6624 1.6613
3.0210 3.1810
3.9537 2.6504
3.1598 3.5386
3.1053 3.2466
4.4275 3.6773
3.5630 2.5309
4.1008 3.4461
3.8185 2.1502
2.6630 2.3051
3.7278 3.3778
3.6624 2.7712
3.5325 3.3302
3.0348 2.8008
3.6448 3.5115
3.5106 3.6678
4.0797 4.5119
3.9147 2.7405
4.1433 2.7927
2.9955 3.3193
2.0001 3.3362
4.0395 3.8281
3.3274 3.0723
3.4129 1.7447
2.7762 2.8414
3.2950 2.3398
3.9432 3.8325
3.5468 4.3633
4.1989 2.4738
3.0825 3.2303
4.3677 2.5252
3.2436 2.4846
2.4730 2.5971
2.7049 1.4586
3.4503 3.5550
2.2825 3.2864
3.4459 2.7332
3.9777 1.7337
3.2150 3.2139
4.4282 2.3835
2.7911 3.1583
1.9476 3.3313
2.5832 2.7884
3.2338 1.8208
3.3583 3.5813
2.5205 1.8233
4.2535 1.7415
3.6127 2.8438
3.8133 2.2884
2.3655 3.7499
3.1865 2.9746
2.2307 3.1105
3.8036 2.1127
3.2827 4.2130
3.0719 2.0478
2.2551 3.5207
2.3654 2.0953
2.7439 2.4100
2.9890 3.4117
4.0659 3.4309
2.7683 3.3529
3.6204 3.1534
3.3801 3.0036
2.4122 3.0204
3.5597 2.8600
3.5637 2.5661
2.6198 3.6681
4.0975 2.3787
2.5613 2.9584
3.1504 2.8422
3.2276 1.9708
2.6392 2.8723
4.6882 2.2315
1.8406 3.6249
4.1069 2.8876
2.7945 2.6600
3.4414 2.3701
3.0550 2.9076
4.1923 2.3992
3.5858 0.0983
2.5370 3.2778
2.3951 3.1343
3.0576 3.0438
3.8102 3.1744
3.4351 2.7026
3.3450 3.5799
2.6408 2.3709
2.2405 2.8914
3.0137 2.9689
-7.2121 -8.5109
-7.1912 -9.4292
-7.5032 -9.8575
-7.1788 -8.7913
-8.5641 -8.5175
-6.4059 -8.7691
-7.1348 -9.4117
-7.5176 -7.4170
-6.6306 -9.3090
-7.5646 -8.8347
-7.0559 -8.9388
-6.6697 -9.2274
-7.6028 -9.3071
-7.3009 -9.4863
-6.7482 -9.3038
-7.8640 -8.6307
-7.5130 -7.9729
-7.2934 -8.0882
-6.2583 -8.7915
-7.3044 -8.7801
-7.7781 -8.7581
-8.0201 -8.6741
-8.6281 -8.4608
-7.9974 -8.5888
-6.6987 -8.8751
-7.5176 -9.1594
-6.0654 -7.9131
-6.8434 -9.1621
-8.3994 -8.9735
-7.3026 -8.4571
-6.7594 -8.0799
-6.5190 -8.9286
-7.0486 -8.9224
-8.3550 -9.6884
-7.1800 -7.9683
-7.3517 -8.9840
-8.3875 -9.5447
-6.0120 -8.9494
-6.7911 -8.9490
-7.1984 -9.9872
-7.9032 -9.0542
-6.6845 -8.6278
-6.8483 -8.9502
-7.8744 -10.5882
-7.3446 -9.6455
-8.3008 -9.5462
-6.1963 -9.2836
-6.8515 -9.2006
-6.8471 -9.8721
-7.2940 -8.2568
-6.4017 -8.3736
-6.8963 -9.3151
-8.9938 -8.7823
-7.6399 -8.5188
-6.6101 -9.0334
-6.4833 -8.7238
-8.3061 -8.1019
-6.8392 -9.2270
-8.8810 -9.5826
-7.6590 -8.4486
-6.8310 -10.4443
-5.7514 -8.0935
-7.3424 -8.3296
-6.1018 -8.8942
-8.4641 -8.0769
-7.9785 -9.6693
-7.0710 -10.5044
-7.0656 -9.5330
-5.9927 -8.7387
-6.6876 -9.6087
-6.2804 -8.5018
-6.7694 -8.7855
-7.1989 -9.8973
-6.4991 -10.6727
-6.5629 -9.0411
-7.1488 -9.3417
-6.6084 -8.2659
-6.2094 -9.0598
-8.0534 -9.9429
-9.0320 -8.6052
-6.2012 -8.8138
-7.1733 -8.9848
-7.1347 -8.7707
-6.7170 -9.5452
-7.3267 -9.9722
-7.2171 -9.1156
-8.3090 -8.9360
-6.7913 -8.4509
-7.2687 -9.0550
-7.2069 -8.4847
-8.2737 -8.5759
-8.1867 -10.2646
-7.3524 -8.7872
-7.7470 -9.3088
-7.2039 -8.7294
-6.8084 -8.2155
-6.6502 -9.7954
-6.9160 -8.3547
-7.1729 -9.5215
-7.0207 -8.8003
2.1796 -7.7156
1.8417 -8.0256
1.4420 -6.2794
1.5573 -6.9947
0.9190 -7.2922
1.7817 -6.6648
1.8174 -7.7900
2.1408 -8.1244
1.7455 -8.2277
1.6230 -7.7557
1.5602 -8.8846
3.0896 -7.0635
1.3485 -7.1905
2.3049 -7.6691
2.3664 -7.4782
1.0046 -7.8848
1.7000 -7.7661
1.8010 -6.7242
1.7284 -6.5513
1.5890 -6.9991
1.2121 -6.4919
0.9100 -6.4220
1.7749 -8.0190
0.1594 -7.3033
2.3737 -7.6439
1.6391 -7.1581
1.4159 -9.0997
1.3208 -7.9404
0.7632 -7.1821
1.6846 -7.3010
1.6512 -8.0684
1.7719 -7.4718
0.5040 -8.2060
1.7928 -7.9762
1.5856 -8.3462
1.1843 -8.4228
2.0209 -8.3468
2.5636 -7.3345
1.8835 -7.1974
1.1648 -7.1333
0.7354 -7.0362
-0.5898 -8.2224
1.2158 -7.5122
2.8432 -6.5420
1.2505 -7.9056
3.0604 -6.6373
1.6657 -7.5801
0.8536 -8.3156
2.2045 -6.8177
1.2452 -6.7499
1.2545 -7.3065
1.7922 -7.1807
0.8902 -7.6803
1.7569 -7.0270
1.4429 -9.2993
2.3674 -7.3681
1.5683 -6.7828
1.6418 -8.5150
1.5938 -7.8848
0.2525 -6.9774
1.1900 -6.4025
1.1685 -6.2298
1.8882 -6.9597
1.4117 -6.5262
1.6361 -7.7103
1.9164 -7.8658
1.3236 -7.9689
2.9124 -8.2310
1.6631 -6.9885
1.5066 -7.5764
1.6154 -8.1614
2.6694 -6.7982
1.7410 -7.8917
0.7831 -7.8201
1.6395 -7.2598
0.7975 -6.9454
1.3535 -8.2670
2.0694 -7.5641
1.4518 -7.4480
1.5926 -7.8697
1.3802 -7.2700
0.7127 -8.1921
1.4515 -7.0351
2.1645 -7.9049
1.2855 -7.8694
2.0174 -6.7751
1.6770 -7.8370
2.7484 -8.2819
1.8823 -7.6874
2.5101 -8.0846
1.0989 -8.1989
0.6879 -6.4469
1.2775 -7.8427
3.3706 -8.1630
2.1709 -7.2818
2.4879 -7.9396
1.3979 -7.9482
1.5390 -8.4066
1.0399 -6.6310
2.3485 -7.8752
-0.2569 -2.2496
0.8897 -3.4414
0.1977 -3.8504
0.8714 -4.0994
1.2797 -3.8862
-1.0550 -3.3147
0.0578 -2.8967
1.0566 -4.0654
1.2956 -3.6755
0.7535 -3.2168
0.5654 -3.0192
1.1580 -4.1521
0.5148 -5.2705
1.1711 -2.1507
0.1564 -4.4025
-0.1420 -3.0001
-0.2948 -3.7377
0.7779 -3.3503
1.4666 -2.7151
1.0612 -3.5991
-1.2019 -4.2198
-0.1680 -3.5415
0.6369 -2.7925
0.2489 -3.4163
-0.7914 -4.0606
0.3893 -3.4084
-0.2264 -3.1928
0.5069 -3.7459
0.2538 -2.7938
-0.0204 -3.9826
0.4954 -3.1841
0.1240 -3.2104
-0.9611 -4.2321
0.6421 -3.0456
-0.1909 -3.1898
-1.3247 -4.1597
-0.0903 -4.4143
-0.8649 -3.8639
0.0487 -3.2530
0.5563 -3.7910
-0.7910 -2.9013
1.0258 -3.3351
0.7223 -2.9398
-0.1598 -3.7639
0.6479 -2.8804
0.0180 -4.3000
0.5933 -3.2373
0.3174 -3.6440
-0.0196 -2.5646
0.6175 -3.5760
0.0925 -4.5169
-0.0684 -4.0204
1.4851 -3.3651
1.2912 -3.5821
0.1580 -3.5503
-0.1700 -2.7060
-0.4691 -3.6504
-0.6134 -3.3090
-0.2081 -3.3756
0.0011 -3.6236
0.1042 -3.0459
-0.6861 -2.0629
1.1818 -2.8789
-0.5259 -4.5040
0.1854 -4.0667
1.3462 -4.0029
0.0975 -2.8762
0.1521 -2.5559
0.9874 -3.6694
0.4714 -3.4348
-0.4622 -3.2894
-0.4309 -3.1695
-0.5546 -5.0892
0.1227 -3.8817
-0.2159 -3.9957
-0.1932 -2.4280
-1.0741 -2.4606
1.1379 -3.9261
0.5681 -2.8862
-0.6401 -3.8950
0.7390 -3.9456
0.3471 -2.6381
-1.3489 -3.1750
0.2351 -3.6421
1.8933 -3.7667
-0.6785 -4.5338
-0.0397 -4.2850
0.1014 -3.4385
-0.3447 -4.0652
0.5159 -3.6994
0.3489 -4.2615
-1.5197 -2.9911
-1.4598 -3.7067
-0.0450 -2.5711
0.2326 -3.7669
0.1381 -1.6753
0.0820 -3.4359
0.1118 -3.3251
-0.8518 -3.9825
-0.4246 -3.7479
-7.5207 -6.7227
-7.8618 -6.0192
-6.5466 -6.9042
-7.4415 -8.0012
-7.0233 -5.8062
-7.3669 -5.4169
-8.1768 -5.5007
-6.8156 -7.1278
-7.3835 -6.4736
-7.7106 -6.6871
-7.3228 -6.6555
-8.1597 -8.4347
-8.0384 -7.0520
-7.4885 -5.6116
-7.3923 -6.4961
-7.7518 -5.6653
-8.3427 -7.9127
-7.9327 -7.9342
-7.9802 -6.8653
-7.8456 -6.9161
-8.2603 -6.2749
-9.1619 -6.2715
-7.7406 -6.0084
-7.2060 -6.8682
-6.4882 -5.6790
-7.7066 -6.6911
-8.2172 -6.7009
-7.6288 -7.5250
-8.0208 -6.6898
-6.5075 -6.1466
-7.2488 -7.4633
-7.1083 -4.8548
-7.4591 -7.4776
-7.3071 -6.6024
-7.7611 -5.6145
-8.5840 -5.8704
-9.2372 -7.5220
-8.8952 -7.2551
-8.0035 -6.5363
-7.0231 -7.5776
-7.8935 -7.4626
-8.1974 -7.0892
-7.8048 -5.8766
-7.8423 -7.3615
-8.8116 -6.5459
-8.2051 -4.7522
-6.5245 -6.2564
-6.7037 -6.1541
-7.9726 -8.0353
-9.2804 -5.2048
-7.7011 -7.4100
-7.9248 -7.0782
-7.1222 -6.8297
-7.7751 -7.3588
-8.0022 -5.3139
-7.5581 -7.1034
-7.7450 -7.0493
-7.1584 -5.0124
-7.9587 -7.4990
-7.2243 -5.8091
-8.2498 -6.9083
-8.4621 -7.3219
-8.8884 -6.6224
-7.2552 -6.4087
-8.1944 -7.0131
-7.7385 -7.3858
-7.8603 -7.3720
-7.9151 -6.1002
-7.8431 -7.5290
-7.1002 -6.1124
-7.4387 -5.6871
-7.0132 -6.8614
-8.4489 -5.2903
-9.2965 -6.0787
-8.2224 -7.2421
-7.9561 -7.0238
-8.7192 -6.0143
-7.8205 -7.2797
-8.1197 -6.1828
-8.7364 -8.0860
-8.5881 -5.8088
-7.5320 -5.6762
-6.9149 -7.2810
-7.6087 -7.1830
-7.7329 -6.7966
-7.1167 -6.4311
-8.6541 -7.5745
-8.1094 -6.3298
-7.5584 -6.6656
-8.4546 -6.9811
-8.1014 -7.6597
-8.2209 -6.9407
-7.5183 -7.0253
-7.6875 -6.7743
-8.7857 -6.3977
-7.7876 -5.2901
-7.5338 -7.3913
-8.9128 -6.3478
-7.4533 -6.3170
-6.9707 -5.8393
