6.7072 7.4865
6.9761 7.4763
5.6962 7.8408
6.3201 7.2397
7.6192 7.5367
6.2203 7.6848
7.3942 8.4107
5.6565 6.7796
7.0002 8.0306
7.3178 7.7436
6.0540 8.3876
6.6205 7.3194
6.6627 8.0810
7.4073 8.4602
6.7311 7.9417
7.2830 8.2781
6.3491 8.1506
7.1750 8.2978
6.5320 8.2696
7.3721 8.0111
6.5894 7.8950
7.1440 8.6265
7.7642 7.8775
7.7275 8.6414
6.9380 7.3166
7.2948 9.2362
6.8136 8.3265
6.8998 8.1414
7.0829 7.6366
7.0135 8.5615
5.9500 7.7678
8.4066 7.5458
6.2666 7.3157
5.9753 7.3144
6.7317 8.0704
6.6975 8.6987
7.7507 7.6906
7.6182 10.2559
5.4597 8.3149
7.5522 8.1675
6.4689 8.5769
7.2403 7.8552
7.2928 9.3278
6.0101 8.5865
6.9126 8.8377
7.1474 9.1487
7.0283 8.4311
7.4986 9.5276
4.9527 6.7279
7.3026 8.1787
6.9648 7.8404
5.7778 8.4220
8.6782 7.8958
7.9213 7.5742
6.0635 7.0012
8.3713 7.2058
5.6614 9.2592
7.4646 8.8870
5.0376 8.1861
6.0691 7.2687
7.6626 7.7179
6.3611 7.7301
7.4843 8.2630
7.4736 8.6429
8.3755 7.3256
6.0783 7.8122
6.1910 7.7801
6.3016 7.2132
7.9723 7.4239
6.3407 6.6603
6.5856 7.1809
7.0608 7.8354
6.7502 7.4422
7.3973 8.1057
6.9055 8.2925
8.2552 8.6799
7.8227 8.6996
8.1108 6.0767
5.4214 7.6719
6.9022 8.2604
7.5735 9.1123
7.1628 8.0473
7.8681 8.6596
7.6400 7.4817
6.4996 9.3571
6.9199 8.6244
6.4825 7.3788
7.7992 7.5267
8.3892 8.8799
6.2823 8.6608
6.3927 7.7515
6.2420 8.4794
6.4477 8.9158
6.5634 7.7408
8.1963 8.4225
6.2201 9.3274
6.8923 8.6554
5.9555 7.5903
7.7578 6.7901
7.7304 7.6016
7.3529 7.8780
6.9884 8.8003
6.4953 7.9918
7.4706 8.9043
6.5627 8.1637
6.3294 7.4727
7.4732 7.9049
7.2220 8.5641
6.4676 7.5898
6.2997 8.0220
8.0689 7.8671
6.7317 7.2981
7.2614 7.9178
6.2497 7.4115
7.1164 7.0389
6.0584 9.5293
7.9278 8.8870
5.8192 8.0025
7.4077 8.6775
6.5813 8.6733
7.5288 7.8843
5.5942 9.4960
5.3276 8.0805
7.8815 8.3388
6.6093 9.1221
6.3188 8.1725
6.1993 7.3168
5.4192 7.8446
7.1617 8.1502
7.8579 7.2967
7.5538 8.4891
7.3069 8.6133
6.5474 8.2221
6.7278 9.0353
7.2500 8.0075
6.9258 8.6263
7.1895 8.3964
5.9426 9.0900
6.5822 7.5902
5.9093 7.8791
7.8317 6.9533
7.5425 6.9818
6.5414 7.8163
6.6266 6.8007
6.9046 8.2737
7.2788 8.1080
6.9762 8.0412
6.5533 7.4163
6.4392 7.2947
7.0969 7.8828
6.6288 6.6731
6.5964 7.5946
6.2283 6.8234
6.6173 8.2239
6.1164 8.3059
7.4283 8.7427
8.4105 8.0447
6.3109 7.2395
7.0657 7.6468
6.0937 8.6663
7.6979 7.0709
6.9206 8.3766
7.0523 8.5836
7.7763 9.2372
7.2594 8.5600
6.2870 8.3624
5.7818 6.6775
7.0130 8.8660
6.6226 7.1146
6.4926 9.2131
6.5643 8.7971
7.2051 7.5848
7.6902 8.2263
7.0832 8.1851
7.5699 8.2033
6.2071 8.3260
6.6617 6.6611
6.7195 7.5479
6.4759 8.7077
8.0142 8.1055
7.3707 7.3716
6.9230 8.6795
7.4900 8.3173
5.8243 6.9945
7.2624 7.4550
6.7877 7.6236
6.3930 7.9070
7.0410 8.7394
6.4458 9.1467
6.2166 7.8823
6.9247 9.3728
5.8041 8.3301
8.0771 7.2974
7.3189 6.9244
7.0466 8.9182
6.8936 7.4553
8.3690 8.4010
7.8593 7.3767
6.8119 7.6418
6.5320 8.1376
7.6524 8.3212
7.0491 8.3780
6.2269 7.7114
6.7748 7.7830
6.3583 8.2523
7.3737 7.8546
6.5456 7.2477
7.5746 8.6353
7.1762 7.4196
7.7416 7.4820
7.3659 7.0742
6.9473 7.0492
8.0991 7.4711
6.7965 8.2591
6.7395 10.1074
7.5581 9.7165
6.2190 9.8199
7.2163 8.3665
7.4762 7.7228
6.0398 8.6123
6.4143 8.1328
6.6332 7.6153
6.9042 7.7849
6.3966 7.3485
6.7668 8.3924
6.4075 8.9457
7.0089 7.7492
7.4430 8.7774
6.3061 8.1237
6.5795 8.6331
5.7896 8.0477
7.0784 8.8583
7.5896 7.0485
6.7292 8.3829
6.6414 7.5530
6.7032 8.1607
7.1821 6.7901
6.4054 9.5441
6.7151 5.4870
6.0631 7.8624
6.7815 7.2451
5.1145 9.4914
6.6704 7.9016
7.1147 8.0554
6.9002 8.4094
7.1115 8.1347
6.4910 9.1798
5.6525 6.7960
5.9678 8.2681
7.8590 8.1494
7.1192 8.7210
6.5553 7.8720
6.6371 7.6333
7.7026 8.6350
7.1439 8.4967
6.7391 8.4089
6.5471 7.7047
7.0713 7.4556
7.3079 8.9442
7.0717 7.4344
6.9066 8.6418
7.8806 8.4571
6.2241 7.7909
7.6882 6.7829
7.9472 7.8267
7.1298 7.0413
6.9591 8.2327
6.7263 8.0402
7.4771 8.1289
6.4147 8.1197
5.8893 8.5004
7.6444 6.8440
6.4557 9.0185
5.6983 7.1169
7.4316 7.1187
6.4277 7.2241
6.9358 8.6953
6.5216 8.4925
7.1004 7.7984
7.7279 9.1965
6.1210 8.7139
7.3244 8.2489
6.8719 7.6395
6.4387 6.8598
6.7520 7.3338
6.3525 8.1587
6.0734 7.1322
6.4932 8.3191
6.4432 7.1778
7.3445 7.7268
6.6130 6.7494
6.8729 7.5427
8.7459 7.6183
6.9150 9.3746
5.7710 6.8801
6.4127 8.6915
7.2511 8.4457
6.4673 6.9178
7.7676 7.6677
6.8809 7.8511
7.7154 7.0469
7.2690 7.5154
7.5194 8.6423
7.2144 7.1731
7.1478 6.5602
6.3417 7.7955
6.9950 7.3769
6.6005 8.2674
7.0388 7.3766
7.8800 7.9830
6.7915 8.2057
6.8623 8.6384
7.9678 8.7291
6.3319 9.0448
7.7472 8.6123
7.4182 8.2103
4.7017 8.0648
7.7813 7.6884
6.5972 7.8832
5.4180 7.6145
6.7932 6.6397
6.1375 7.7823
7.2308 8.2560
9.0078 7.3482
7.2738 7.9763
6.3098 8.1564
7.6033 7.4095
7.8337 7.5615
6.5086 7.3048
7.2951 9.0791
7.4421 7.0148
6.8980 7.6145
7.0536 9.2463
5.6147 8.5460
6.8422 8.6403
6.6458 9.0960
6.5080 8.1452
7.3818 8.3369
6.8389 7.5998
6.7214 6.2648
8.0270 7.8377
6.6778 7.7000
6.0200 7.0166
7.3448 7.4352
5.9375 7.7928
7.2241 9.7415
5.9063 7.9596
7.2447 7.9272
6.1478 7.6643
7.1785 7.4344
7.5418 8.2985
7.8451 7.6375
6.9005 7.0514
6.1692 7.4662
7.5292 8.5550
7.3961 7.1341
7.8826 7.2964
7.8988 7.5150
5.6596 8.2371
6.3874 7.6403
7.7797 8.5705
7.9593 8.6042
7.3709 7.5927
6.4475 8.5230
6.5808 7.9523
6.5495 7.3473
5.8803 8.2453
6.3186 8.6206
6.9561 8.0382
6.2688 8.3045
6.5450 7.0124
8.0834 8.0519
7.2106 8.8210
7.0138 7.9621
6.9632 7.7731
7.6293 8.2315
6.9687 7.9401
8.0334 7.6060
6.2716 8.6954
7.0308 8.3941
5.8397 7.2392
7.2180 7.6531
7.6777 8.3758
6.5830 7.9264
7.2375 7.6572
7.3890 8.9333
7.2263 8.2098
7.3738 8.2329
6.9081 7.6437
7.5548 7.9260
6.4959 8.5829
7.4965 7.7673
7.2491 8.1333
7.2752 8.2294
6.8561 7.8112
7.7195 7.6178
7.7630 8.1208
6.7069 6.8669
7.5997 8.1775
9.1637 7.2433
7.0478 7.4812
7.5418 7.4191
7.0881 7.8778
8.0202 8.6031
4.8709 8.1372
6.0356 7.5164
5.6373 7.2246
7.1496 7.9037
7.1671 7.4642
7.0272 6.3949
7.1714 8.4003
7.3026 8.9574
7.4903 8.2540
6.5868 8.4812
7.1729 8.9852
6.5727 8.5868
6.3896 7.8387
7.1419 7.6237
7.3371 7.7334
5.9939 8.4442
7.7110 6.8560
6.2221 7.7933
8.1774 6.9712
6.7850 8.1048
5.2310 8.4182
7.9421 8.4634
5.8832 7.5395
7.8121 8.7507
6.6060 7.6106
6.4035 8.1510
8.2272 8.2659
7.1985 7.0918
7.5458 8.2985
7.7152 8.3842
5.4924 8.0398
6.8267 7.5730
6.1874 7.9879
6.8391 8.0680
6.8395 8.4614
7.4400 8.3240
7.0152 8.4315
6.5956 8.4987
5.8622 8.4414
6.8850 7.3350
7.4148 6.5813
7.0567 7.4633
6.8230 9.1245
6.9044 7.0452
7.3954 7.3850
7.2268 7.8750
8.2716 7.0879
8.0004 8.8668
7.4153 8.2886
6.9624 7.7711
7.2959 8.0142
8.2926 7.8516
7.0631 8.5546
8.1745 7.0936
6.9699 8.8141
6.8490 8.6549
7.0149 8.9447
6.3253 8.0228
5.7131 8.4783
7.0393 8.4481
6.2243 8.0559
4.8575 7.4980
6.9835 8.2319
6.9297 6.7797
6.3154 7.8455
6.1695 8.2313
6.7972 7.5997
7.3866 6.5418
6.5803 7.7459
7.2790 8.2664
7.3520 8.5643
5.7283 9.0361
6.1698 7.9010
6.6720 8.9062
8.0429 7.3975
6.6136 7.2074
6.9807 8.1516
7.7820 8.1763
5.9828 7.9431
6.9393 6.7628
6.3921 7.9501
7.4824 7.2525
6.6184 6.9794
7.3053 8.9939
6.9288 9.1516
7.3294 8.5466
7.2594 9.1814
6.5412 8.2672
7.0415 7.9449
6.4773 8.5965
7.9871 8.1923
7.4236 8.0220
7.1607 8.4678
7.1892 7.9163
6.9114 7.5862
7.5973 7.4186
7.2798 8.3089
6.4459 8.7335
6.4256 7.9914
6.7569 7.6025
7.7981 8.5510
7.4907 8.2480
7.1216 7.1823
7.1909 8.0641
6.9796 8.0329
6.4188 7.7024
7.1600 7.7802
6.3826 8.0364
7.1172 7.9865
7.4352 7.4804
5.6462 7.5948
7.9298 10.1226
7.5405 7.6789
7.0240 7.7484
7.3526 8.5643
7.9261 7.9342
6.2664 7.1539
6.6709 8.6487
6.8701 8.5151
7.1118 9.2540
6.4828 8.0188
6.2969 8.2139
7.9081 8.0647
7.2170 7.9665
5.8207 8.9301
6.6273 5.9582
7.1192 8.8573
7.0242 8.3209
4.9277 9.6935
5.7292 7.2408
6.8454 7.5731
7.3487 8.4131
6.3837 8.7066
5.9678 9.1444
6.9388 9.7175
6.9491 7.9252
7.0157 6.9449
6.4044 8.0596
6.7170 7.2339
7.5539 9.1108
7.3670 6.9075
7.1265 7.9923
6.5466 7.2923
7.4263 8.1099
8.2164 7.9149
6.3921 8.0328
6.7656 8.0294
6.3728 8.9697
6.6338 7.8300
7.1833 8.3318
7.7706 8.2194
7.4817 8.7566
8.1534 7.6360
6.9519 7.4056
5.7518 7.4723
6.3084 6.8581
7.8579 8.0939
5.4269 8.1117
5.6537 9.0904
6.4840 7.5665
6.8493 8.9605
7.5114 7.6645
7.3931 7.0755
7.2140 8.2671
7.5556 8.7373
6.1418 7.5419
6.0243 8.1170
6.7971 7.3600
7.0172 7.2504
6.8468 7.1438
6.0695 7.7930
7.5184 7.8179
7.9507 7.4254
7.3378 7.4106
7.0856 8.0283
6.8362 7.5084
7.8133 8.1483
6.1958 8.0853
6.7067 6.8658
5.7819 9.2871
6.3506 7.5293
6.5249 8.0728
6.8734 7.4500
7.0096 6.7980
6.9041 9.0700
6.5042 7.7532
6.2858 8.0606
7.5819 8.5440
6.2082 7.9050
7.0190 7.8229
6.6842 7.5062
6.8776 8.0178
6.3348 7.2480
7.1078 8.5911
7.5626 8.3966
7.5134 8.0580
7.0008 8.7292
7.1302 8.1086
8.0924 6.8084
7.5846 8.3404
7.2418 8.0528
6.8865 7.0964
4.9891 9.0241
6.7833 8.5451
6.7913 8.8879
6.7292 8.2363
7.8397 7.5019
6.9440 8.2853
7.3105 8.1460
6.7249 7.2319
7.3185 7.8720
6.8678 8.7006
6.5971 7.8439
6.5156 7.1108
7.4982 7.7189
7.4016 8.5850
5.6788 7.2826
7.4156 8.7887
7.3092 8.1548
6.7364 8.0311
6.3527 7.1795
6.7288 7.2031
5.8509 7.8517
7.4951 8.4753
7.7543 7.1131
7.6228 6.3776
5.4562 8.1815
6.2387 7.7356
6.7352 8.8589
7.1230 7.2196
7.7305 7.0974
7.3629 8.5539
6.3900 6.7809
7.1205 7.5016
6.2551 7.5231
7.1245 6.6234
6.4639 6.9218
6.4316 7.1340
7.2280 7.0798
7.5661 7.3095
7.0846 8.2103
6.6600 8.2897
7.8577 9.1645
6.5784 8.6089
7.1263 8.2829
6.5458 8.7099
7.7995 7.2645
6.7132 8.1291
6.7904 7.7164
5.6870 7.7836
6.6703 8.1682
6.9611 7.6048
6.6039 8.9945
7.1415 8.2216
7.0945 7.5143
7.6842 6.5119
5.7041 7.7678
6.9620 7.7704
6.2362 9.3569
7.3157 8.2612
6.1234 7.4011
6.2562 7.6000
5.1501 8.1579
7.0916 8.3713
8.0751 8.4547
6.7221 8.1301
8.0170 6.5662
6.6585 7.7830
6.7424 8.4946
6.8475 7.6995
7.2422 7.8001
6.9742 9.3483
8.0232 7.1656
5.4551 7.8338
7.1318 8.6471
7.5352 7.4070
7.3556 5.9874
6.8904 7.6235
7.0265 6.6770
7.2533 7.4698
7.8929 8.9927
7.8712 8.1675
6.6739 7.4169
6.2369 8.9395
6.4575 8.0752
7.2965 7.4923
7.9929 8.3377
6.1116 7.4708
7.5717 8.7537
7.1430 8.0393
6.9308 8.2602
7.1083 8.4751
6.9421 7.4764
6.5017 9.1228
6.9183 7.5027
7.3951 9.1787
6.8264 7.8583
6.0262 8.5867
6.7972 8.7929
6.1444 8.9739
8.0056 7.2794
6.9735 7.9466
7.2092 7.1524
7.9292 8.9286
7.9938 7.3437
7.7493 9.3857
7.7067 8.0182
7.6629 6.8581
5.8525 7.4079
6.3250 7.6400
5.5617 9.0554
7.7446 8.7298
6.7833 6.4394
6.4976 8.3205
6.9970 8.6156
6.7836 7.2314
5.9347 8.2342
8.3313 8.2511
7.2056 8.5469
6.1096 8.0983
7.9701 8.2267
6.4765 7.8585
6.0202 8.0161
7.1503 6.6938
7.1672 7.9663
6.6067 7.5605
5.5327 8.3094
7.4110 8.6093
7.8053 7.5946
8.0778 7.5880
6.9019 8.4592
7.5367 7.9462
6.7972 8.4554
8.4284 9.0468
7.8743 8.3172
6.0856 8.6635
6.4173 7.4450
7.4436 7.5599
7.0611 7.8532
6.0684 9.0546
6.4308 7.1793
7.3279 7.4993
7.6086 9.0095
8.7324 8.3126
6.4819 7.3909
6.7167 7.6003
6.3255 8.9899
6.2103 7.8215
7.2374 7.0233
7.1144 7.6781
7.7365 8.0266
7.5247 7.6230
6.5619 8.8062
7.6515 7.4647
7.7249 6.3672
4.7877 8.3193
6.5297 7.0849
5.9444 7.7147
7.5814 7.9043
8.2343 7.7419
6.7120 8.0190
6.9627 7.6673
6.0767 8.8700
6.9304 7.8498
6.1579 8.2309
5.8013 7.7868
7.6702 9.9165
7.9954 8.7962
7.1812 7.8361
7.6386 7.0075
6.6490 8.5315
6.9153 8.1153
7.4007 8.3696
6.0643 7.0077
6.0116 8.0017
6.4599 7.3485
7.0077 7.5226
6.0321 7.8741
7.4989 8.0600
6.2399 7.8623
6.6521 7.2048
7.6832 8.7739
6.8216 7.3190
6.4988 7.5084
7.3943 7.5071
6.1101 8.0464
7.4811 7.4022
7.2139 8.6871
7.0334 8.2954
5.4664 6.9297
6.3725 8.4044
6.8109 8.0044
7.4949 7.3541
6.0876 8.2842
7.5348 8.9016
7.4878 8.4614
7.6365 6.2283
5.4015 8.4478
7.1312 9.0380
7.0614 8.7397
8.3390 8.2485
6.9553 7.5762
7.7628 7.7416
7.4266 7.3927
6.9891 8.6882
6.4579 7.5334
6.7512 8.6953
7.9897 8.1669
7.2942 7.8095
6.5953 8.2018
8.6753 6.9635
7.6825 7.3631
7.2006 7.3265
7.2503 7.1631
7.9332 8.2264
7.4242 7.6317
5.9931 7.4335
7.2068 7.6653
7.1174 7.7071
7.3069 7.1859
7.1666 8.5370
7.0311 7.8227
6.8401 8.3511
7.0434 8.4880
7.3633 7.1930
6.0238 7.8799
7.4467 6.6180
7.0365 7.7654
7.7189 8.0245
6.9486 8.8345
7.6710 8.0358
7.2554 7.2582
6.4273 6.9625
5.5083 6.6557
6.2927 8.7355
7.3663 8.5623
7.3919 9.0095
8.3316 7.6665
5.8840 8.3653
7.6937 8.3107
7.7027 8.9016
7.3542 6.8658
7.0478 7.3384
6.2137 7.0184
6.8805 7.7590
7.3664 7.3012
6.8133 8.3489
7.3226 7.1493
5.6199 7.1387
7.3756 7.9184
6.6038 6.9214
7.1967 7.3081
7.4632 9.2173
6.7784 7.2135
6.3437 8.2868
5.6422 8.6808
6.3789 8.2420
5.3942 8.3474
8.3378 7.8630
7.3089 8.9101
7.1867 7.7753
6.2215 8.5417
6.1532 9.8528
7.1248 7.8538
7.0525 7.5836
6.5614 8.8364
5.6807 8.1769
6.7490 8.4764
7.1552 7.8092
5.5228 7.4870
7.2459 8.0282
6.3634 8.1784
7.8567 8.5422
8.1149 9.4629
7.5634 8.2890
6.6472 7.1354
6.6070 6.7711
6.5017 7.4893
6.1789 8.7277
7.0662 8.1437
6.3717 7.9203
6.6369 7.9441
7.1325 7.7067
7.0272 8.5499
5.4676 8.5116
5.9322 7.4965
7.2248 6.8106
6.8949 8.3864
7.1053 8.4627
6.4035 8.0270
7.2791 8.4017
5.8927 8.9717
7.6483 6.9919
7.4093 8.0306
6.7996 7.7403
7.7816 7.9558
7.9969 8.3777
7.3985 8.4583
6.8615 6.7816
5.9610 7.2038
7.3438 8.1732
6.7732 8.5024
7.2624 8.7809
6.7804 8.6832
6.9446 7.4769
8.1859 8.0384
7.3608 7.0740
7.6107 7.9112
7.0641 8.0286
5.9147 8.1079
6.7030 8.1034
7.1049 9.8655
7.0120 7.7241
6.2856 7.4620
6.5302 7.4758
7.4379 8.5934
6.1692 8.3007
8.0505 7.9733
8.1005 9.2291
6.7567 7.5911
5.5948 7.6564
6.2011 7.2637
6.7858 6.4558
6.7534 7.3724
7.9538 7.4743
5.2839 7.8239
7.2952 7.0288
7.1529 7.1717
7.8444 6.7766
7.6100 7.4734
7.4056 7.2320
7.9955 8.7486
6.5369 8.9501
7.5343 7.6712
8.2030 9.2025
6.3579 6.7304
7.4507 7.6685
7.1201 7.6093
8.3554 8.5795
7.2759 8.0315
7.4656 8.2380
8.0571 8.3235
5.9891 8.6355
7.1761 7.8212
7.4660 7.5018
6.9976 7.5896
6.7765 7.6615
7.8023 9.3410
6.2258 8.5201
7.7791 7.6622
6.9765 7.6130
7.1952 7.6572
7.8572 7.8643
6.7408 6.9109
6.9598 8.2567
7.6272 7.9737
6.7669 7.5050
7.2012 6.5765
6.8702 7.4927
6.8861 7.9862
7.1669 8.4342
7.1503 7.6878
7.3136 8.0492
7.1083 7.7949
6.6016 9.2792
6.3747 8.6189
6.4325 8.7721
7.3386 6.8909
6.8698 6.2647
7.3650 6.7696
6.8419 7.4556
7.7122 8.5827
7.2339 7.4248
7.2314 7.3660
6.8062 7.7727
6.8780 7.6096
7.3735 8.1586
7.9309 7.9665
6.0148 6.9061
7.0183 8.4266
7.9304 8.4225
6.7175 8.1131
7.9496 7.5244
6.0892 8.3378
6.2665 8.3653
7.6308 8.4841
7.3480 8.3110
6.3455 8.1754
7.8386 8.5202
7.6653 8.6329
6.6981 8.6532
7.9719 7.0501
5.3740 7.7936
6.3996 7.2485
6.9654 6.8811
6.7354 7.7708
7.6462 0.2758
7.0176 1.9336
7.5280 0.7993
7.0443 2.1990
7.2220 1.1330
7.6020 1.9662
8.5426 2.3094
8.9667 0.2500
7.0893 1.5519
7.9192 1.7995
7.6695 -0.0861
8.5256 1.7721
7.0664 0.6307
7.4266 1.6319
7.1909 1.2687
8.7141 2.5547
9.1275 1.9774
7.6390 1.9773
8.9256 1.4021
7.0700 2.0534
8.6314 2.7841
7.7775 1.4898
8.1543 1.5596
7.3998 1.5213
8.3172 1.4132
6.6256 2.2339
7.2809 1.2799
8.1325 2.9141
9.2239 1.2298
8.0616 1.8654
8.1506 2.9515
6.6648 2.1338
7.6525 1.3063
9.0497 -0.0035
8.3341 2.1745
6.4234 1.0203
7.8192 1.6449
7.4409 1.4981
7.6742 1.5486
6.5773 1.0852
6.7868 1.1019
7.2605 1.3028
7.3862 2.3447
7.6055 1.5071
7.3354 2.2465
8.1712 1.6754
7.4381 1.9412
8.5367 0.8341
6.8084 2.8731
5.5417 1.5397
7.2645 1.9260
8.2666 1.5354
7.2326 2.7472
7.5000 0.8538
7.3644 1.5428
6.9104 0.4304
7.9516 1.7323
6.9457 1.0839
8.8517 1.9617
6.7557 1.5525
8.9247 2.8418
7.2830 1.3450
8.6136 1.3965
7.0280 1.9081
8.1462 0.0375
7.7830 0.8570
7.7861 2.5310
7.1102 2.5274
7.5678 2.2339
7.6043 2.1801
6.4793 1.4639
7.6659 2.2990
7.0078 2.6715
7.9630 1.9507
7.5768 1.2130
7.1856 -0.2772
6.7949 0.7442
7.1876 2.1194
7.4249 1.8111
6.5661 0.9221
6.5464 1.7886
9.2527 2.4874
7.0143 1.2607
7.1720 2.5000
6.8165 1.2005
7.2643 1.9499
7.7447 1.4249
7.4865 1.5052
6.2699 3.4417
7.6173 1.5885
6.8428 1.7485
6.8657 1.2856
7.4907 3.3235
7.2817 2.6391
7.4945 1.4824
7.3984 0.0028
6.2803 2.1900
7.4812 0.9246
8.1262 1.0922
7.1429 2.2474
9.2522 1.3407
7.9500 1.3463
7.4924 2.3359
7.2218 1.1374
8.5185 1.1803
8.7445 2.4679
6.3968 0.6180
6.7852 1.8501
7.5595 1.8636
7.7102 1.0351
6.4880 2.0274
7.3626 1.9054
6.7335 1.9996
7.3687 1.0380
8.6329 0.5541
6.7048 3.3947
5.8371 0.8300
6.9153 2.0988
7.8840 1.6128
8.4251 1.1909
7.6034 1.2290
9.0836 1.0222
7.3214 2.2695
6.7974 1.8758
7.8909 1.4568
6.8701 2.4372
7.6268 1.1998
6.9224 1.0884
7.7387 1.6441
7.3615 0.2429
5.5808 1.4106
4.9911 2.3620
8.9581 2.3595
6.6694 1.7741
7.6388 2.3663
6.5169 2.2728
7.9871 1.7546
8.1280 1.5380
7.4406 2.2398
8.8305 1.6034
8.8589 0.6597
7.2031 1.5773
8.1230 2.3533
7.0109 2.2482
7.7450 2.5170
8.1030 1.6797
7.0251 2.2519
6.8748 1.9214
7.8983 2.9861
7.8716 1.6223
8.0215 1.7525
6.4583 2.3623
7.9306 2.2811
7.9774 2.6190
8.4070 1.9634
7.2835 0.9772
8.1342 2.0906
7.8124 2.4060
7.8324 2.9865
8.0554 1.6364
6.8475 2.6389
8.0773 1.5801
9.3836 1.7417
7.8450 2.4639
7.5357 2.3230
7.4725 1.2781
6.9562 1.3836
6.6209 2.2099
7.4676 1.5391
6.2016 1.8210
6.9766 2.1206
7.4791 1.4970
8.1072 0.5174
6.3607 2.5634
7.9765 1.2277
7.7588 2.0466
6.0829 1.7180
8.6011 1.7536
7.4422 1.7597
7.0756 1.7303
6.4898 2.4305
7.2429 1.8155
7.9114 0.6295
7.7078 2.5506
8.3644 1.0974
8.2536 2.3379
6.6680 2.0323
7.9655 1.5343
7.7207 2.4533
7.3936 1.6106
6.9466 1.7887
8.5974 1.3955
7.2228 1.9876
7.9014 1.1417
7.0044 2.8871
8.1156 1.9921
7.0195 1.7959
7.7748 2.2021
7.4371 2.2728
6.0646 2.5685
6.2710 2.1094
7.6470 2.0825
7.9145 2.2117
8.6069 1.9896
8.0278 1.6632
8.2560 0.8122
6.2940 1.5948
7.2273 1.5250
7.4303 0.4001
7.3325 0.7050
6.8155 1.7266
8.0298 1.2598
7.6829 1.1114
8.3296 1.3476
9.2882 1.8738
8.1909 2.2017
6.9333 0.9096
7.3736 2.7557
6.4688 1.2594
7.2867 2.4777
7.8594 1.8350
8.8470 1.3175
7.3039 0.6310
8.0427 2.3173
8.0947 2.1117
8.0890 1.5082
7.3145 1.8257
8.2903 1.7739
8.0036 1.9428
8.0679 1.5102
5.9654 0.3778
7.9686 1.9270
7.4216 2.3672
8.0546 1.7416
7.4659 1.5057
8.8886 0.2910
7.4881 0.6362
7.4899 0.7144
6.5754 2.1997
7.7149 2.2750
7.6584 1.9017
7.5548 1.2659
8.0349 1.0690
8.0364 2.4625
7.3193 2.8689
6.9335 2.9695
6.6805 0.4316
7.8642 1.2593
7.3162 2.4656
8.4669 2.1956
8.2047 2.1454
6.6689 0.9769
7.5193 1.0937
7.4581 1.4036
7.5269 1.7818
6.4993 1.9659
6.9185 1.6323
7.8818 1.5870
7.3108 1.6611
7.3083 0.9909
7.8387 1.7687
7.6532 0.9813
7.3893 1.0579
7.4078 1.3457
7.6228 2.3747
7.4328 1.6488
7.3380 0.9035
7.4772 2.2629
7.1320 1.8276
7.2516 -0.0924
8.6764 3.6798
7.2631 1.3213
6.8325 2.1513
8.4240 0.4511
8.0304 1.0119
7.2644 1.4062
7.0053 2.9430
6.9069 3.7903
7.3821 2.5043
7.6232 1.4609
6.9726 1.2053
7.5922 1.3392
6.2622 0.4703
7.8141 2.1751
7.8181 2.0410
7.7011 0.4048
7.1598 1.8458
7.7863 2.4795
8.7870 1.6074
7.9632 1.1564
7.3426 2.3803
8.1811 1.6656
6.3545 2.2771
7.2157 1.2251
6.6652 1.1351
7.7198 0.7751
8.1004 2.8380
7.9855 2.1159
6.8080 1.3113
7.9786 1.3996
7.4873 1.5732
6.7036 1.5876
9.0903 1.0122
8.0454 1.9759
7.8769 1.4868
6.8753 1.8104
8.0915 1.0554
6.0714 2.6581
7.4604 2.8596
7.6085 0.8721
8.6591 1.3670
5.7967 2.4428
7.1955 2.0608
6.6867 2.3616
8.1666 -0.0645
7.7748 1.5150
8.1132 2.8221
7.9631 1.5067
6.3161 2.2549
6.8471 1.7467
7.2835 1.4517
6.8359 0.3516
8.0123 2.6822
8.2483 1.1735
8.0832 1.6484
8.4307 1.3247
7.0801 1.9575
8.3563 0.9971
7.1133 1.1918
7.1713 1.6939
8.4753 0.8940
8.2957 2.3528
7.5222 1.5038
7.7929 2.8301
7.0225 0.8289
6.5802 2.3392
7.2448 2.0139
6.5050 1.1263
7.6306 1.1942
8.3723 2.1872
8.1505 1.8662
6.3320 1.9810
8.3624 2.0448
8.1963 1.0095
8.3720 1.6390
7.9969 2.6718
6.4144 2.1013
7.5302 2.4653
8.0387 2.0282
7.8541 2.1211
7.4680 2.7325
6.8799 -0.1028
7.0564 0.7296
7.1577 1.3941
7.5986 1.7064
8.1621 2.2831
6.2159 1.1985
8.4587 1.0759
8.6152 2.5676
7.0487 1.1107
7.0336 0.5037
5.8153 1.6589
7.7748 2.2800
6.8760 0.3237
8.4431 1.5412
8.9325 1.5845
8.7622 0.5435
7.8726 2.2227
7.4215 2.6038
7.3672 1.5265
7.2363 1.5010
7.0182 0.8189
8.2931 2.3451
6.6996 2.2345
6.7853 1.2431
6.1508 1.8145
7.8181 2.0815
7.0918 1.0770
7.9408 1.3105
7.9415 1.8200
7.2861 2.7084
7.5478 2.2296
7.9126 2.4100
8.6767 0.3782
8.0849 1.4506
7.9678 1.9654
7.9506 0.4948
6.8692 2.7277
9.3769 1.0791
6.7371 1.1489
6.7395 2.8028
6.8004 1.8546
8.0799 1.4966
8.3046 3.0938
7.0229 2.0602
8.0225 0.8408
8.0123 3.2238
6.9219 2.0165
7.1753 1.2292
6.4958 2.4235
7.6773 1.7754
7.3613 1.1828
7.0466 2.6620
7.2112 2.3857
7.7054 1.4131
6.8602 2.7064
7.2511 0.5899
6.3516 1.5091
8.2354 2.7148
6.8054 1.6973
8.1234 1.3823
7.0682 2.2463
8.4046 0.7491
7.6244 2.0810
8.3228 2.5529
7.7591 1.2509
8.4502 1.3642
6.8412 1.8658
8.4658 1.8324
7.2049 2.4772
7.6716 1.1386
7.1547 1.8945
7.8065 2.2088
7.3458 1.7257
5.8236 1.5640
8.1314 2.3196
6.9974 2.3526
7.3839 1.4558
7.5817 1.6747
7.9060 1.8840
7.5933 1.7124
6.6853 2.0507
7.1619 0.9772
7.5033 2.0231
7.1898 1.1956
7.6302 2.8244
7.0279 3.0122
5.6654 3.2667
7.1977 1.5865
8.0795 1.6444
7.2699 1.1973
6.9506 0.7612
7.5473 1.1701
8.2928 1.9710
7.9981 1.1969
7.4500 2.1967
8.3445 1.9156
6.4132 1.7664
7.5373 2.2063
7.3090 1.6392
7.4524 2.7315
7.1698 2.3481
8.2608 0.8084
7.4529 2.0183
7.7621 1.7845
6.6746 2.6400
8.1654 1.5241
7.6319 2.1140
8.8326 2.5439
8.9506 2.2356
7.5613 1.7165
7.5602 2.5691
6.6323 2.5246
8.0995 2.2419
7.8452 2.2158
6.6147 1.2073
7.6062 1.8461
7.5044 0.5918
7.6351 2.0640
8.5129 1.8219
7.5880 0.5423
6.2246 1.1099
7.6912 0.8015
8.9450 1.3800
8.3743 1.3008
7.6304 2.3610
7.3424 2.3330
7.9501 2.1504
6.6312 0.4075
7.3929 3.1149
6.8809 2.3626
6.6764 1.1264
8.4739 2.5969
8.3448 1.7501
8.5534 2.2056
7.3760 2.6719
8.0444 2.0257
7.4872 0.9152
7.4675 1.0705
8.0377 3.1686
8.2737 2.6060
7.2486 1.3987
7.1303 0.8177
8.2596 2.4312
7.7544 1.4788
7.9316 2.8465
7.4598 0.8993
7.2386 2.9172
8.3223 2.0035
7.8974 2.6990
7.3650 1.3622
8.1507 0.8204
7.0350 2.2786
7.6110 0.9306
8.4522 1.0454
7.4768 1.6634
7.2117 1.9158
6.4916 1.0823
6.6895 2.1147
7.9479 2.2000
8.3415 1.3566
6.5578 1.8218
8.2748 1.9257
8.0911 1.6715
7.3820 1.5213
7.5152 1.4694
7.3389 2.1283
9.0831 2.3182
8.0922 1.4703
7.1779 2.6678
7.0997 3.0183
7.3030 1.8799
6.7981 0.4747
6.9309 3.7556
8.9298 1.7467
7.7932 1.7039
7.6061 1.4857
7.6539 1.8212
7.7462 2.6499
7.2614 2.5263
7.9148 2.0843
9.5435 0.3365
7.4939 1.2330
7.0178 0.4238
8.6265 2.2254
7.5248 1.5091
7.1591 1.6671
6.9164 1.5161
6.2849 0.8652
6.1292 2.2432
7.9547 2.8828
6.9974 1.6249
6.5939 2.0176
7.0593 2.1685
6.7417 1.8419
6.9468 2.0473
8.2549 2.1667
7.0071 0.4796
6.7523 3.5892
7.1650 1.2240
8.7882 1.5255
7.4230 0.6192
8.1217 2.4505
5.9964 2.5484
7.8240 0.7042
7.4560 2.0811
8.0393 2.3662
6.1454 1.7120
6.0064 2.3185
7.5734 1.9834
7.4596 1.7187
7.0458 1.4853
8.0321 2.8475
7.1669 2.5315
7.3687 0.9477
6.7802 2.9551
6.5991 1.4781
8.0692 2.5158
7.7858 1.3368
8.6659 2.6994
7.2990 2.4582
6.9190 1.1519
8.5791 1.2775
6.2579 1.9115
7.2065 1.8092
8.5946 1.8340
7.6164 2.6422
7.6161 0.5404
7.8713 1.3913
8.2937 1.5691
6.0822 2.7661
7.4390 2.2741
7.7931 1.2480
6.6252 1.7794
7.1351 1.9735
6.9055 1.7849
8.4884 2.0127
7.8764 0.6481
7.9126 1.6202
6.8004 0.9623
7.3584 1.4304
7.5529 2.4242
7.6534 2.0284
6.5580 3.1351
8.9830 2.8029
8.7836 1.0372
6.5207 2.2989
6.6072 1.2836
7.4642 1.3901
6.8555 1.6351
7.9685 1.1816
7.8475 2.6858
7.4068 1.7402
8.5274 2.3009
7.4468 1.2298
7.8070 1.2740
8.7492 1.6553
6.0359 2.5773
8.0812 2.1544
8.1444 2.1135
7.1715 1.5674
8.0559 1.0223
7.6916 1.4891
7.6009 2.4655
7.5242 2.1473
6.9317 1.1201
7.6675 2.2576
7.6270 1.6874
7.1963 1.9186
7.5030 0.7946
8.9845 1.4609
7.6945 1.3875
8.4194 1.6630
6.4089 1.0264
7.4753 1.0982
7.5923 1.9028
8.4865 1.6282
8.3518 2.2496
8.7045 2.6325
6.8700 1.1618
7.6529 0.8837
6.7553 2.0191
8.2612 0.6869
7.6484 2.1863
8.1692 2.7831
7.6640 2.1605
8.0368 1.2361
7.8671 1.3598
8.1463 2.1268
7.4012 1.7868
7.3333 1.4277
7.6839 0.5420
7.9596 2.3286
7.0039 2.0059
6.9249 2.5432
7.8868 1.6407
7.6036 1.8688
8.1466 1.1809
7.1251 3.0518
8.3104 2.1921
7.8460 3.3668
6.0622 2.5150
6.8477 2.5412
6.3774 1.8605
8.4949 1.8634
8.0958 2.5898
7.5136 0.2115
8.0708 1.6394
7.3436 1.3302
5.3213 1.9372
6.6510 1.3739
7.9252 1.0914
8.5646 2.5887
6.5536 2.4921
7.9687 1.3945
7.2177 1.0076
8.3471 1.3571
7.3578 1.4259
7.9910 1.1577
5.9534 1.1533
7.9183 0.5759
6.3002 1.5120
7.9425 1.1439
7.8699 2.3685
8.0660 1.1764
7.8158 0.4883
9.1006 1.3966
7.7758 3.0672
6.5697 1.4324
5.6838 2.0249
7.6752 1.7036
7.4787 1.9576
7.4501 2.8694
5.8269 1.9186
7.3190 1.6993
8.0902 0.9976
7.5569 2.0458
7.3678 1.1798
8.5926 2.4250
5.7296 1.6556
7.8649 3.1092
7.9495 0.9796
7.3793 0.6315
6.3643 1.7668
8.3946 1.1502
8.4348 1.8585
7.7225 0.8266
7.9729 2.3075
8.1177 1.4059
7.4731 1.6772
7.1149 1.1432
6.7013 2.8377
6.7531 3.2169
5.9300 1.3574
7.2948 2.3443
7.3854 0.5209
8.2725 1.8661
7.6718 1.7051
7.1428 1.7430
7.3332 2.2361
9.1845 0.7336
7.9245 1.8756
8.8793 2.5336
7.1793 1.6475
7.4366 2.3700
6.6049 1.7891
7.6876 1.4282
7.2063 2.1052
8.1821 1.8274
6.5335 2.4463
7.1964 1.3915
7.7940 2.8500
7.5322 3.3604
7.5256 2.4601
7.6466 1.5595
7.0938 2.2748
7.4419 1.0404
7.1953 1.3881
7.6118 2.3577
7.2204 1.9092
5.8225 0.8544
8.1351 1.3232
7.0354 1.3018
7.5208 1.6362
6.2187 1.8017
7.0631 2.2687
6.6319 0.9559
7.4007 1.4925
8.3121 2.6377
6.1047 2.3319
7.4213 0.6738
7.0422 2.0386
7.1537 2.9427
7.6393 2.4755
7.2810 1.3913
9.0214 0.7472
5.9807 1.1603
7.5112 1.5105
7.4394 2.0583
7.2350 2.4142
8.9544 1.8145
8.4219 2.5911
8.1126 2.9873
7.5495 2.0651
6.7906 -0.1254
7.0881 2.5268
8.2697 0.7299
6.8044 1.1079
7.7541 0.2812
6.6079 1.4941
7.8151 1.8389
6.5003 1.9029
8.9428 1.4944
6.6708 2.6939
7.7364 2.2029
6.9169 1.6249
7.4773 1.9995
8.3619 1.9638
7.1950 1.7795
7.4722 0.7733
8.7549 1.3901
6.8975 1.8418
6.8617 2.6962
6.5882 2.0888
8.1576 1.7803
8.5174 1.9977
7.7237 2.3544
8.4612 -0.1192
7.5335 2.1625
7.0811 2.2246
6.8690 0.9840
6.1912 1.7083
7.0922 2.2833
7.4599 2.1256
7.5935 2.5389
7.6717 1.3055
6.5729 2.2056
8.3096 1.6904
7.1579 2.5760
7.3354 1.6804
6.2202 2.3089
6.9459 1.3988
7.4169 2.4536
7.5572 1.8995
8.1906 2.7982
8.6760 0.6864
7.3825 2.0836
7.1650 1.9294
7.9340 1.2161
8.0870 2.2072
7.3066 0.3352
7.8634 1.6582
7.6574 1.0289
6.7498 0.9006
6.8223 3.1048
7.7788 1.7404
8.0530 1.5573
6.9120 1.9660
6.8991 2.0806
7.9037 2.1544
7.3607 0.2130
6.9632 1.1492
7.1152 1.4364
7.1862 2.6820
7.1746 1.8107
7.7746 3.6919
8.1890 0.6924
6.5119 2.3975
7.8544 2.1211
8.1484 2.4828
8.0076 2.2867
6.9154 0.1418
7.2287 1.4796
8.2834 1.6125
8.1983 1.3869
7.8109 1.0741
8.5469 2.2474
7.7849 1.3373
7.4152 1.6504
7.9145 1.9350
7.6030 2.5592
7.8449 1.4970
7.5941 2.3948
6.4350 1.2163
8.3459 2.3727
7.9289 1.3872
7.6338 0.8409
6.8564 2.2136
6.1167 3.3059
8.8811 2.2537
6.7843 1.9197
8.6155 2.0635
6.9206 1.5341
6.5742 1.4085
6.8101 0.6457
6.7805 3.9092
6.8591 1.6885
8.2062 1.0690
7.9411 0.1844
7.6745 1.7429
7.6123 0.2599
8.2241 2.0519
9.0529 0.6304
8.1719 2.6284
6.7678 0.8734
6.7698 1.3831
6.2724 2.1787
7.5792 1.6453
7.2581 1.4812
6.2605 2.2509
7.6821 0.7809
8.0484 2.6703
8.0820 1.6154
7.7137 3.1009
8.1072 1.6469
8.1278 2.0621
8.2244 1.1869
7.4077 1.7521
7.8478 2.9016
7.6453 2.6913
7.3076 2.1966
7.4839 1.8394
6.9780 2.7202
7.5794 1.8917
6.7530 0.6571
8.4478 3.0274
8.2283 0.8472
7.9917 2.2623
7.8632 1.9524
7.7022 1.3336
6.2486 1.9308
8.8660 1.3043
6.4941 1.6205
7.3283 2.4032
8.2326 1.5089
8.3903 3.5061
7.1828 1.9289
7.9552 1.7388
6.3747 2.3513
6.4556 2.5463
8.2309 3.0702
6.9473 2.4798
7.6323 1.3826
7.4104 2.5035
7.7599 1.1611
9.0227 1.0160
7.5754 1.4881
7.5988 1.6494
6.4892 1.5935
7.3285 1.5640
7.4911 0.4660
6.3699 1.7719
9.0712 2.3175
7.4777 3.2699
6.7723 3.0759
8.1011 1.9277
7.4903 3.2461
7.6160 0.8918
6.8080 2.4425
7.7269 2.4683
8.2981 1.7522
7.6592 3.0038
7.6483 2.2849
8.6045 1.1313
8.7170 3.2144
7.1427 1.1458
8.5701 1.6355
7.5062 0.9412
6.3599 1.3754
6.7290 3.1292
7.0472 1.3911
6.8081 1.7947
8.9799 1.1191
7.7036 1.1442
8.1462 0.8888
7.2247 1.7534
8.1199 2.4423
7.2628 2.2410
8.2758 1.4808
7.2661 0.6542
6.9278 0.8786
7.1718 1.4100
6.6842 1.8261
7.6305 2.6573
7.0283 2.4852
7.2132 1.4231
8.2760 1.5256
8.1532 2.4268
7.1673 2.3448
7.8012 1.0812
7.2489 2.8994
7.9971 1.6827
7.3186 1.8227
6.6686 2.0368
7.7164 1.4357
7.8632 1.6480
8.2047 2.4084
7.5904 1.1648
6.2016 1.1320
7.3366 1.2260
6.0404 0.9379
7.7367 2.7310
7.9562 2.0316
6.8671 2.0189
7.0820 1.3453
8.2359 1.4487
7.9691 1.8483
7.6470 1.2288
7.2518 1.7739
6.4812 1.0703
7.8187 1.7697
6.8652 2.0130
7.7601 1.9864
8.7345 1.4611
7.7324 1.4545
6.8335 2.5230
7.0695 2.0947
7.4677 2.0877
8.2481 4.3573
8.1390 1.5685
7.4503 1.2826
6.9457 1.4962
8.1940 1.3988
7.1508 0.0578
5.9785 0.9949
7.0839 1.7798
8.6221 1.4360
7.0315 1.4232
8.3939 1.7233
6.7309 2.0632
7.3840 0.5989
6.3381 2.2191
6.6476 2.4701
6.8160 1.3514
7.3962 0.6738
8.5146 -0.4694
7.4294 2.2016
7.2710 0.9940
7.0775 2.1192
7.6800 0.9278
7.3752 1.5739
8.0046 0.7309
6.7114 1.7253
7.2765 1.3219
7.8339 1.5036
7.3281 1.6790
7.7540 1.3293
7.4936 1.4590
7.2745 0.9875
7.6004 1.4864
2.4484 1.9006
2.0905 2.3568
1.5410 4.2379
2.1255 4.0949
1.4333 2.9974
-0.0679 2.4917
1.6664 1.8730
1.3967 1.0135
2.3333 2.2753
1.5762 2.5867
1.1226 2.8051
1.6822 2.7529
1.8669 3.0099
2.3494 2.6557
2.1086 3.3277
0.2762 2.5863
1.6060 2.4757
1.7725 3.6548
2.3000 1.8831
0.4930 1.9960
2.2617 3.3434
0.7826 3.8085
1.0667 2.1412
2.0759 1.9615
0.7577 1.4580
1.1754 2.3673
0.5603 2.3938
2.0078 2.9637
3.0010 4.3416
1.1204 2.3185
0.9646 2.3342
0.4995 2.3268
2.3344 1.4847
1.2216 2.7549
2.0124 2.2715
0.3835 3.6103
1.0267 1.6687
0.7745 2.6514
2.3110 2.1779
1.5690 2.4887
2.3256 1.9003
2.3286 1.5196
1.7064 2.2518
2.5551 3.8083
2.6373 2.2840
1.7230 2.2902
2.2566 2.5128
2.5356 3.3583
1.7071 1.7866
0.2987 2.2958
2.2130 1.2629
0.8456 3.2788
1.0011 2.2483
0.6217 1.3378
1.2511 3.3552
2.8637 3.7595
2.6453 2.2314
1.0018 2.4133
2.7500 2.3063
1.1315 0.7458
1.0026 1.5833
1.8222 2.0054
1.5574 3.2015
1.4100 2.6109
2.0169 4.1115
0.2253 2.3397
1.1142 1.3106
1.7215 1.0219
1.4557 2.1841
2.6413 3.7180
0.7969 0.1193
1.1166 3.7385
1.3112 2.2355
2.2009 2.7516
0.9659 2.3110
0.5960 2.6052
2.1632 3.3270
1.6527 2.1744
1.0199 2.6692
2.4521 2.9508
1.4999 2.2397
1.9476 1.9171
1.2342 2.4817
2.8227 2.9640
1.7319 3.3641
2.2111 3.2435
0.9778 2.5000
1.8549 3.0667
0.7186 2.2223
1.7962 3.2457
1.1967 1.6929
2.4815 3.0444
1.7936 2.3629
0.9692 3.3789
0.9886 2.1574
1.5950 1.9660
2.0107 2.1820
1.6397 2.0889
0.1542 2.7235
2.7195 3.9252
2.5421 2.2976
2.3516 3.6748
0.9993 1.8324
1.1706 1.6649
0.4084 1.8856
1.3788 0.9939
2.2696 1.7795
1.9548 2.0252
2.6784 2.4401
1.6215 3.7895
1.7097 1.8689
0.4638 2.0490
1.5079 2.7564
0.9243 3.2073
2.5801 2.6021
2.8888 2.3824
2.1201 3.4394
1.5581 2.3138
1.9816 2.7566
1.3425 2.1541
1.3092 1.6148
2.7078 2.8304
1.1287 2.1775
1.4796 2.3910
1.3505 1.3168
1.5581 3.2972
1.3181 4.6411
0.3926 2.4361
1.6525 2.9897
1.2188 1.4725
1.3419 1.8342
1.8299 1.2379
1.1217 1.8683
1.3941 0.6729
1.4908 2.7854
1.9344 2.1259
1.5422 1.6298
1.2204 2.3572
1.8558 1.7400
0.8148 2.5285
1.7623 2.8299
1.3802 0.5026
1.4790 3.5746
1.8616 1.6509
1.9482 2.9982
2.2931 3.4701
3.5542 1.9540
1.4193 1.5219
2.2327 2.7359
1.9743 2.0285
2.2441 2.9928
1.6732 3.7265
1.3566 2.5609
0.3019 1.9306
2.1733 1.8186
1.3135 2.6685
0.5677 2.2242
1.1038 2.8786
1.8931 1.8592
2.0524 2.2937
1.8799 4.2905
1.8200 1.4036
3.0775 2.6610
1.2055 4.6974
1.2129 2.0772
1.8050 3.6154
1.9580 2.5314
-0.0933 1.6175
1.4215 2.4428
1.2630 2.7666
2.1283 2.6619
2.5118 2.2732
0.8822 3.3623
1.0004 3.2303
1.5575 1.4624
1.2440 1.8045
2.2440 1.6793
0.9933 2.4643
2.0066 2.4155
2.0042 2.4526
0.6963 2.3550
1.7617 1.3868
0.9189 3.0560
2.3540 3.4422
1.2861 3.1798
2.1829 2.4543
0.7183 2.0684
1.2060 3.0917
1.3814 2.5444
2.8569 2.0252
1.7045 2.5277
2.3397 1.0990
2.2417 2.6717
1.9495 3.1556
0.4860 2.6283
1.0297 1.2212
1.8052 1.3001
1.5957 2.3484
2.4239 1.6528
1.5215 2.4253
2.4805 1.9492
2.2009 2.6229
1.8139 2.2770
1.6705 1.2357
0.8246 2.7002
2.2313 2.8790
1.9873 3.1504
1.9480 3.0550
2.0281 2.5634
0.7966 2.9947
2.1698 2.7121
1.7656 3.1031
1.6626 2.3383
1.9921 2.8028
2.0378 3.1782
1.2268 2.8144
0.3792 2.2255
2.3202 2.7457
1.3152 2.9252
0.3464 3.0380
1.4839 2.5131
0.5195 3.5869
2.2153 1.8948
2.4610 3.1750
2.0505 1.3282
0.5490 2.9399
1.6686 2.0336
2.0217 3.6843
1.8798 2.5714
2.3448 1.7225
2.0603 2.9829
1.7626 2.7785
2.2937 1.5293
2.2149 2.5974
1.9592 2.8962
0.3133 2.8703
0.5089 3.6408
2.1847 2.5506
1.3607 2.3485
2.3692 3.4801
1.3971 2.2297
1.6464 3.3208
1.3050 2.5670
2.6763 1.2137
1.3324 2.6950
1.4218 1.8825
0.6842 2.9738
1.2579 2.5097
2.0300 2.5804
0.5325 2.6029
0.9623 2.2115
1.8734 1.9462
0.8951 2.8344
2.2747 1.0708
1.0118 3.9264
1.3476 2.6334
1.2093 2.1665
1.1527 1.4264
2.5847 2.2019
1.2041 2.1271
1.0803 3.1850
1.2321 2.1990
1.6869 2.5719
1.4101 2.3060
0.5749 2.7558
0.7812 2.5179
1.8461 2.1933
1.9795 3.6064
1.8781 1.7067
1.0325 1.8942
1.8357 2.5083
1.4333 3.1925
0.8389 2.8998
2.1467 3.2217
1.5540 2.7148
2.0216 2.1672
1.2617 1.0008
2.1258 1.7264
1.5557 3.7385
1.9189 2.7460
2.5809 2.0524
1.9831 2.6553
1.3405 3.3029
1.3138 1.1437
1.4009 2.8293
0.2486 2.6493
1.6036 3.1092
2.3335 2.9709
1.2671 2.4365
1.3502 2.0487
2.8608 0.7862
1.6720 2.9972
1.1783 2.7521
1.7012 2.2679
2.4038 2.9056
2.1057 3.6191
0.7244 1.4966
2.6210 2.4023
2.0275 2.7671
1.7395 2.5640
1.2926 1.7695
0.8380 2.8156
1.4475 2.2695
2.2568 2.9640
0.9512 1.4116
2.0922 2.4485
2.8353 2.9910
0.8875 2.6092
2.7660 2.6763
0.2092 2.9287
1.9835 2.7736
2.3959 3.1052
1.5457 2.8036
1.2337 1.3307
2.3642 2.4832
0.8204 2.8479
1.3134 2.1229
0.6978 2.6200
1.6238 3.7295
0.8576 2.4056
2.3015 2.5362
2.0587 2.0413
0.5003 1.6826
1.9118 2.1422
1.3440 1.1459
1.2136 3.6461
1.1640 1.9914
1.0699 1.8649
1.3214 1.6900
1.8182 2.4202
2.2425 2.8287
-0.1652 2.8994
1.0827 2.3211
1.6342 1.9534
1.7807 3.3763
2.2913 1.5475
1.1569 2.4764
1.4024 2.4002
0.7832 2.4712
2.8267 3.2477
2.1580 3.2415
1.0163 3.3728
1.0964 2.7549
3.0171 1.5026
1.6291 1.7832
1.8099 1.6728
0.6852 1.5698
1.0706 1.5516
0.6514 3.1079
1.0606 3.0858
0.6317 1.4150
2.2664 2.0625
1.3179 3.2747
0.7370 2.4900
2.9869 1.8818
1.9774 3.0756
1.5921 3.7077
1.9661 2.0910
2.7882 1.9419
0.3475 2.6722
2.9860 3.2278
1.5916 2.4948
1.6971 2.6773
3.8860 2.5831
2.2646 3.1220
0.3075 2.3172
1.0779 4.0396
1.8160 2.3570
2.6033 3.3619
1.2332 2.4356
1.6622 3.2296
1.2402 2.5864
0.9739 2.9876
2.5247 2.3704
1.6999 2.5203
0.8924 0.9709
1.5876 1.6306
1.8072 2.3745
2.1398 2.7711
2.0273 2.8387
1.4915 1.5682
2.8999 3.4868
0.7744 1.3073
1.0934 2.2090
1.1228 2.0063
1.8331 1.8875
3.0325 1.8913
2.0785 3.2084
1.5609 3.7023
1.4011 3.3661
2.4185 2.2625
2.0111 1.8608
1.2777 2.2200
2.4441 2.4488
0.5492 2.9061
1.1361 3.1789
0.7606 2.3259
0.7338 1.9402
1.1057 2.5098
2.5778 2.6743
1.3654 1.9489
1.2845 2.2231
0.6316 2.3494
1.1323 1.1744
1.0810 2.7281
1.9699 1.7406
1.8492 2.8124
2.2255 2.6234
0.5567 3.3505
1.9890 2.8178
0.2034 2.4929
2.5355 3.7138
2.4180 3.3666
1.8674 2.7106
1.8598 2.9861
1.1190 2.6694
1.4958 2.4795
1.5589 2.8946
1.9056 1.2161
1.6819 1.6531
2.7746 1.5824
2.0041 2.9402
1.7827 1.2165
1.9197 1.9678
1.8979 2.0402
0.9602 3.7337
1.4915 2.6259
1.7773 2.1138
1.6187 2.1150
2.3465 2.6163
2.2684 4.0547
2.7320 1.9563
2.2247 1.8462
1.5937 1.8215
2.5531 2.4451
1.8074 2.4837
1.2423 2.1560
1.4064 2.8403
2.5659 2.7828
1.8093 3.2671
1.4207 1.7478
1.8853 2.0900
1.2066 1.5949
1.0622 2.0500
1.8148 2.9698
1.6231 2.6062
2.1968 2.3984
1.1400 2.2708
1.6748 2.0047
1.4508 3.6328
1.0207 2.7113
2.2571 1.1375
2.5983 2.7947
1.8701 1.4284
0.3170 2.3339
1.5394 2.5279
2.3304 2.4050
1.8277 3.1081
1.3204 3.1421
1.0202 3.5659
1.6674 2.9491
1.3707 1.7111
1.8716 1.1399
1.7734 2.1195
1.1301 2.5612
1.3851 2.0756
1.3604 1.8748
1.0543 2.4004
1.8508 1.1264
1.0564 3.2107
2.5033 2.0841
1.9710 3.5216
0.8332 1.7801
2.1499 1.5735
1.0831 3.7191
0.8380 2.5571
1.7661 2.3491
0.0576 2.1435
1.7419 2.4065
1.1723 2.8271
1.0715 2.8372
1.5087 0.9050
0.8924 2.0697
1.7433 3.4275
0.9842 2.0751
1.8213 2.4478
1.1538 1.7861
3.1932 2.8832
0.7993 3.0467
1.5684 2.7937
-0.1590 3.2487
1.6936 2.8297
1.1073 2.6449
1.7966 3.8203
2.1680 1.4889
0.4418 1.7412
1.0835 3.0669
2.6408 3.4321
2.1940 2.6444
1.0183 2.2474
0.6780 1.2678
1.1760 3.1296
2.7879 2.9080
2.5752 2.6376
1.5371 2.5385
2.1199 3.2618
1.3323 3.6634
2.1616 2.8993
0.8626 2.3916
1.7390 3.4993
2.4411 2.3524
1.8418 1.5018
1.5137 2.2923
0.5981 3.0844
1.3163 2.6542
1.0729 3.4419
2.5215 1.5143
1.3789 2.6829
1.3612 2.7191
2.6440 3.5571
1.4625 3.2052
2.3789 2.6078
2.0389 1.9369
1.7728 0.8289
1.7290 2.3087
0.5342 3.7856
1.5201 3.3218
0.6108 2.5762
1.8664 2.2004
1.7779 1.4369
1.5413 3.6374
1.8640 3.7176
1.6007 3.4938
1.8429 2.5041
0.1874 2.6532
1.9372 1.7795
1.8299 1.4402
1.0608 2.5581
1.5826 3.0602
1.5639 3.2199
1.6838 2.4285
0.4069 2.1785
2.2857 2.0773
1.8866 2.7785
2.2381 3.1539
2.3315 2.1452
2.3466 2.5776
2.1530 3.2220
1.3490 2.5636
0.2262 2.2698
1.8386 3.4914
1.3920 2.5346
2.1768 1.7396
0.9728 2.4591
2.0116 1.5961
1.7133 3.6075
1.2088 2.1166
1.4048 2.0705
1.9548 2.3353
0.8628 1.9953
1.1101 3.2426
-0.1601 2.2098
0.5231 3.2821
1.1091 2.5684
2.7317 1.9366
1.4785 2.2946
2.1612 1.9438
0.5803 1.3944
0.5865 2.9717
1.3057 2.9859
0.3545 2.1089
1.7010 3.0707
2.0579 3.0575
0.5424 3.3226
1.5510 1.8895
0.6502 1.9332
0.6219 3.1357
2.0085 2.0409
2.6199 1.2744
0.2619 2.6274
2.1350 2.1455
2.0275 2.8268
1.1818 1.7665
1.5874 2.5122
0.4094 2.4476
0.5507 3.1079
3.0278 2.6396
2.6969 2.0029
2.7714 3.2825
-0.0890 2.8309
1.1953 2.2140
1.6220 2.9908
2.1398 2.7828
1.3778 2.0939
2.6393 2.0074
2.1609 3.5954
0.3513 2.1841
1.6898 1.7298
2.7213 1.9428
1.2300 2.5104
2.5182 3.7228
0.2245 3.1800
1.3498 3.3999
2.8719 3.0813
1.3703 3.5929
1.9036 2.2368
2.2063 2.6186
2.0344 2.6324
2.6022 2.9173
2.3590 2.3265
2.1766 2.4517
3.1216 2.1950
1.5204 2.8251
0.3095 3.1038
1.3414 2.6223
1.4350 3.1057
1.2474 0.9699
2.8233 3.2409
0.7181 3.0126
2.5483 2.2562
1.2026 3.0146
1.2666 2.6352
2.5601 3.5149
1.2151 1.9793
1.8129 1.2397
2.3021 2.3144
2.9106 3.3783
1.5067 0.8598
1.1969 2.9274
1.5811 2.0225
2.2355 3.0807
0.3309 1.8084
1.5334 3.8538
1.3187 2.3244
0.2262 2.5469
0.3394 2.5462
2.1940 2.8502
2.2186 2.4678
1.1672 1.4891
0.9236 3.4395
0.8986 1.8367
2.5211 0.7597
-0.3725 2.5925
1.8727 2.3427
1.6175 1.5295
2.1621 2.5587
0.9357 3.5238
1.8487 2.5710
0.3515 3.6816
1.4414 2.0495
-0.5289 3.0344
2.0674 2.3060
1.4991 2.1879
1.7756 2.8161
2.5010 3.3362
0.3765 2.1937
2.2323 2.7313
1.6628 1.8921
1.5424 3.0218
1.5579 3.3951
2.4617 1.6739
0.7074 2.6668
0.2144 1.3316
0.7550 3.5610
2.4523 1.7968
0.6142 1.6923
1.7891 2.4647
2.6287 3.8970
2.0981 2.0362
2.0678 1.9458
1.8731 3.6402
0.7715 2.4150
1.2669 2.3168
0.7117 1.4917
0.9192 1.1256
1.6779 2.7213
3.1180 3.8663
0.8484 2.4844
0.7953 2.5591
3.0062 3.3649
1.2136 2.3648
0.1485 2.7020
2.9861 2.0196
1.4629 0.8407
1.2496 3.5004
0.8416 2.2873
1.0399 2.5226
1.4306 3.1468
0.8679 3.5562
-0.1879 2.3412
0.6098 3.6062
2.0797 1.8285
0.8661 2.6725
1.0977 2.0613
1.8002 2.5890
1.1252 2.9021
1.9169 2.6931
1.7000 2.6261
2.3808 3.1488
1.0802 2.7734
1.6349 3.1479
1.8635 2.9832
0.4565 2.7718
0.9656 2.2180
1.0312 1.8515
0.0270 1.4268
0.6923 1.3266
1.7082 2.7522
1.2785 2.4909
1.2301 2.8809
2.6715 2.0996
1.7765 2.2168
1.9006 2.6008
2.0631 2.9365
-0.1776 2.1447
1.8289 2.5724
1.7377 2.9881
1.4721 3.1132
2.3982 2.4111
1.7626 3.1792
1.5259 3.2903
0.8511 2.3876
1.1324 3.0291
2.3448 1.1722
1.3493 1.6750
2.7343 3.0557
2.8825 2.9527
0.7655 2.0642
-0.0225 3.4951
1.7249 3.4000
1.0492 1.9659
2.2225 3.0226
1.1966 2.5236
2.0490 1.8944
1.8472 2.4652
1.6877 2.2068
0.7256 3.0025
1.7207 3.0416
1.5874 1.3378
2.3858 3.8381
1.8080 2.1036
2.4384 1.2011
2.2167 2.4285
1.3173 2.4327
1.4807 2.2541
2.1530 2.6215
2.0432 1.0150
0.7458 2.5281
2.2195 2.5406
2.6874 3.6116
1.1877 1.9966
3.6467 2.0277
0.8656 2.4689
1.7762 2.3303
0.9169 2.6077
2.2771 2.8149
0.8840 2.2968
2.0609 2.7614
1.3745 2.7682
0.4763 1.9950
1.1216 2.6061
2.0876 1.3617
1.6931 4.2467
1.8627 2.4091
0.5445 1.6462
1.3225 3.8980
0.7629 2.7525
1.8423 2.1215
2.0556 1.9766
0.5121 3.0756
1.1257 4.7490
0.6787 2.2604
2.4351 2.8216
1.2845 2.3740
0.7650 1.8528
1.1841 3.2490
0.8761 2.1466
2.2836 2.6469
1.6014 1.6226
1.7021 2.6919
1.7996 2.7858
1.8467 2.7731
-0.1023 1.9499
0.6198 2.2939
1.5194 2.0924
0.7505 3.4756
2.0792 3.1189
1.3185 2.2662
1.2130 1.8680
2.7606 3.0615
1.5363 2.2538
2.8888 1.8733
1.7821 2.0211
1.7828 1.6850
0.9626 2.3317
0.5743 3.0234
1.2870 3.0581
2.4997 2.6463
1.9874 2.5855
2.0122 3.3965
1.3189 3.1349
0.6195 1.1667
1.7575 2.1927
1.5404 1.4924
2.1061 1.8829
1.8861 1.9221
1.9022 1.7244
1.5844 1.7642
1.5881 2.6033
1.8380 2.6548
0.9391 1.7105
0.5369 3.2898
1.4718 2.0333
2.6674 2.7698
1.6597 2.3547
2.4001 2.6546
0.8102 1.9589
2.5720 2.6059
3.0503 3.3275
0.6994 3.5491
1.4140 0.9312
1.3172 2.3920
1.3711 1.8856
3.0647 2.5119
1.8722 1.9308
1.0614 2.4394
0.9134 2.0474
2.5960 2.6118
0.9220 2.7862
2.1847 3.0768
1.2432 2.1771
2.8682 3.1015
0.6845 2.6778
2.0260 2.8484
1.5967 2.4722
2.2311 1.9473
1.8251 2.7866
1.4325 1.9526
0.2099 3.7318
1.6085 2.4785
1.4153 2.9123
2.1908 2.5065
0.8346 3.3194
1.9247 1.6521
1.5741 3.2418
1.1534 2.3316
2.6016 2.4433
2.1713 3.5816
1.6440 3.0789
2.2742 3.3480
1.3391 2.6212
1.6641 2.2179
1.5175 2.8486
1.1907 2.1850
2.0422 3.2658
1.4706 3.2984
1.5430 2.6649
1.7903 2.8591
1.6008 3.3442
2.2720 2.7919
1.9665 1.0421
2.5573 3.1616
3.1606 2.3955
-0.0331 2.5257
2.1681 3.3663
2.2779 2.4375
1.6248 2.4276
1.6537 2.0480
1.2136 2.6090
1.0223 3.1436
1.3538 2.6883
0.8288 1.4746
0.2421 1.8273
2.1068 1.1291
1.7011 3.0704
2.4909 2.8396
1.4983 2.0922
1.3351 1.9189
1.7641 2.6822
1.8238 3.3545
1.6092 2.1490
1.3497 1.7707
1.6223 2.9878
0.6394 2.6093
2.1917 2.6827
1.2586 1.7615
1.1223 2.4961
2.0083 3.5806
2.0652 2.3101
1.1879 2.9023
1.1036 3.0439
1.3021 2.7197
1.5998 1.8396
2.2751 3.1852
0.0311 1.2119
0.7519 3.0070
2.7930 2.3052
1.9184 4.4781
0.9882 3.7090
1.7753 2.3142
1.2878 2.2573
2.0757 2.7982
1.9769 2.2965
1.6707 3.6443
3.0689 2.7355
1.2395 2.5697
1.4560 2.8095
1.1252 1.5687
1.7869 2.7822
1.7998 2.0623
1.9101 2.6959
1.3565 1.4704
1.2267 1.3291
2.3560 3.0046
2.1705 2.1738
2.2473 3.9554
1.8443 2.4257
0.6351 3.6949
1.3426 1.8090
2.1116 2.5315
1.0258 1.9792
1.0275 2.1449
1.4399 0.7524
1.8407 2.0486
1.8154 3.3373
2.6128 2.2298
1.1726 2.7577
2.4094 0.8695
0.9142 2.1140
1.5083 2.5081
1.7638 3.1224
1.7707 2.1247
0.5934 2.4680
1.3353 2.6469
1.6180 2.0084
1.6327 2.2423
1.1849 2.8256
1.3280 2.4614
1.0628 1.8307
2.7481 2.8170
1.7978 2.6772
2.4857 2.0441
1.1548 1.8436
2.1631 1.5446
3.0700 1.1724
0.7287 1.4409
2.1996 2.7647
1.2233 1.9050
3.3667 1.8992
1.5102 2.6912
1.0201 1.8801
1.4938 3.6606
1.7518 1.9276
1.6343 3.7171
0.0164 2.5231
2.4317 3.2013
0.3460 2.3331
1.3429 2.2736
0.7331 2.4664
1.3001 1.9861
1.2022 1.7327
1.2543 1.6201
1.6883 2.5476
1.3097 2.4589
1.3448 2.2267
0.8917 2.4876
1.4979 2.1131
1.5694 2.3876
0.6707 1.8027
1.4866 2.1657
2.0872 1.4978
1.4029 2.4581
1.1668 1.4815
0.9102 3.5765
0.4010 3.6080
1.3777 2.2073
1.0589 2.1460
0.4605 3.0923
2.1536 3.1348
0.9480 3.0434
1.4234 1.5207
0.3334 3.7059
1.3798 2.8458
0.1887 3.5485
1.2685 2.4815
1.0323 2.9542
1.4184 2.4789
1.8264 0.5195
1.7038 2.5627
0.7443 3.6274
2.3793 2.4009
1.1020 3.0180
2.0447 3.3994
0.9675 2.0864
1.2978 2.6039
2.2889 3.8904
2.1122 2.9730
1.7284 3.5755
0.4603 3.1863
0.7261 2.4614
6.5074 -4.4705
6.7687 -5.7271
6.5721 -5.4622
8.4422 -4.4792
7.0359 -5.1262
7.2556 -4.0576
7.7904 -5.6372
7.3523 -3.9465
6.2256 -5.4711
6.3766 -4.5527
7.3226 -4.3371
8.0309 -4.5035
6.6684 -6.0305
7.8858 -5.4005
7.7940 -4.1829
6.4648 -3.3155
7.2332 -5.9376
6.0632 -6.0106
7.2005 -5.5989
8.2504 -5.3040
6.6296 -4.4930
8.3896 -4.5774
8.0074 -4.9295
6.1404 -5.1937
6.6429 -4.3382
6.0629 -6.3295
6.6695 -5.5483
7.6715 -4.2158
6.4584 -5.1351
7.7994 -5.2135
7.8791 -4.3328
6.4533 -4.8537
7.3811 -5.2608
6.0442 -3.9774
8.5626 -7.5256
7.7805 -3.6953
7.6857 -4.2495
5.4001 -3.4499
7.7777 -4.2281
7.2383 -5.1208
5.8076 -4.6052
7.4998 -4.5622
7.8906 -5.3211
7.8974 -5.7683
7.8252 -4.5021
6.1821 -4.7751
7.7070 -4.2239
7.1251 -5.8555
6.6780 -4.7153
6.0306 -5.4198
6.1330 -5.9565
7.1710 -4.7456
7.4385 -4.8402
8.9310 -5.4736
7.8543 -4.9540
6.8705 -5.1857
6.9348 -4.6585
6.4506 -4.6778
8.2422 -5.7366
7.8004 -5.0673
6.6080 -4.3898
6.7951 -3.9689
7.8393 -4.8448
6.5523 -6.0771
6.3494 -5.2316
7.7301 -5.2470
8.0934 -4.0178
7.0728 -5.5746
6.1827 -4.6298
6.3484 -3.9129
6.8305 -4.8533
8.0722 -5.2863
7.6293 -5.2477
7.0889 -4.1506
8.5254 -4.4965
6.6181 -4.4686
8.9663 -4.6110
6.9282 -5.0299
5.9450 -3.9390
6.6841 -5.2581
6.6332 -4.4321
6.7542 -4.0519
6.4015 -3.9137
6.9205 -4.8991
6.1485 -4.9305
7.3852 -4.5026
7.0618 -2.9353
7.2994 -5.2175
7.4405 -5.3667
6.8844 -4.9035
8.1244 -4.5785
7.3715 -5.0495
7.4834 -4.5486
7.5832 -5.4809
7.1109 -3.5125
7.4560 -4.7623
8.0217 -5.6695
6.2206 -5.2287
7.1216 -5.2318
7.0218 -4.4052
8.1414 -5.2906
7.2062 -5.5018
6.8294 -4.0075
7.9718 -6.0406
7.3257 -7.4648
6.5361 -4.2511
6.9931 -6.1391
7.0234 -5.3297
7.3293 -5.6292
5.7672 -5.9704
8.3882 -3.5660
7.6724 -4.0719
6.6040 -5.8210
8.0565 -6.2880
8.1602 -5.2094
6.4568 -6.0791
8.9150 -4.3272
6.0104 -4.1937
7.4774 -4.1485
7.0402 -5.1964
8.3052 -5.6691
6.3777 -4.4326
7.2147 -5.5040
7.4686 -4.8953
7.1469 -3.7841
7.6818 -5.5546
6.8391 -4.6609
8.8071 -4.9014
6.8943 -4.0466
6.8112 -5.0581
7.0252 -5.4073
7.5155 -4.6345
6.8194 -4.3942
6.3211 -4.3051
7.0366 -4.5603
6.9189 -4.7739
6.9766 -4.5694
7.2103 -5.2704
6.6230 -4.1148
6.7804 -4.6953
7.6679 -5.3595
6.1522 -5.5303
6.8831 -4.8776
6.3793 -5.6278
6.1548 -3.4595
7.9553 -6.0377
5.9512 -5.0304
7.3855 -4.2382
6.2597 -5.5380
6.7612 -4.4941
7.0621 -4.6015
7.0488 -5.5024
6.9698 -5.7864
7.3241 -5.9664
7.3102 -4.9148
6.9978 -3.9543
6.3033 -4.1423
8.0599 -4.6422
7.8495 -4.8202
6.5851 -4.1377
6.7523 -4.3649
7.6201 -4.6706
9.0815 -4.6410
6.9189 -4.7435
8.3044 -4.2448
8.0200 -5.1505
7.1166 -5.9441
7.4551 -4.6972
7.6608 -5.7917
7.4742 -6.2761
7.5925 -4.9427
7.0290 -4.6837
6.7098 -4.1823
8.2365 -4.9560
7.7804 -4.1795
7.8564 -4.4464
6.2350 -4.9000
7.2058 -3.8337
7.5846 -5.0182
7.0299 -4.9813
7.8384 -5.2643
7.4315 -4.1776
7.1384 -4.7030
7.4301 -4.2510
6.1001 -5.9542
6.6819 -4.6138
7.9050 -5.8928
6.5122 -5.2814
6.8692 -5.6774
6.7323 -3.8324
6.6331 -4.4247
6.1083 -4.1035
7.4278 -4.7653
6.9319 -5.5333
6.2819 -5.8312
5.2044 -4.6945
7.6293 -4.6134
7.4258 -4.9503
8.3995 -5.4241
7.5564 -5.6144
7.0373 -5.9416
7.9623 -3.8325
7.9615 -5.5203
7.6049 -4.9958
5.8858 -5.7394
6.3594 -5.1222
5.7269 -5.0872
6.6781 -4.2594
7.9481 -4.8127
7.1410 -4.8942
6.1625 -5.1377
8.4679 -6.0981
7.0730 -4.9605
8.3572 -6.5778
6.5730 -5.1297
6.9445 -4.7383
8.1009 -5.3652
6.9619 -5.8212
7.1210 -4.8138
6.5931 -5.2570
6.2551 -5.7250
7.0031 -5.5623
6.3241 -5.1102
6.8003 -4.6939
7.5138 -4.4990
7.6401 -5.8549
6.8253 -6.6146
8.1157 -4.2963
7.7517 -4.9098
5.7323 -5.3266
8.0207 -5.0958
6.8796 -3.6017
7.9642 -6.3370
7.4625 -5.0907
7.2270 -5.7424
7.3002 -4.4891
8.8075 -4.0545
6.7754 -4.9727
7.4194 -4.6425
7.9524 -5.1961
7.0873 -4.8151
7.0655 -3.9476
5.9318 -3.7371
7.6144 -5.6929
6.9865 -4.3278
7.3408 -4.8184
7.4968 -5.7906
6.5972 -5.3633
6.8119 -5.9711
7.1271 -4.7438
7.3238 -5.4177
8.0992 -4.7268
7.2687 -5.2896
6.3694 -5.4737
6.4921 -5.2974
7.4166 -4.8432
7.7637 -6.0927
5.7294 -5.3155
7.4328 -4.3424
7.2500 -4.4408
7.6332 -3.9411
6.5032 -4.6959
7.6195 -5.7568
8.3222 -5.0132
6.0093 -4.1276
7.5403 -5.3792
6.2316 -4.7577
6.2988 -5.2671
4.8590 -4.8167
7.2534 -4.3512
7.4850 -5.0860
6.8741 -5.2661
8.1258 -4.6338
7.6822 -5.5610
7.5641 -5.2513
8.4539 -4.8078
6.1579 -4.9122
5.5658 -3.8036
7.9655 -4.6555
7.4802 -3.6063
7.1465 -5.1803
6.2766 -4.1583
7.2136 -5.0713
7.0303 -5.2774
6.4736 -3.5600
8.2760 -4.0546
6.9761 -5.2450
7.3936 -4.7435
7.1467 -3.7630
8.1089 -5.3560
6.3787 -4.3484
7.0710 -4.0743
6.9102 -6.2241
4.5448 -5.9666
6.8809 -5.4636
7.0932 -3.8928
6.5619 -4.8450
7.0251 -5.4538
7.5744 -5.9025
7.1130 -4.6975
7.4169 -4.0861
7.4842 -4.7422
7.7115 -4.0885
7.1010 -5.1695
6.1885 -4.4982
6.1801 -4.1642
7.5367 -4.5039
6.5776 -5.1783
8.2581 -5.7402
6.9554 -3.8764
8.3000 -4.9032
5.9507 -5.0288
6.8528 -4.8056
6.5503 -4.8461
6.7735 -6.5525
5.9904 -5.7516
7.4449 -3.6975
5.4022 -3.9545
5.9944 -4.8460
8.4472 -5.3016
7.1201 -5.2093
7.8728 -5.2154
7.1189 -4.4028
6.4592 -5.3008
7.3210 -5.8742
7.0304 -5.5991
5.0257 -5.4282
6.7122 -4.6664
7.0757 -5.3083
6.6397 -4.8830
8.0933 -3.4664
7.0423 -5.0261
6.5659 -4.2336
5.9656 -5.1912
6.2587 -5.5717
6.4659 -4.7442
6.9701 -4.7313
7.1497 -3.4126
6.9898 -5.7617
7.0345 -4.3470
6.7863 -5.4879
8.2237 -4.8639
6.4296 -5.2930
6.3672 -6.5379
7.0462 -4.1423
6.7305 -5.4840
5.9765 -4.4991
6.9547 -4.6737
7.5277 -4.9793
7.6128 -5.8708
6.9422 -4.4574
7.8514 -4.0620
6.0602 -3.6303
6.3498 -4.7933
8.8048 -6.4012
8.3568 -5.9451
7.7540 -5.9954
6.4889 -5.7121
5.9634 -5.0170
6.5921 -5.7288
8.0024 -6.1246
7.6015 -4.8810
7.7466 -3.4140
7.9518 -4.1509
6.4639 -4.4339
7.7054 -4.4719
6.6543 -5.2382
6.8353 -5.3588
6.6682 -5.7593
7.8847 -3.4658
6.9676 -5.1384
7.5736 -5.5544
7.6616 -5.0102
7.6197 -3.7612
6.4363 -6.6536
8.1586 -4.5024
6.2635 -3.9829
7.3067 -4.6381
6.0082 -4.9372
8.7265 -4.9830
6.2782 -5.6516
6.1597 -4.4609
7.3963 -5.2669
7.7056 -6.1305
5.8254 -5.2295
7.6054 -4.0534
6.8729 -4.9943
6.3431 -4.2047
7.3224 -4.4246
5.9191 -3.9621
7.2984 -4.8494
7.3312 -5.4374
6.2384 -5.5455
6.9059 -5.0634
7.3269 -5.3733
8.3743 -4.7494
7.7717 -4.0771
7.4271 -4.4987
7.2404 -5.1363
7.2293 -5.2845
6.7491 -6.1260
6.6930 -5.1128
7.7031 -5.0307
7.6407 -4.5008
5.6217 -5.4134
6.5379 -5.0114
7.3355 -4.9604
7.7390 -4.3111
7.2569 -5.6872
7.3522 -4.2851
7.8932 -6.1494
7.1690 -3.9644
5.9123 -3.9030
7.5747 -5.4474
6.2920 -4.7599
6.4956 -4.9341
8.7183 -5.2325
6.9187 -4.9172
8.6001 -5.8167
7.5382 -5.8512
8.4119 -5.4392
7.0162 -4.8515
6.5780 -3.7492
7.3213 -4.7085
7.3064 -5.2786
7.3951 -4.4144
5.9801 -4.7596
4.1852 -5.1343
6.7038 -5.7697
8.5788 -3.6615
7.6726 -4.6758
7.2690 -5.8208
6.8628 -3.4895
6.6440 -4.5727
5.6786 -5.5351
7.2677 -4.9451
5.5954 -5.7485
7.2583 -4.4237
7.2690 -5.7228
6.6896 -5.0523
7.0500 -5.1271
6.8008 -4.6528
8.1667 -4.4340
7.1166 -5.8808
6.7011 -3.3974
7.8362 -5.0080
8.5163 -4.2778
7.2428 -4.3987
7.6502 -5.3719
6.6601 -4.5464
7.4152 -5.0899
7.1883 -4.1252
6.9102 -4.7222
8.4114 -5.3260
7.5473 -5.7624
6.6833 -5.0874
6.7702 -5.6528
7.8185 -5.3950
7.1786 -5.2172
6.9023 -5.2471
7.6983 -5.6538
7.0256 -5.4227
5.8318 -4.8206
6.5346 -4.0530
7.4123 -5.3965
8.2180 -5.4231
7.5323 -5.2483
7.3039 -4.4531
7.6147 -4.5041
7.1968 -4.1637
7.4808 -4.9609
6.1625 -4.8789
7.1999 -5.8250
7.9056 -4.1905
7.8650 -5.9474
6.5234 -5.1735
5.4443 -5.0438
6.0299 -5.7671
6.9829 -5.5146
6.9023 -3.8450
8.0127 -5.1548
6.7957 -5.3026
7.4033 -4.8045
8.2175 -5.6224
6.6830 -5.4370
6.8166 -5.3427
7.5596 -4.3665
7.3649 -5.2486
5.9171 -4.1717
7.8409 -4.5271
6.3487 -5.0253
6.6617 -5.1925
6.8103 -3.4755
7.1030 -5.3652
6.8495 -4.5196
6.5992 -5.6943
7.5102 -4.7725
7.0750 -5.0890
7.2609 -3.8035
5.7254 -4.1182
6.8080 -5.1596
7.7184 -4.8976
8.4419 -4.1724
6.9289 -3.9407
9.3144 -5.6489
7.9324 -4.5909
7.6807 -6.1093
8.0522 -4.2296
8.2690 -4.5234
7.6056 -5.7068
9.1094 -6.2139
7.3656 -6.2009
7.2395 -5.1330
6.2978 -4.0046
7.6506 -3.6442
7.0999 -5.1298
6.5331 -5.8475
6.3928 -5.5033
7.6506 -4.7525
7.4283 -4.0815
8.4730 -5.7897
6.0027 -5.8142
7.3143 -4.8453
7.7511 -6.2434
7.1002 -4.7728
7.6277 -5.0849
7.7837 -5.2406
7.0133 -5.0273
7.8050 -4.0645
6.9079 -4.6694
6.8023 -4.3827
7.3217 -5.5502
7.8202 -4.3754
8.4833 -5.5704
7.0987 -6.0443
7.3989 -5.5599
6.8009 -5.2196
8.1702 -4.7477
7.1728 -5.3265
7.5715 -4.8534
6.9841 -5.3139
7.2459 -4.7434
7.7756 -3.6121
7.6585 -3.7464
7.1739 -5.4311
7.6342 -4.2686
7.6352 -4.6451
7.2107 -5.3765
6.1107 -5.6786
6.7451 -4.9928
7.2686 -5.0455
7.3782 -4.3098
6.5523 -4.5975
6.7099 -4.9819
6.8448 -5.1774
6.8198 -4.4412
7.0574 -5.1521
6.4537 -5.2591
6.5253 -4.6938
6.4897 -5.0217
6.4766 -3.4834
7.0183 -4.1388
7.1726 -5.6474
6.9277 -4.3882
7.2953 -4.6178
7.2930 -4.7581
7.9207 -5.8043
8.0837 -5.6344
7.4877 -4.6087
6.9329 -6.1792
7.5042 -5.4442
7.1461 -3.6025
6.5138 -5.2769
7.2089 -5.3428
6.1779 -4.9727
6.3733 -4.0267
6.9795 -5.5415
7.1314 -5.9231
8.4153 -5.6365
7.3350 -5.7995
6.7018 -5.1785
6.9356 -5.4364
6.3790 -4.4321
7.2364 -3.5953
7.4973 -6.2010
7.4603 -7.0417
7.7809 -4.6627
6.2948 -6.1761
6.7228 -5.4075
8.3976 -6.0033
7.8767 -4.8337
7.2601 -5.8773
7.6654 -5.5267
6.8176 -4.8862
7.2025 -5.3433
7.3390 -3.4501
7.3458 -5.6781
7.4204 -4.8181
6.9461 -4.4588
7.1038 -3.7486
7.0152 -5.3846
7.2830 -5.9245
7.6959 -4.3651
6.0549 -5.2239
6.8122 -5.6408
7.7999 -5.2023
7.0775 -3.7657
7.0301 -5.0548
5.7960 -5.2925
7.9349 -5.1969
8.7867 -5.0746
6.8892 -5.1740
7.6559 -5.5344
7.8015 -3.5315
6.3551 -4.8578
6.4961 -5.4191
6.8169 -4.8615
7.8702 -5.2901
7.0974 -3.6379
6.9642 -5.7914
6.7640 -5.3989
7.2534 -6.0056
7.2574 -5.4514
7.2621 -5.2792
7.0528 -5.1732
8.7188 -4.1333
6.4715 -5.5733
6.9535 -5.4736
8.0942 -5.1994
6.0763 -4.5461
7.4762 -5.0778
6.6060 -5.0559
7.1036 -4.6631
7.3806 -5.7138
7.3323 -5.6045
7.5422 -3.8579
6.8903 -4.0845
7.5159 -4.2027
6.9548 -4.9048
7.5243 -3.5198
7.1689 -3.8878
7.1652 -5.0509
8.0995 -4.4175
6.9358 -4.5994
7.3651 -4.8317
7.1993 -4.4577
6.4101 -3.4514
7.9844 -4.8551
7.8698 -5.8803
6.6564 -4.9534
6.7228 -4.4586
7.2767 -6.7683
6.1582 -6.4942
7.7035 -4.8297
6.6117 -6.2026
7.5798 -5.1571
7.3214 -6.2053
6.1431 -4.6484
8.5079 -4.5767
7.3318 -4.5755
7.4887 -5.4633
6.3546 -5.9034
8.6374 -6.3856
8.0144 -5.8605
6.6523 -5.2810
7.1969 -5.5857
5.2743 -5.1085
7.0583 -2.9491
7.2656 -4.8322
8.3793 -4.3104
6.7405 -3.9573
8.0104 -4.5155
6.7906 -5.8767
7.4822 -5.2378
6.4329 -5.6753
7.9489 -4.7849
8.2933 -4.4071
7.5509 -4.5514
6.9690 -5.5283
7.5947 -5.2166
6.2251 -4.8543
7.8003 -6.1676
6.5236 -4.8053
7.4350 -5.2011
6.7421 -5.2189
6.3165 -4.1571
7.4322 -3.9490
7.5671 -3.6651
6.1757 -5.5380
6.4467 -5.4998
6.1291 -4.9236
6.0422 -4.9946
6.7676 -5.0964
7.3892 -5.3940
7.3766 -5.0173
7.2782 -6.4983
7.0684 -4.4635
8.1403 -5.7256
6.6188 -5.2460
7.5004 -4.3149
7.2143 -3.8951
7.0344 -5.3364
6.6434 -6.3032
7.2277 -4.1896
6.4294 -4.2819
5.9629 -4.8278
8.0877 -4.4756
7.4936 -6.0278
7.2238 -4.5662
6.7625 -4.7157
6.7793 -5.4873
6.0738 -4.9314
7.1598 -3.5984
7.9051 -5.1681
7.7846 -5.3920
6.7309 -5.5569
7.1903 -4.9248
6.6927 -5.1649
7.5177 -5.4377
5.2907 -4.9718
7.3445 -4.8730
6.8436 -4.4739
6.8553 -6.0734
6.1777 -5.1921
6.5573 -5.2920
5.3532 -3.6435
6.6738 -4.9464
7.8874 -4.0118
6.3680 -4.9727
7.9673 -4.3670
6.8590 -5.2751
7.8595 -4.9568
8.1443 -3.4512
7.8056 -5.2395
6.4197 -6.3837
7.5109 -5.8714
6.6348 -4.4825
8.2317 -5.0090
6.3277 -4.4636
7.3029 -4.6525
7.3895 -4.3366
6.2238 -5.5603
7.6380 -4.0965
7.8356 -4.5564
7.1744 -5.0236
7.5034 -5.4565
7.5404 -5.4621
7.3785 -4.4555
7.3534 -4.7571
8.1952 -3.3306
7.5683 -3.6644
7.6412 -5.4672
7.3724 -4.9857
7.7269 -4.0001
7.5306 -5.8566
7.3237 -4.3086
6.2198 -5.5870
7.3805 -5.5338
6.9199 -5.2823
6.8993 -4.9074
6.7264 -4.7209
5.7748 -5.0218
7.6052 -4.2676
6.6804 -5.8274
7.1851 -4.8438
7.1287 -5.2426
7.6325 -4.7158
6.0742 -6.1968
8.0563 -4.8524
6.5332 -4.8815
6.5974 -4.4732
6.0804 -5.3899
6.6055 -5.5760
7.2774 -4.5750
8.4341 -5.6325
6.7630 -6.3380
6.2653 -5.0745
7.6645 -3.9064
5.3368 -4.8140
6.4467 -5.8926
7.8382 -4.2131
7.1079 -5.0057
6.6559 -4.4920
6.5117 -4.7653
6.3290 -6.6679
7.8441 -4.5105
6.5480 -4.7523
6.8762 -4.0941
5.9416 -5.2060
6.8484 -5.3949
7.2092 -3.8549
7.9040 -5.0423
6.6482 -4.7478
7.3013 -4.4886
6.7508 -5.0619
8.3493 -4.4725
8.2689 -5.0403
8.0395 -5.0770
6.8454 -5.2275
8.3604 -3.9073
7.2520 -5.3526
6.7508 -5.0443
7.4214 -4.3859
7.2654 -3.9809
6.6360 -6.0956
6.2234 -4.6624
6.9623 -6.2336
7.3918 -5.1511
7.2423 -5.3783
7.5235 -3.5561
7.7367 -4.3676
5.8094 -4.9729
7.4294 -5.7669
7.6039 -5.9577
6.7139 -4.4809
7.0940 -5.8330
7.1260 -5.0812
7.2867 -6.0539
7.4954 -6.0801
8.2495 -3.8019
5.8022 -4.4382
8.0641 -4.7654
7.0923 -4.8367
6.8974 -4.9808
7.0524 -4.1520
6.7907 -4.5291
5.9603 -5.0936
8.1827 -4.7952
6.5485 -5.0558
7.0517 -4.5484
7.3843 -5.5294
7.3530 -6.0355
6.9447 -4.1323
6.4973 -4.4599
8.0176 -5.4380
7.2708 -5.4930
7.2210 -5.4060
7.0710 -4.2879
6.7016 -5.5201
6.9660 -4.6209
7.3978 -4.0307
8.0521 -3.9476
5.8891 -4.7352
8.0065 -4.9456
7.3902 -5.0842
7.7697 -5.7617
6.1021 -4.8128
6.8784 -5.3013
7.1847 -5.5419
8.1683 -3.7030
6.2113 -5.6311
7.0716 -4.3329
6.7835 -3.8308
6.9852 -6.3017
6.7115 -5.9290
8.0908 -3.3357
6.3456 -5.6616
6.1743 -5.1326
6.7114 -5.3285
6.2870 -4.4617
6.3839 -4.4776
7.0889 -3.8535
7.0221 -5.2252
6.9270 -4.5143
6.8645 -4.9304
8.0796 -4.5557
7.2438 -5.4737
5.7232 -5.7166
7.2493 -4.5182
6.9140 -4.3388
7.8893 -5.1030
6.9353 -5.3231
6.6217 -4.3720
7.3460 -5.2315
8.3822 -5.1306
6.4155 -4.3388
7.7881 -4.4464
6.4890 -5.5701
7.2408 -5.9283
7.6426 -4.5399
7.4412 -5.9750
6.7476 -5.2207
5.6887 -5.8037
8.1058 -5.3796
6.7872 -3.8094
6.6175 -4.5716
6.8873 -3.9584
7.4192 -5.1716
7.3585 -4.7787
6.5081 -4.9950
8.2133 -5.1165
6.5428 -5.3719
7.0499 -3.9575
7.1066 -4.5153
7.8301 -4.8082
6.7916 -5.0794
6.9602 -4.1511
6.8046 -4.7284
7.2519 -5.0455
7.2696 -4.8241
6.9572 -3.6733
8.6775 -4.5923
8.0052 -7.7060
6.6259 -5.6940
7.0369 -6.2364
6.2790 -5.2844
6.8920 -5.7412
7.2084 -5.9078
6.7474 -4.4656
6.7305 -4.1171
7.4160 -5.9935
6.1013 -3.6555
7.6773 -3.6684
8.1140 -4.6756
7.1489 -4.6120
6.1730 -4.7658
7.5469 -4.3802
7.0107 -5.5855
5.4415 -4.0967
6.1678 -5.1228
6.7204 -3.8112
6.0411 -5.5005
7.5596 -5.5858
8.3016 -4.0455
6.7211 -4.2820
7.3039 -5.1173
7.7595 -4.1286
7.1859 -5.7716
6.3007 -4.5446
5.4484 -4.6137
6.9890 -4.7959
7.8382 -5.7563
7.3320 -4.8007
6.7610 -5.8445
7.2403 -4.4771
6.7970 -5.1859
9.0270 -4.5819
7.4985 -5.3687
6.7449 -5.0656
7.9146 -5.8507
6.6572 -4.2848
6.6203 -4.6174
8.5938 -4.4557
8.5190 -4.7696
6.8563 -5.0436
7.1648 -3.7587
7.3280 -5.2143
5.1600 -3.9025
7.0168 -4.3878
7.6776 -5.3142
6.4870 -4.6074
7.8163 -4.9225
6.9294 -4.9773
6.0919 -5.8454
5.8277 -3.9430
6.6041 -3.9326
7.3936 -4.3276
7.6884 -4.6724
6.0513 -3.1226
8.4648 -5.1184
8.2663 -4.3500
7.2098 -4.1963
5.8801 -4.4177
6.7208 -3.7825
7.6495 -3.9555
7.7459 -4.3270
6.6492 -4.9115
7.8844 -4.2333
8.0694 -4.7752
6.1068 -5.3147
6.9802 -5.5875
6.4311 -5.5981
7.3459 -4.5957
6.1640 -3.6850
6.9350 -5.5043
6.8523 -6.0853
6.7620 -5.2457
7.3184 -6.3684
7.4030 -4.3587
6.3189 -4.9251
6.1479 -5.7188
6.8446 -5.6426
6.5745 -5.3479
7.9916 -4.8593
6.5815 -4.7876
6.4514 -5.2936
6.4267 -5.6029
8.1633 -4.8347
8.2182 -6.6296
7.5463 -5.7068
8.0994 -4.9960
6.5160 -6.7330
7.4201 -5.7929
8.0273 -4.4245
6.6309 -4.3305
7.8173 -4.7391
6.4902 -4.1345
5.9371 -5.1473
6.2391 -5.4064
6.7173 -3.8846
3.7888 7.8364
4.5270 9.4933
2.8792 8.4081
2.1425 7.6041
3.2936 8.2389
2.3788 8.5718
3.4496 7.7832
3.8070 7.5426
4.2810 9.6311
2.8729 8.3217
3.3475 7.2618
3.9081 7.4035
3.7782 6.4425
3.8423 9.5876
3.9045 8.2041
2.5805 8.4960
4.5582 7.7584
2.4853 7.3452
3.1187 8.8143
4.6210 8.0391
2.3116 6.7565
2.9614 8.5634
2.8932 9.4838
4.6374 8.2721
3.5160 8.9232
4.2707 7.8284
2.9731 6.6249
3.4835 7.9608
1.9859 7.2694
3.2620 5.9112
2.7102 6.8805
3.6506 8.9208
3.0513 8.4231
2.5194 7.8757
3.1784 8.6522
2.9830 6.6258
4.1726 7.9014
3.9606 6.9291
2.7834 9.7241
3.4445 8.0496
3.2919 6.2363
1.9182 9.0439
2.8633 8.5265
4.4311 7.7109
3.2687 8.3192
2.7248 6.9362
3.1411 7.9142
2.9963 8.4765
2.6310 7.9136
3.6234 7.9319
3.0806 8.7147
2.6200 8.2090
4.5526 8.7348
5.1015 8.3871
2.4214 9.3592
4.1763 7.0397
2.3183 7.1331
3.2307 7.4617
4.6156 8.2805
3.0299 8.5511
3.4033 8.3008
2.5176 8.9124
2.9059 8.4247
3.4725 8.0559
2.6680 7.9181
2.7519 8.6012
2.0658 9.1087
3.9275 7.0467
4.3937 7.7675
4.7980 7.9412
2.5772 9.1039
2.6818 8.0841
3.5195 9.1835
2.3638 8.0664
2.7799 7.8606
3.3231 8.6463
4.0113 6.9116
3.3581 9.3301
3.3605 7.2138
1.7581 6.8803
4.3107 8.3616
2.7429 8.3761
3.4889 8.4589
3.3836 8.4286
3.0955 7.9365
3.2067 7.4515
4.5664 8.2580
2.8637 8.4485
3.4967 8.1389
2.9451 8.3668
3.2449 7.7545
4.1685 7.9505
3.9637 9.5584
3.3912 8.4102
3.4624 9.3236
2.0181 9.2806
3.7281 6.5579
3.3923 8.7524
3.6435 7.2735
2.6811 7.8670
2.5629 8.8062
2.9549 7.4560
2.1950 8.9187
4.3189 8.4186
3.7380 6.5931
3.5789 7.9577
3.5052 7.7588
2.2706 8.1652
1.9033 8.6261
4.2879 8.7677
2.0604 9.3194
2.7257 8.4309
3.0697 8.8284
2.0720 5.9524
2.5011 6.9782
3.2090 8.0658
2.6679 8.1588
4.4558 8.8360
2.8618 7.5086
3.1254 9.0054
4.2258 8.7441
3.0308 6.5090
2.9586 7.0686
2.3028 7.6407
1.6882 7.7417
2.5394 7.6334
3.1384 7.6503
3.6152 8.7718
3.7759 8.7502
3.0226 7.7033
2.9945 7.6908
3.1471 9.2099
3.0968 7.0130
3.5616 6.7867
3.0769 7.7366
3.0857 7.7533
4.2243 7.9337
2.8971 7.0225
2.8242 8.2865
4.2998 7.1413
3.3201 7.3156
4.1531 7.9853
3.4592 9.2922
3.1250 8.5006
4.0627 7.3478
3.1880 8.4009
3.2110 7.0849
2.4919 8.9224
3.0290 7.2749
2.9448 7.4831
4.0306 7.9881
2.9871 7.8734
3.6798 8.6695
3.2312 7.6077
3.8699 8.1852
3.2439 8.4487
4.8648 7.6090
2.3887 8.4468
3.4968 7.9632
2.1356 7.6222
2.1200 8.1544
4.5142 8.9706
3.3549 7.8012
2.6774 9.2790
3.1012 6.8777
2.4040 7.9453
3.3669 8.2851
3.3426 9.3610
4.5824 7.5547
4.1503 7.9507
3.1773 7.9076
2.5179 7.7578
3.9361 9.6107
2.4992 7.7299
2.8086 9.0932
2.7561 7.8845
4.2383 8.6405
3.2727 6.5370
1.7864 9.0339
3.0574 7.2776
3.8335 8.2715
3.1426 7.9155
2.8710 8.7115
4.3738 7.6598
2.4528 6.9804
3.7417 8.8204
3.4074 8.0712
2.1786 8.2169
3.7044 9.2466
2.7343 7.6878
2.1478 6.3217
2.6843 7.5907
3.3938 8.2503
4.0644 7.8448
2.8320 8.7400
3.5056 7.5548
3.5844 7.7998
4.4019 8.5535
2.8213 7.3647
3.9752 7.1717
4.0963 7.8768
3.6801 8.4162
3.7358 6.6727
3.2029 8.0598
4.0122 8.3884
2.6302 7.6889
3.3043 8.9915
2.9757 8.2568
4.4068 8.2534
4.0005 8.3772
3.8589 7.9363
3.5203 8.0039
3.5695 7.8758
2.7492 8.3110
2.2846 7.7867
2.6679 9.0067
3.6079 8.8585
4.3894 7.6599
3.8892 7.3541
2.9143 8.3140
3.0873 7.5957
3.9602 9.6560
2.9459 8.8163
3.2488 7.4778
2.1026 7.6237
3.6249 8.3341
3.3179 9.7453
1.6929 8.7202
3.5388 8.2022
2.8767 8.3936
3.0339 9.0658
2.1544 7.1535
3.0756 8.2731
3.9157 8.3291
4.2146 8.4238
2.4748 7.9053
3.6984 8.2986
3.7055 7.1347
4.4539 7.7031
3.7296 8.1741
3.0863 8.4577
3.1958 6.8775
3.3206 8.2519
3.5561 7.4395
4.0452 7.8159
2.9274 7.6711
2.6535 7.4961
2.3396 9.5136
3.3129 9.0377
4.6134 7.5871
4.2610 7.7377
2.5954 8.1645
2.6414 8.0900
4.2105 8.3822
3.1857 9.0504
2.6276 6.8993
3.7897 7.1097
3.5139 9.0050
3.6785 7.3413
4.3272 7.2783
3.3327 8.1012
3.2036 7.1515
2.9887 8.4263
2.9759 7.7265
3.4689 8.1441
2.9497 7.3460
3.5114 8.1709
3.5831 7.3170
3.2691 7.2401
2.9775 7.4703
3.1419 9.0014
3.0698 7.2345
2.2963 7.2849
2.6893 8.8521
3.7806 7.3192
3.6788 6.3277
3.0300 7.8084
3.1144 8.3335
2.7487 8.1429
3.4828 8.9598
4.3632 7.6290
3.1528 7.2756
3.3484 8.3520
4.2245 8.3019
2.4637 7.6658
2.5729 6.5774
3.0747 7.6373
4.5346 7.6851
4.2794 8.1857
3.2387 7.3182
3.1522 7.6440
2.8332 8.9860
4.0412 7.8406
3.4628 8.8263
3.1653 9.7519
3.6110 7.8737
2.4768 8.5801
3.8472 8.8063
3.1137 7.5956
2.4002 8.3309
3.1380 9.7462
3.5465 7.4998
2.9072 7.5979
2.3919 7.9314
4.1129 8.1917
3.5262 8.1052
2.4617 7.4104
3.9013 7.7051
2.0360 8.2635
3.1128 7.6028
2.7802 7.4083
2.9192 7.7035
3.9754 7.4444
3.3830 9.0202
3.5828 7.7935
3.2700 6.9243
3.2753 8.4571
4.6038 8.5713
4.2851 7.1806
3.2395 7.7562
3.6931 7.6384
3.4355 8.1729
4.4157 7.9813
2.1723 8.6884
4.6748 6.8028
4.0536 8.5090
3.4908 6.9893
3.2798 9.0770
4.7853 8.0085
3.2521 7.1013
4.5990 9.6663
3.8837 6.3366
3.4212 7.0928
4.2128 8.5174
3.6977 7.9055
2.4677 6.3117
2.9887 7.6380
4.5420 8.0846
4.1230 8.9654
2.5970 7.0986
2.0510 9.0448
3.1114 7.7611
3.6491 7.2593
3.9740 8.3864
3.6736 8.7686
3.7336 7.9147
1.1592 8.4305
2.9675 7.1172
2.9220 9.0896
3.3308 7.3843
3.7171 7.7615
3.5124 8.2172
2.5358 8.2468
3.3908 7.6177
2.5996 6.8542
3.4926 7.2738
3.2712 8.4128
2.2123 8.3894
3.1839 7.7787
4.6933 8.6325
4.1406 8.4140
2.2673 6.9407
2.6481 7.9137
4.8358 8.0774
5.0681 6.7771
3.3799 8.1627
2.8913 8.0918
3.6073 7.3983
2.3841 6.5918
2.8108 7.3994
3.8989 7.6818
2.5981 8.5059
2.7160 7.5385
2.3465 9.1624
3.9779 7.6025
3.0993 7.4391
2.9323 8.4039
2.9148 7.5924
3.3419 7.2577
4.3916 8.5420
4.4581 8.7115
4.1422 7.7352
2.6858 7.4725
4.2385 7.7480
2.8070 7.4704
3.3664 8.6284
3.5992 7.7450
3.3306 7.8237
2.5704 7.5604
3.4037 7.5342
1.6937 7.9008
3.8391 8.1069
3.0571 9.0673
2.6913 7.5396
2.1610 8.9080
3.5326 7.2930
5.7402 8.6541
3.1535 9.1177
3.4277 8.7701
3.2424 8.5372
3.0259 9.0520
3.5067 8.8760
2.9688 7.5660
3.6291 7.3411
3.7537 7.6533
3.0504 8.2360
3.5491 8.7286
2.9869 8.1507
3.4286 8.4036
3.1569 8.0826
2.3807 7.3894
2.3825 9.4561
3.1017 7.7381
3.3282 8.6228
4.0471 7.7004
3.8388 8.2614
3.1440 8.0177
3.9970 9.6810
2.7972 8.1556
3.1240 9.0281
4.1752 8.7367
4.4043 7.2287
3.6263 8.0798
3.5296 6.9069
3.1943 7.3779
3.1205 8.7442
3.7487 6.7269
3.7848 7.5186
2.6049 7.4349
3.4432 8.2801
2.9331 7.3918
4.2576 8.9888
2.2129 6.9696
2.7478 8.2405
3.8311 8.3690
3.1826 7.5038
3.7514 7.4733
2.8107 8.0638
3.5452 6.7147
4.0791 8.4845
3.8458 8.9015
2.6493 7.6767
3.4482 9.5707
4.1187 7.0788
3.5729 8.1018
3.8576 7.3552
3.1240 8.5926
3.4252 6.8620
4.7827 8.6481
4.1115 7.8890
2.6633 7.7094
3.3626 8.3675
3.2809 6.7396
3.5893 6.8687
3.5323 8.5525
3.9275 6.6308
3.6982 7.5397
3.4895 6.9636
4.2155 7.5711
2.4777 8.2610
3.4324 7.8422
2.7714 7.8602
2.6615 9.2154
2.3041 8.1785
2.9063 7.4626
3.2432 8.3722
3.5750 8.4020
2.8909 9.0790
3.3640 7.1992
1.7091 7.9962
2.3870 10.2344
3.2337 7.2436
2.4438 7.3895
3.5410 7.2508
3.5423 7.3432
3.4918 7.7348
2.9209 8.4981
2.2918 7.9869
2.3739 8.2774
2.7767 7.4293
3.8515 8.4120
2.8871 7.9195
2.8485 7.2244
2.1799 7.9332
3.1991 8.6701
4.0471 8.4727
4.1951 8.9637
3.7170 7.7214
4.2224 8.1593
3.6077 8.1830
3.5419 8.8978
3.5908 6.7736
3.6904 8.4305
3.4745 7.9577
3.6696 8.3585
2.7002 8.6293
2.3847 8.4756
2.3388 8.1954
5.0114 7.9284
2.6656 8.6492
3.1734 8.0834
2.9506 7.8534
2.7574 7.5963
3.8854 7.2434
3.3491 8.6051
4.4767 6.7488
5.0774 8.2738
2.9584 8.4134
4.2105 7.7964
3.6772 8.1194
3.4092 7.6108
3.0437 7.0937
3.4121 8.7989
3.9130 8.1332
3.9893 7.3124
2.6646 7.4967
2.5421 8.3443
3.3758 7.3262
3.5714 8.3397
3.7990 7.9589
3.4655 8.1850
2.9244 8.3499
3.6817 9.7969
3.4011 7.8022
2.7718 7.4573
3.7219 7.8930
3.2385 9.1978
4.1021 6.3008
3.4117 8.5630
3.4931 7.8246
2.9609 9.2467
3.1768 8.5405
3.0526 8.6213
4.0362 9.3194
2.8738 7.3626
3.1278 8.8824
3.8570 8.1782
3.1822 7.5011
2.9769 7.8151
3.6584 7.3982
2.8002 7.1593
3.3971 8.8031
3.6928 7.4889
2.5136 8.6202
2.8391 7.0867
3.2427 8.1363
3.9288 8.3979
3.9137 7.8426
1.5124 8.6591
3.6654 8.6459
3.8537 8.2286
3.4775 7.9721
3.1630 7.6076
2.8968 7.2847
3.8410 8.4972
4.5623 9.8882
1.8096 7.3605
3.5704 6.0811
3.5590 9.0344
3.0170 8.6117
3.6194 7.7817
4.1762 7.9937
4.0673 9.6153
3.7279 7.9103
4.5273 7.7324
3.8618 7.3809
3.9013 8.0030
4.7929 8.7158
2.9894 7.6897
3.7054 7.9699
3.4258 8.6110
3.1715 8.1575
2.8484 8.8703
3.3882 7.6337
4.3138 8.0603
4.1486 8.1986
3.9587 8.7636
3.5609 7.1756
4.0305 7.7689
3.0122 8.8972
2.3852 8.7561
4.7369 7.5620
3.2711 7.6804
3.9872 7.0367
2.7078 7.7753
3.1436 7.1986
3.4266 7.2140
3.4492 9.3261
3.0885 6.5854
1.6471 8.3671
3.0296 7.5559
4.0216 8.6570
2.6674 7.2068
2.7978 8.6498
3.4516 7.9958
3.7190 7.8522
2.3176 6.3208
3.6931 9.1159
3.6078 8.1062
2.9044 8.1547
2.1583 7.4799
3.6867 8.1933
3.4338 7.7668
3.2620 8.5579
2.6499 7.3330
2.2673 9.7029
2.6833 7.1132
3.7297 7.6731
2.9735 7.3000
3.9499 7.8174
5.1152 8.7637
2.9527 7.8574
4.0823 8.5368
3.0906 7.7813
3.9911 8.0810
3.6279 8.5514
3.9368 8.5263
3.7510 7.2398
3.8931 8.1693
3.4250 7.4849
3.6253 8.3629
3.8080 6.4792
3.3344 8.4138
2.5319 7.6643
4.6933 7.1141
2.2540 7.9504
3.2999 8.2313
2.4785 7.9165
2.8360 7.6286
2.6552 7.3918
2.4966 7.2621
3.4424 8.8191
2.5486 7.8606
2.1963 7.6426
1.6500 8.6875
4.1211 7.5023
2.8541 8.1511
2.8183 8.1999
2.5762 5.8983
2.9675 7.1990
3.8538 6.8716
3.6959 8.5121
4.2123 7.8939
4.7056 7.5601
2.0804 7.4101
3.0282 7.1405
2.7978 7.0369
3.8353 8.6995
3.7332 8.0684
2.8867 8.3084
3.3031 6.8798
3.2298 8.2658
3.3401 8.2536
2.8190 8.5465
2.8393 10.2050
4.8397 8.7640
3.2740 8.1465
2.8972 7.3776
2.1727 8.1232
4.0586 7.5157
2.5186 8.2291
2.7137 8.2541
3.7215 7.7019
3.8859 6.8832
3.1775 8.3903
2.5797 7.6429
3.7045 8.2107
3.4225 7.5048
3.1315 7.9757
2.4179 8.9510
4.8119 7.5731
3.3307 6.9729
3.4201 8.4644
2.4070 8.8278
2.8636 7.9701
3.6650 9.3438
2.9405 7.9395
2.8302 8.7193
2.6881 7.9187
2.7334 8.0771
4.4935 8.9668
3.0273 7.8141
3.5795 6.8085
3.8234 8.0329
3.5568 8.3940
1.5807 7.9288
3.5313 7.7509
2.9929 8.9920
2.2035 8.1921
3.1301 7.3083
4.4937 8.6833
3.6662 7.8853
4.3212 8.1756
3.3648 7.6033
2.6632 8.8921
3.1711 6.9974
2.8365 7.9987
4.0478 7.5995
4.9436 7.2280
3.0450 9.2957
2.0170 9.5178
3.3118 8.6114
3.8853 9.1391
3.6455 6.2382
3.4364 8.5994
2.9009 7.5671
3.5866 8.5548
3.2957 8.5027
2.4437 7.6936
3.5379 7.3928
3.8056 7.8597
3.7903 7.9399
3.8191 7.8575
3.7598 8.9858
3.9204 8.0784
3.1417 7.0488
4.6222 8.4061
3.4650 8.0500
3.0348 7.7039
2.9284 8.0053
3.7982 7.0141
2.7803 8.1015
3.3845 8.7574
3.8035 8.6952
3.0711 6.9180
2.5220 7.7189
2.1904 7.3607
4.2137 7.3476
3.0248 9.9428
3.0687 7.6787
3.4325 10.1713
3.7814 7.0265
3.4201 8.5722
3.4932 7.8235
2.6532 8.4261
3.2137 8.5902
2.0194 7.7524
4.2854 7.2071
3.0124 7.8876
4.0357 7.5461
3.2227 7.7096
2.7219 7.4193
3.7976 7.4809
3.7849 6.9253
3.7701 7.4327
4.4601 7.7480
2.3270 8.2978
3.4462 6.5965
3.6955 8.7497
2.3117 8.3248
3.5702 9.1786
4.0383 10.4600
3.2864 7.8899
4.2278 6.8693
3.4196 8.9598
2.9476 9.1467
4.1811 7.4883
4.2098 7.6573
3.8609 7.7814
3.2318 8.4327
3.3097 8.2166
2.2570 8.3707
3.9421 7.0747
4.8177 8.7339
1.7237 7.9582
4.6022 7.9389
3.7611 8.3192
4.2214 7.4160
2.8305 6.9506
4.0522 7.1898
3.2366 8.7295
3.3017 8.7624
3.6885 7.8191
2.9657 8.4847
2.9864 8.6220
3.9950 8.6329
2.5362 6.3030
3.9208 8.3600
2.4051 7.4852
3.9264 8.3183
3.5238 8.6837
3.8787 7.9047
3.5429 7.8010
4.2362 7.8181
4.6980 7.1557
3.0590 7.3872
3.6690 9.0752
4.1971 7.2861
3.7850 7.6058
2.0716 9.1729
4.4011 9.0445
2.4690 7.2498
3.7258 7.1988
4.0025 9.7355
3.8767 7.0558
4.0421 7.9497
3.6857 7.5703
3.8849 8.0126
2.8409 8.4019
3.4085 6.6679
2.9276 7.3016
2.5402 7.5916
2.8529 8.1718
5.2038 8.1827
3.8568 7.2825
3.9163 7.4239
3.7092 8.6093
2.4068 8.0705
4.2964 7.7988
2.7401 7.4950
3.6476 8.4727
2.7666 7.2389
2.8683 8.0972
2.5312 7.4752
3.5034 8.3565
3.3618 8.2680
2.5789 8.0090
4.1699 8.1591
4.2889 9.0380
3.6889 7.7657
2.7767 6.8535
3.6345 7.1580
2.3340 7.8672
4.3178 7.6229
3.1392 7.4149
3.5594 7.9013
4.3063 8.0488
2.1794 9.0668
4.1284 8.3023
3.2119 7.8581
2.9644 8.7704
2.2155 7.2833
3.9479 8.0730
3.1959 7.8183
2.9497 7.3947
3.3045 6.7219
4.3477 6.8057
3.8715 8.8251
2.7222 7.4703
3.6957 7.9208
2.9676 6.5712
2.4214 7.6354
2.6353 7.2417
2.5654 9.0401
3.4990 7.6137
4.7653 6.8677
2.6938 6.1555
4.0985 7.5115
3.1645 8.8891
4.7844 8.3521
2.5972 6.6559
3.1370 8.6749
3.4386 8.2147
3.7914 6.5389
2.5442 7.8569
3.7899 9.1014
1.9616 8.8394
3.0575 9.0137
2.0093 6.6750
2.8030 7.6301
4.2418 7.2471
4.1844 8.3417
4.2977 7.9908
3.0194 9.3295
3.1595 7.5157
4.0188 7.8198
3.1406 7.5379
3.3844 7.9447
2.6213 8.3519
4.2367 8.0647
4.0452 9.8726
3.2683 8.5057
3.7166 6.0227
3.2475 6.8255
2.9969 8.2681
3.4037 9.5353
3.4895 8.9553
3.2971 7.0946
3.7217 7.5288
3.9046 8.9846
2.8377 7.6243
2.7759 7.6563
3.0770 8.1766
2.8807 7.2764
2.5859 7.5875
3.4121 7.7285
1.8176 8.2902
3.3583 8.2130
3.6440 7.0343
4.1162 7.2653
5.2448 6.2090
2.6908 8.6683
3.9448 7.3399
3.7190 6.6011
3.5027 7.9439
3.9326 7.9642
3.3286 8.7651
1.9082 7.3316
4.1718 8.9113
2.4507 9.3442
3.0000 7.6229
2.5731 7.0926
2.9806 7.4765
0.4049 7.7725
1.9275 8.0868
4.1357 7.6246
4.1472 7.0330
3.8822 6.7789
3.3323 9.0366
4.2217 7.2185
4.4488 7.5333
4.6366 8.4700
4.0427 7.3610
3.8714 9.0588
3.6776 7.3003
3.5899 7.7974
2.5363 8.5176
3.4716 8.3451
2.7888 7.7987
3.7669 7.7321
4.3589 8.4811
3.5351 8.4734
3.6427 8.1127
2.8386 8.6806
4.2860 8.7528
4.1664 7.7514
3.0265 7.5216
4.5011 7.1832
2.1735 8.4899
3.0857 9.0339
2.4530 5.9497
3.7081 7.9375
3.9832 8.3888
2.6411 8.3426
3.6277 7.2552
2.3535 7.5791
4.1227 8.1433
3.4414 9.0346
3.9727 8.6915
4.7876 7.4521
3.0470 7.8082
2.9622 8.4808
2.4613 7.7614
3.0110 8.3698
3.3582 7.0894
4.1962 7.6356
3.7008 7.0837
3.0695 7.3596
3.1707 8.2474
3.0770 6.7770
1.8917 8.8203
3.1061 7.2430
4.0412 7.0092
3.2401 8.2118
3.6172 6.6289
2.9731 8.5954
3.9547 8.0319
2.0062 7.4585
3.7193 8.1173
3.1138 8.3602
3.2518 7.8649
2.7412 7.0296
2.5119 7.2460
2.6937 7.8358
1.9529 9.1461
4.4012 7.1603
3.1711 7.2053
4.3547 8.6949
3.0857 8.0469
3.4394 7.6813
3.4438 8.8181
3.5243 8.4561
3.0379 7.4448
4.3458 6.6995
4.8159 8.4547
3.0887 6.8059
2.8245 8.3153
2.9222 8.0404
3.8350 9.8555
2.5669 8.5482
4.5010 8.2299
3.7491 7.9865
2.5075 7.8902
2.8283 8.1151
3.3801 7.1216
4.4227 7.2960
3.4292 7.4539
3.4099 10.0618
3.4340 8.4086
4.0271 7.7330
4.5529 9.1529
3.1846 7.6456
3.8940 9.0669
3.6926 7.6454
3.7991 7.5068
3.1097 7.5037
2.8145 7.5971
1.9882 9.1364
2.6498 8.8645
3.8876 9.1606
