1.0003 3.2443
3.7172 4.0162
6.4914 4.3967
3.5889 3.8848
2.8525 4.8385
2.0380 3.7948
3.6373 3.8036
2.5690 4.9610
2.0599 5.0500
3.3147 0.4693
2.1020 2.4622
3.1851 1.5027
3.4642 1.9272
2.9837 3.5296
2.5938 3.1176
4.2998 0.5332
0.8685 2.0372
3.7273 1.5285
2.7718 5.8132
2.4443 0.6244
4.3224 2.2199
3.6449 3.5565
5.9955 2.7625
4.3560 2.4280
4.1353 2.5186
3.7908 2.6476
4.7508 1.4018
1.2011 2.6320
3.9115 2.0825
5.3370 2.4692
6.2630 2.7370
4.1024 4.3160
0.0259 3.3610
1.8065 1.5751
5.5472 1.6670
1.1163 0.5320
-1.3193 2.2170
4.0198 2.2680
1.0104 3.6764
2.4429 1.0914
4.2709 2.3378
1.3903 6.6389
3.4446 4.1599
2.6281 3.5917
4.3923 1.5621
5.1953 6.0011
0.2561 4.6425
2.6633 1.2643
4.3944 1.8186
2.5270 4.0377
4.8773 3.3565
2.8465 3.4836
3.4065 2.8856
3.7235 4.7053
1.4142 2.2340
3.0410 1.9943
5.1259 -1.2987
4.1896 5.6947
2.1737 3.1010
4.0719 2.7997
0.1456 4.1532
1.7591 2.0073
3.4703 5.5042
4.2791 2.4154
5.5805 3.2012
0.9604 4.8591
-0.5812 -0.1658
4.7414 2.8453
2.4936 1.9002
5.0216 1.8980
2.2159 4.3511
4.3457 -0.8812
2.5341 4.6360
2.3940 -0.1694
1.6157 3.0319
3.2292 2.0837
4.5969 1.5772
2.4242 2.3817
1.4150 3.0280
6.6102 1.2211
4.6303 2.4166
-1.9658 0.3105
2.8738 4.0611
5.2344 2.5707
2.0163 2.0257
0.7628 1.8110
1.1162 2.6073
5.5000 4.6487
3.4568 2.4835
2.1409 2.6336
5.8126 -3.6018
4.4134 3.4961
0.9126 2.7482
3.0660 3.4877
3.7070 3.3355
-1.6897 2.7794
4.6189 -0.6228
3.5309 0.9036
4.9587 1.4211
4.0970 3.7279
-10.3801 -6.6581
-6.2680 -10.3914
-5.5214 -9.0742
-10.1521 -5.5591
-5.3918 -8.8431
-5.9125 -11.4616
-4.4150 -8.1349
-7.0172 -6.8564
-8.4427 -7.5585
-7.2618 -7.5141
-6.8690 -6.9888
-6.9930 -5.8129
-8.9876 -10.3567
-6.6447 -4.7810
-11.5436 -4.3857
-7.6010 -12.4199
-9.0671 -7.9561
-9.3268 -7.9126
-9.6323 -8.5412
-9.2535 -8.2784
-8.6667 -6.9665
-9.9924 -6.9925
-3.8213 -9.7285
-9.6488 -7.3894
-9.3988 -8.2551
-8.5144 -10.0631
-7.5162 -11.5006
-9.7597 -6.9643
-6.4963 -6.1153
-6.3727 -8.7587
-5.1530 -8.6573
-7.9684 -9.7782
-9.2156 -10.7826
-9.8878 -7.2001
-5.6057 -8.2590
-5.3949 -7.4663
-6.6700 -10.2899
-8.9169 -7.0517
-7.7957 -9.4368
-10.8947 -9.3219
-8.1673 -12.0017
-6.4393 -9.2349
-8.3650 -7.3167
-8.5171 -9.6507
-6.9117 -10.3466
-7.9934 -7.9317
-7.0112 -7.9452
-8.1210 -10.9805
-8.6719 -8.6986
-3.9859 -9.0440
-7.9113 -11.4894
-7.6950 -8.8588
-9.7870 -9.3845
-7.7886 -6.4508
-11.1719 -8.1150
-6.3743 -8.7174
-12.9303 -6.3701
-7.1045 -9.9198
-6.0220 -8.4894
-6.6887 -11.3512
-6.3615 -11.5806
-5.8205 -10.9106
-8.7556 -7.9715
-6.7023 -9.7318
-6.3863 -5.9638
-8.3804 -11.3082
-8.8612 -8.9482
-5.3601 -10.4659
-7.3409 -7.4425
-7.9872 -9.3313
-6.8697 -9.3219
-7.7995 -9.4059
-7.2312 -9.1177
-5.8737 -5.4242
-4.8445 -8.6629
-8.9599 -9.0952
-11.3124 -7.8029
-5.5451 -7.8385
-6.8834 -8.3561
-6.1310 -7.0417
-7.7933 -11.6897
-8.7451 -11.5851
-6.6166 -8.8919
-6.7832 -10.0307
-8.8054 -7.2781
-8.4972 -8.7537
-3.1734 -9.4098
-7.0278 -9.5616
-6.0941 -9.3578
-5.7458 -8.9846
-10.0031 -10.3007
-5.8350 -10.0350
-5.3288 -6.4188
-8.2419 -7.7620
-6.5464 -8.7453
-6.7539 -10.2413
-8.1208 -8.0982
-4.0948 -8.0067
-8.5469 -9.2545
-1.9993 -7.0572
2.5707 -4.7760
-1.7644 -5.5819
1.5584 -6.2987
2.8265 -6.6898
2.3998 -5.9380
1.3807 -8.5463
1.8067 -7.4355
-0.1380 -8.3169
4.0883 -6.7758
0.3066 -9.0415
-0.2505 -7.3617
1.0501 -5.5889
3.2387 -7.3571
2.9670 -10.8114
0.3865 -6.0796
1.4688 -9.4017
5.3225 -8.9771
-0.8377 -7.1690
3.3540 -7.4078
2.8407 -7.2927
-1.1751 -4.7175
2.0920 -7.6319
-0.8534 -8.9446
2.0398 -6.9122
1.8800 -9.9510
0.8164 -7.1597
2.8651 -6.6705
3.4345 -7.0805
-1.6651 -8.5205
0.8012 -7.9461
-0.0994 -5.6725
3.6945 -7.8896
0.2254 -7.2465
1.6363 -4.9639
1.5738 -6.2863
0.8172 -7.5478
-1.2317 -7.7204
3.9111 -11.8895
1.4205 -8.8407
-0.9766 -8.3730
2.8565 -7.6672
1.9441 -6.7080
0.5298 -10.1860
1.5485 -7.8715
2.9132 -6.8175
2.9595 -5.5664
2.5036 -7.5940
-2.2838 -11.2550
3.0134 -6.3023
2.5345 -6.1079
2.6118 -9.1384
0.7829 -8.7431
1.8899 -7.9445
1.8636 -5.9727
2.9179 -8.9098
2.7494 -8.2674
1.8976 -4.4286
3.0045 -7.7873
1.8157 -4.5398
0.4568 -9.8798
0.0565 -9.6951
1.1989 -9.3236
0.2295 -7.0934
2.5613 -6.7209
2.1404 -7.1150
1.9312 -9.4801
2.9054 -6.9046
-0.0085 -4.9043
1.1031 -7.8531
3.0956 -8.2723
-3.5253 -7.2166
5.0210 -6.6735
1.5976 -9.0415
2.9725 -6.3054
-0.4325 -8.7376
1.1055 -7.7263
3.0146 -6.3179
2.6876 -6.7478
0.5346 -6.6401
0.9727 -7.8067
2.8520 -8.1014
3.4055 -6.9737
3.0491 -8.8360
2.6172 -8.7458
-1.2895 -8.3242
0.8592 -7.1751
0.0354 -7.1031
4.1705 -7.4334
2.3248 -8.5533
2.6718 -9.1798
3.8059 -8.6478
0.6434 -6.3652
3.0578 -6.4012
1.4863 -9.3757
-1.9734 -7.3266
3.1774 -10.4543
-0.7623 -7.9734
4.0071 -10.2471
-0.2425 -9.6144
1.2295 -7.1954
0.7590 -0.7985
0.9849 -3.5892
-1.5972 -7.3276
2.3756 -3.5638
1.7643 -2.1178
2.0859 -2.0582
-2.4860 -3.9326
1.1495 -4.9618
-0.3590 -3.8081
-2.4978 -4.0792
-0.7431 -2.4967
1.6322 -3.3058
-1.0206 -4.1221
2.8061 -0.8857
0.4418 -4.8004
-2.7755 -4.4139
0.4120 -2.2478
2.2215 -1.6340
1.4526 -3.7066
1.4981 -2.2263
-0.5100 -3.3094
0.2058 -5.1089
-0.0225 0.2189
-0.5269 -3.2804
-1.6482 -6.6497
0.3107 -6.4288
-1.7767 -1.9593
0.9866 -0.8583
-0.5775 -1.4475
2.1364 -3.2021
2.1416 -3.8973
0.9753 -5.9524
-0.5579 -3.8486
0.5707 -3.7356
3.5662 -3.0033
1.7178 -2.0758
-0.1576 -3.3049
2.4613 0.6639
-0.8820 -4.6244
0.7548 -4.1210
4.5908 -2.6099
2.4679 -1.5315
0.9254 -4.0483
-1.1671 -2.7930
0.3537 -2.4053
0.3333 -1.4866
5.0779 -5.2121
1.6103 -4.6020
-1.9441 -1.8714
-0.5826 -3.1970
2.3402 -0.4734
3.3066 -4.2890
1.9354 -1.0352
3.1764 -2.5216
2.6073 -4.6164
-1.0783 -2.1161
-0.8922 -4.4086
-2.6085 -0.0016
0.5759 -4.8946
2.7741 -3.3075
0.5562 -2.2627
-0.1291 -4.2520
0.7256 -4.6882
-0.7520 -3.8594
1.4693 -3.4218
-0.4815 -3.6721
0.6091 -4.2873
-1.3297 0.2275
0.2707 -4.3920
0.3130 -0.9893
-0.0606 -2.5225
2.4099 -3.8410
-1.9846 -5.1383
-0.9742 -1.5590
-4.1306 -3.2730
-3.1258 0.5091
-0.4531 -6.4502
-3.1578 -3.8296
2.1381 -2.8899
-1.9884 -2.6025
0.5111 -3.1844
-0.1634 -2.0079
1.2384 -2.7536
1.0747 -3.4060
-1.4736 -7.0105
1.8602 -6.6257
-2.9852 -4.4763
1.0959 -5.6390
-0.7454 -2.9834
-0.4289 -2.9020
0.3019 -4.7863
-0.5158 -2.0860
1.1649 -2.2284
2.7216 -2.9486
-0.1290 -5.3479
0.9278 -3.3581
-0.5638 -2.9151
-0.2994 -5.6852
1.1915 -5.2655
-2.5814 -2.9999
-6.6145 -6.6353
-13.3090 -4.4982
-8.6677 -6.3166
-8.1210 -11.2311
-9.1736 -7.3894
-8.6847 -5.4039
-7.7007 -8.3121
-8.1989 -4.8732
-8.4225 -6.8052
-7.5109 -4.2811
-7.2520 -3.1448
-6.4620 -6.5235
-5.3851 -5.4601
-8.0460 -4.9606
-9.2534 -9.4571
-4.5942 -7.7795
-7.4325 -4.7997
-3.5072 -7.0870
-9.1248 -7.2891
-8.0349 -7.6141
-8.2811 -8.0405
-7.2960 -6.7425
-8.3451 -7.2132
-7.8121 -3.6757
-6.2400 -6.8095
-8.1564 -5.3865
-6.5228 -8.0834
-8.6530 -6.7121
-9.6693 -7.0906
-7.4176 -7.9243
-5.3793 -4.0142
-6.9771 -6.0801
-9.0757 -6.9340
-8.4641 -8.4712
-9.3744 -7.4237
-9.3510 -3.8785
-8.9850 -6.6154
-7.1427 -9.8613
-8.2971 -3.6198
-10.0524 -10.2230
-10.0391 -5.6277
-7.2544 -5.5307
-7.3682 -6.7362
-7.2542 -7.4914
-7.7839 -7.1139
-8.3105 -8.6951
-7.0611 -5.5025
-6.4271 -8.6446
-6.2474 -6.2221
-9.3896 -6.9184
-6.5623 -6.2918
-7.9979 -4.7421
-9.9165 -6.4116
-6.5503 -5.5498
-8.1077 -5.1681
-6.2000 -7.3376
-7.5824 -5.7162
-6.5830 -5.0210
-8.4158 -7.9526
-6.4029 -7.4475
-8.4005 -5.6518
-8.9029 -6.1772
-10.5637 -6.2515
-5.2245 -8.7853
-8.1347 -9.8586
-7.2800 -5.5159
-8.9365 -4.7019
-9.1326 -5.4359
-9.0904 -4.1003
-8.3062 -6.5840
-7.8773 -8.3962
-8.5765 -4.3946
-10.5927 -8.4606
-8.7934 -6.0591
-8.5104 -7.9762
-7.6687 -3.1987
-6.6735 -5.1490
-7.8330 -9.4509
-9.0080 -7.1190
-5.4593 -7.8090
-9.3007 -5.2392
-5.9389 -7.2107
-8.0039 -4.4379
-10.6811 -8.3639
-6.1088 -5.9678
-6.7111 -7.9070
-8.9339 -8.5239
-10.2904 -9.0643
-5.7569 -6.9625
-8.9039 -6.1836
-7.4035 -6.9650
-6.8257 -8.0697
-6.1856 -6.9176
-8.1223 -8.2514
-6.9962 -7.7342
-5.5250 -9.1646
-9.3782 -9.5486
-11.7645 -6.3178
-7.9897 -6.6939
-9.6810 -8.0487
