3.7558 3.1896
2.5674 3.1618
3.2941 2.1713
3.4040 1.9203
2.9797 4.1642
2.9965 2.3328
2.8990 3.4236
3.3598 3.0531
3.0878 3.1460
4.2149 2.3944
3.4613 3.7272
3.9272 4.0515
2.6990 3.0920
3.5367 3.6222
3.1739 2.7228
2.4313 3.4879
3.1431 4.3639
3.3333 2.4127
2.5718 3.3193
4.4175 3.0882
3.3235 2.5195
2.8073 3.3234
4.1858 3.1852
3.4630 3.5973
2.9909 2.3504
3.2672 1.9565
3.4086 2.5462
2.5590 4.0802
3.4890 2.4238
3.3602 2.9089
3.1670 1.9575
3.3147 2.3190
3.8991 2.3016
4.6369 2.7750
3.0387 3.4237
3.2651 4.1503
3.6520 1.4026
2.8599 3.3443
3.1791 2.6589
2.3953 2.2887
2.2486 3.0262
2.4710 2.3003
3.4848 2.6501
3.7768 4.0744
4.2339 3.6855
2.6878 3.1122
3.1758 4.0624
2.3328 2.1650
3.8681 3.4260
3.4389 1.3534
3.2423 2.2004
4.4230 3.4655
4.4273 2.6026
1.8739 3.3174
3.6723 2.8782
2.0787 2.9459
2.3260 2.3520
4.1697 3.2112
2.6393 3.1357
2.8621 3.0711
3.6202 2.9444
1.7038 2.3828
3.0567 4.5079
2.0084 2.7594
3.0799 2.8143
3.6710 2.7710
2.5894 2.3293
3.7552 2.5183
2.6401 3.9223
2.4352 3.7980
3.0817 3.4303
2.9008 3.4688
3.5185 3.5087
3.7229 2.7735
2.3888 3.6087
4.5689 3.4864
2.7129 1.5186
2.5470 3.5023
2.2785 3.3548
3.1579 2.3394
2.9276 3.2893
3.1986 3.0241
3.7612 2.8626
3.6359 2.4702
3.4097 1.6010
2.9486 3.0557
3.1484 1.2812
3.4779 3.3222
3.2005 3.4246
2.0410 2.3112
3.2664 3.0352
3.1317 4.0034
2.7792 3.6874
3.3158 4.4023
3.4700 3.8466
4.2191 2.1081
3.0485 2.4275
3.5794 3.4027
3.3801 1.2541
3.1629 2.3501
-6.0722 -9.9898
-6.7434 -9.2742
-6.5814 -7.6529
-6.6325 -10.4325
-6.7178 -8.7439
-7.0988 -7.5827
-7.6144 -8.7846
-6.5954 -10.1053
-6.3170 -9.0483
-5.7563 -8.3197
-7.4885 -8.5704
-6.4371 -9.2181
-6.7548 -7.5838
-6.9782 -8.4912
-7.9531 -8.7515
-6.3027 -9.9441
-5.9876 -9.5067
-7.2079 -7.8378
-6.6955 -7.8187
-8.0433 -9.3312
-7.5764 -8.4870
-8.8370 -7.2365
-6.4516 -8.0915
-6.7417 -8.8559
-7.0369 -8.2271
-7.7814 -8.6706
-6.6603 -8.3852
-8.1704 -8.7990
-8.3022 -8.3474
-7.5596 -8.2016
-6.3041 -8.9378
-7.4661 -10.0870
-8.2997 -8.0311
-7.8396 -8.4592
-7.4819 -9.0336
-7.1400 -8.1591
-7.2499 -8.7315
-7.7881 -9.7497
-7.5909 -9.4179
-6.9584 -9.0182
-7.5621 -8.5258
-7.0171 -8.9006
-6.5949 -8.7123
-7.9590 -10.0587
-7.2832 -8.3836
-6.8027 -9.3352
-7.6244 -9.2311
-7.2199 -9.4105
-7.1086 -9.0386
-8.0792 -8.4378
-5.8729 -9.1176
-6.0314 -8.3912
-7.0870 -7.8108
-7.2022 -7.9232
-7.5487 -9.5436
-6.1758 -8.1982
-6.0862 -8.2046
-6.6794 -8.0968
-7.5782 -9.2684
-6.3449 -9.3816
-7.5550 -10.3053
-6.3751 -8.5160
-6.2323 -10.0770
-6.5853 -8.6963
-6.9233 -8.2909
-6.6638 -9.7330
-7.7609 -9.2385
-7.5100 -8.6753
-6.6171 -9.1909
-7.8403 -9.4572
-7.7185 -9.3933
-8.1953 -10.1343
-6.9647 -8.7394
-7.4038 -8.7880
-7.6159 -9.2689
-6.0241 -8.2316
-6.6731 -8.8469
-6.0723 -8.9702
-6.1541 -7.6667
-6.1575 -9.0338
-7.5651 -9.4805
-8.6344 -8.4666
-6.9454 -9.9907
-6.8444 -7.9438
-7.9783 -9.7931
-7.2055 -9.7717
-7.0215 -8.7332
-7.5847 -8.4617
-6.7515 -8.8942
-6.7883 -9.4615
-6.1462 -10.1084
-6.2330 -9.2172
-7.3108 -8.0175
-6.2035 -7.9167
-6.2395 -8.6243
-6.8118 -8.9113
-6.7779 -9.3656
-6.2939 -8.7139
-9.0031 -9.3360
-7.6101 -9.4912
1.0921 -7.2268
2.2439 -5.9299
0.8510 -7.9419
1.9534 -7.7446
0.9345 -6.2239
3.0301 -7.0239
0.5141 -8.5057
1.3602 -7.6617
1.4516 -7.4967
1.5431 -8.2619
1.2589 -8.0478
0.8857 -8.0958
1.3590 -7.1289
1.3371 -7.6537
0.8631 -7.8940
1.8087 -7.6716
1.0644 -7.2256
2.2448 -7.2826
1.4124 -7.2678
0.9170 -7.5432
1.6210 -6.7189
1.2874 -4.8828
0.8622 -6.8085
0.6721 -6.4409
1.5266 -7.8804
1.7353 -7.4652
3.0161 -5.6418
2.5078 -6.9270
2.0325 -6.9326
1.4810 -7.4383
0.2672 -8.0473
-0.2680 -7.2558
2.1511 -6.6115
0.0829 -6.3576
2.7712 -8.3747
0.9333 -7.2614
1.4820 -8.5585
1.1408 -8.0719
1.5405 -7.9231
1.8914 -7.9847
1.1292 -5.9249
0.4979 -7.2815
1.4618 -7.6993
1.3801 -6.8672
1.0188 -7.7522
2.3885 -8.0826
1.2871 -7.4516
1.1124 -7.4111
1.6074 -9.1216
0.6289 -7.2462
1.8853 -8.2652
1.0383 -8.2507
1.7050 -6.5314
2.4199 -8.7418
1.6622 -7.3276
1.9939 -7.5240
3.6238 -6.9082
1.8112 -7.8848
0.9972 -7.9988
1.5698 -7.2712
0.5510 -6.8175
0.3762 -8.1105
0.9027 -6.9456
1.5771 -6.3072
2.3022 -7.2355
2.4721 -7.5412
0.6351 -7.1064
1.5319 -7.2768
1.2332 -7.9703
1.7472 -8.0181
3.3861 -8.4537
0.8094 -6.8195
2.4259 -7.1804
1.8731 -8.1610
1.2532 -8.4641
1.2084 -7.7792
1.8881 -6.9200
3.5861 -7.1703
1.1208 -7.9223
2.5838 -7.2531
1.8689 -6.5116
1.7104 -6.1272
1.0742 -8.2180
1.5098 -7.4741
0.9232 -5.8959
1.3444 -6.6804
1.8695 -6.5149
1.3328 -6.4181
1.8276 -8.0360
0.4748 -8.0082
2.0907 -7.4879
1.8582 -7.6701
1.5630 -6.8799
1.9610 -7.7746
2.1148 -6.9724
1.2728 -8.5880
1.5499 -7.4654
0.9691 -7.1307
1.6142 -6.1396
2.2521 -8.4735
-0.3405 -3.4895
1.0757 -3.4623
0.6356 -4.5102
0.5370 -4.1585
0.4751 -4.6384
0.6479 -4.0391
0.4235 -5.7611
0.1079 -4.1173
0.3592 -3.6966
1.1121 -4.0978
0.9579 -3.9756
1.4083 -3.4201
0.5182 -3.5508
-1.0617 -3.8284
-0.2281 -1.9577
0.0324 -3.4212
0.4099 -2.8943
-1.1988 -5.0894
1.8967 -3.3615
0.7416 -3.0572
-0.2037 -2.9934
0.9946 -3.6359
-0.3989 -2.4362
-0.0399 -3.8463
0.1953 -4.1797
-0.0856 -4.1150
0.6946 -3.6585
0.0244 -2.4117
1.2100 -3.5194
0.3466 -3.6958
0.5478 -3.2365
-0.0321 -1.2895
-0.7878 -3.8635
-0.0884 -4.2326
1.4540 -4.1688
-0.4379 -3.0124
-0.1016 -3.1307
-0.0890 -3.2186
0.0555 -2.3741
-0.6471 -2.8623
-0.2056 -3.0246
0.8106 -3.3887
-0.0380 -4.3252
1.5547 -3.2656
-1.1212 -4.5209
1.7479 -3.7948
-0.1559 -3.3811
1.4362 -3.7466
1.4350 -3.5337
0.8002 -2.0333
1.1365 -3.9723
0.6260 -3.3116
0.7023 -3.4960
1.1186 -3.2679
0.1953 -3.9710
-0.5959 -3.1085
-1.1197 -4.2939
-0.1458 -3.8615
0.0838 -3.6122
1.7063 -3.4057
0.9147 -3.1739
0.7703 -2.8400
-0.3282 -3.0751
-0.4656 -4.6201
0.3923 -3.8906
1.8120 -2.7593
-0.7641 -3.5614
0.7763 -3.1281
0.1301 -4.0746
0.4330 -4.3542
1.8266 -3.8774
0.4409 -3.7684
0.3152 -3.7999
0.0316 -3.8318
0.2508 -3.5468
1.7125 -3.0676
-1.5780 -2.1576
-0.0077 -3.7033
-0.2593 -2.4251
-0.1474 -4.1216
0.4743 -2.6184
0.3943 -3.2610
0.0861 -2.6747
0.0629 -3.3611
1.3808 -4.7688
1.4779 -4.7601
-0.5737 -4.0452
0.8043 -3.4310
0.2402 -3.9775
-0.6930 -3.4340
0.2738 -2.4564
2.0690 -3.3000
0.0452 -2.7214
-0.5012 -3.4815
0.5095 -2.6065
0.5542 -2.6140
-0.9975 -3.9523
1.7368 -2.6677
0.0184 -4.5685
0.0501 -4.7038
-8.9191 -6.9113
-7.8959 -6.7245
-7.9486 -6.2821
-8.8582 -6.7711
-8.3932 -7.2758
-8.1047 -5.9979
-8.8446 -7.6106
-7.3677 -7.2127
-7.1380 -7.3949
-8.5107 -6.7579
-8.0991 -6.6831
-7.5907 -6.8023
-6.9757 -5.2959
-7.8111 -6.7619
-8.6952 -6.3724
-8.5183 -7.1570
-7.4766 -7.0631
-8.3068 -6.8488
-8.5351 -7.2936
-8.9942 -7.3355
-7.3520 -7.4605
-8.4423 -6.0734
-8.1440 -7.6361
-7.0352 -6.2379
-7.0830 -6.9763
-6.8538 -6.1656
-6.9980 -5.5960
-6.6374 -6.6157
-7.7130 -6.8241
-8.4284 -6.4686
-7.5713 -6.5943
-7.4616 -7.9098
-7.5231 -6.1987
-7.5082 -6.9129
-7.8837 -6.4108
-8.0514 -6.9192
-7.3636 -7.3908
-7.6320 -6.6566
-7.8261 -7.5324
-8.1550 -7.8165
-8.1978 -4.8906
-7.4068 -7.0107
-7.9293 -6.1824
-6.4188 -5.7829
-8.1271 -6.6375
-7.7768 -6.3990
-8.3929 -6.4004
-7.5494 -6.6877
-8.5646 -5.7767
-8.1824 -5.8787
-6.5439 -5.3175
-7.8065 -6.7357
-7.7338 -6.9763
-7.5127 -6.5637
-6.8303 -5.1262
-8.3725 -6.5124
-9.0549 -5.9772
-8.0798 -7.4190
-7.7506 -7.6183
-6.7305 -6.9259
-8.0857 -7.0965
-8.1188 -6.1592
-9.0751 -6.0379
-7.5447 -6.8527
-7.0486 -7.5526
-8.5002 -6.5021
-6.8356 -5.4603
-6.9551 -6.4751
-8.9868 -6.9551
-7.6455 -6.5652
-8.7255 -5.5089
-7.3026 -5.8848
-8.6466 -6.8093
-7.7384 -6.3269
-7.4490 -7.1385
-7.2456 -7.0120
-8.2119 -7.4697
-7.9544 -7.5092
-7.5788 -6.5323
-7.7656 -7.2199
-7.9289 -7.0399
-7.5889 -5.7718
-7.2618 -7.1037
-6.7382 -6.9728
-7.3196 -7.4017
-9.1242 -6.5754
-6.2487 -5.9934
-7.6983 -6.4206
-8.3557 -5.9641
-8.7410 -6.7083
-7.5695 -6.0576
-7.8153 -5.8620
-7.5563 -6.1773
-6.8391 -5.5237
-7.9783 -5.7628
-7.5174 -6.6050
-6.4705 -7.1443
-7.7429 -6.5767
-8.8354 -5.9267
-8.7513 -5.0741
