4.7127 2.8961
5.3426 4.5432
5.9922 3.2775
0.9425 3.4648
4.0387 1.0758
2.7487 1.8319
2.1471 0.1277
3.2325 3.7141
2.6313 3.3450
3.5210 2.0778
3.0039 2.2825
2.9711 4.4970
5.2749 2.7566
5.5614 2.8464
2.0651 2.8606
4.3232 2.6534
4.0109 4.6779
3.2498 3.4614
2.0992 2.9135
3.9732 3.7399
1.7597 3.4955
2.8820 3.2745
3.1062 1.7222
1.7768 2.3931
4.0073 3.6394
1.8036 2.1367
3.0477 3.1200
1.2511 2.0688
3.5264 4.6067
2.1410 4.1203
2.2917 3.0679
3.8382 3.7223
4.1822 1.9242
2.5862 1.4179
3.7477 2.0067
4.7543 4.1870
3.1782 2.9781
2.2970 0.9480
3.4553 3.2796
1.1353 2.3519
1.1148 3.2248
3.1238 2.1984
4.2972 6.2406
1.9683 3.3392
1.8819 2.0294
3.0258 3.8564
4.9483 1.4822
3.6533 2.9194
3.6736 4.6979
4.2310 3.9142
4.1250 4.5015
3.3033 2.7734
2.2719 0.9153
2.4439 2.5209
4.1097 3.9557
3.2789 2.2830
1.9140 4.3159
5.6650 4.4836
1.4261 1.3360
5.6518 4.2563
3.3056 4.2364
2.4331 3.3554
0.9983 2.1736
4.3995 2.6299
2.0666 1.0082
2.5522 1.6951
2.9152 3.4412
4.4708 4.5098
1.7789 5.0930
2.8443 3.8505
1.2189 1.6652
3.2367 2.6704
4.2319 1.1154
3.4116 3.0286
4.2123 2.7347
3.1497 3.0466
5.8497 1.8181
4.7399 1.8316
3.4563 2.4867
2.4548 3.4315
2.3990 3.0312
3.6018 4.9370
2.6772 5.9236
3.8810 3.9030
1.8420 1.8308
2.1989 3.4202
0.7012 4.1017
4.0441 4.1209
2.1902 2.2193
1.4398 4.1464
3.8644 4.9381
3.3868 2.6466
3.6660 4.7447
1.8528 2.5928
4.8502 2.7127
2.0595 2.6505
3.1237 0.4864
2.8638 3.9464
3.9771 2.5031
2.5881 2.4167
-8.4117 -8.2526
-7.9097 -9.0132
-7.7958 -8.7275
-6.4952 -8.0282
-7.6234 -11.3136
-8.6535 -7.8894
-7.1556 -7.7889
-7.1640 -8.6682
-6.7713 -10.5756
-7.0846 -8.3945
-7.2821 -9.3479
-8.3163 -7.9422
-8.0036 -7.5368
-7.5458 -7.6225
-5.9151 -8.4221
-6.3642 -7.6255
-7.7455 -6.9906
-7.6919 -8.9291
-8.3075 -7.7811
-7.5624 -7.6082
-9.2697 -8.5310
-5.4713 -9.4614
-7.9501 -11.0616
-9.3676 -8.9382
-7.1309 -10.0418
-5.5968 -10.3690
-9.4114 -8.6242
-9.1527 -9.2550
-6.8859 -8.8409
-6.2004 -8.5264
-7.3841 -10.8829
-6.5744 -8.8460
-6.6476 -9.7339
-6.1467 -9.2816
-9.2203 -9.4015
-7.7049 -6.7527
-6.8513 -9.7433
-8.7034 -7.9642
-5.2905 -8.3577
-6.7941 -7.5688
-6.6304 -9.4743
-9.0239 -9.1892
-6.5382 -8.5744
-7.3701 -8.7634
-7.2788 -8.5733
-7.2224 -7.9347
-7.6056 -12.4644
-6.5174 -7.6797
-6.2197 -9.7773
-6.1212 -9.2269
-7.1906 -8.8114
-5.7714 -8.1123
-5.8937 -7.9348
-6.1039 -9.0568
-9.8106 -11.2895
-6.5857 -9.2243
-6.7791 -9.0134
-8.1800 -7.0752
-7.5161 -8.4515
-4.4550 -8.5907
-7.5365 -8.7045
-9.8453 -8.5831
-6.1409 -7.0528
-7.5668 -8.2387
-7.2068 -9.3890
-7.2223 -10.8556
-6.9845 -10.0225
-8.7610 -7.3438
-7.3524 -10.0132
-6.2375 -8.8483
-6.5910 -8.8100
-5.6331 -7.4705
-7.4297 -9.7779
-6.8262 -9.7286
-7.2553 -11.6194
-6.0668 -8.9056
-5.5075 -8.7520
-7.8308 -7.4790
-7.1782 -8.3037
-5.8179 -8.3476
-6.7510 -11.7031
-8.2193 -8.6807
-4.6592 -9.1255
-4.9507 -8.5660
-6.4984 -9.2123
-8.8549 -9.5951
-8.8791 -9.1761
-8.7831 -8.8006
-9.8546 -8.5783
-8.0942 -8.9694
-5.1819 -9.1694
-6.2221 -6.0095
-8.8430 -9.1980
-7.4806 -10.4872
-7.1310 -7.5409
-6.2402 -8.5886
-7.4861 -9.1838
-7.5819 -7.8009
-6.6557 -9.1860
-5.0933 -8.2520
1.6732 -7.7443
1.7913 -5.9657
0.1017 -6.4899
2.9295 -7.4962
1.9082 -7.9031
2.1841 -6.0557
0.6703 -6.1552
2.1729 -8.9827
0.7797 -5.3283
2.3149 -6.5753
1.3414 -7.0433
2.4983 -8.0344
1.7844 -5.4626
1.0984 -8.4046
1.8927 -7.4403
-0.2441 -7.7417
1.3932 -8.9663
2.3681 -7.7266
1.2283 -6.1767
2.1352 -7.8337
0.4523 -7.8115
1.3728 -8.1615
1.3796 -8.7148
2.5267 -7.2455
3.5576 -8.4785
2.1556 -7.0057
1.4546 -6.7286
2.5500 -7.2154
2.9923 -8.6448
1.9691 -4.9510
0.0463 -8.6171
1.5808 -7.6824
-0.2731 -7.6934
3.5564 -10.5394
-0.1616 -9.7648
0.9288 -7.8432
2.1823 -6.2580
1.6099 -7.5639
3.2977 -6.3831
0.6371 -10.2397
1.5194 -6.8329
2.1586 -8.5286
0.2018 -7.2625
0.3868 -9.2403
1.6662 -6.3343
2.1375 -6.9673
-0.0654 -6.6944
0.5250 -6.8646
2.8373 -6.1046
2.3083 -5.1968
0.0045 -8.6677
2.8424 -6.7999
2.1511 -6.1203
2.7662 -6.0521
2.0034 -6.1613
1.0847 -7.5297
2.3389 -8.6756
2.9153 -7.4487
1.3503 -6.8490
0.7952 -7.6898
2.0636 -7.0582
-1.0368 -7.6442
1.7778 -6.3042
1.6492 -9.6158
0.4315 -9.2617
3.4705 -7.0787
2.2103 -8.2462
2.5442 -7.1418
3.5612 -7.5424
1.5761 -6.0622
2.4668 -6.8640
3.9023 -6.9920
0.3227 -9.3071
1.9174 -7.7568
1.8608 -6.8845
1.3511 -4.8602
0.2607 -8.3131
2.7884 -7.7158
1.2319 -5.5320
2.1460 -6.3515
4.3136 -7.3022
3.6186 -6.4834
1.1121 -6.2119
2.8696 -5.9555
2.0114 -7.3279
0.9971 -7.9224
0.1478 -6.0568
0.7051 -6.6622
0.2771 -6.0534
1.0946 -7.0741
4.2639 -7.4396
2.7430 -8.0184
2.9515 -6.4715
0.1254 -6.4248
1.1817 -7.3465
1.8524 -9.0071
1.3482 -6.3856
1.1275 -7.7607
0.5547 -5.9231
1.3412 -8.0631
0.3689 -4.1052
0.7226 -3.8394
1.0442 -4.1963
-0.2613 -3.3377
0.6140 -4.6775
1.0639 -3.6920
0.4072 -2.1948
1.3040 -3.0758
-0.5145 -4.1864
-0.4908 -3.4054
2.0005 -4.0300
1.3992 -2.5830
0.6284 -1.6704
-0.6227 -3.8490
0.8521 -3.8734
1.5746 -4.2416
0.3766 -3.3577
0.3940 -3.9839
-0.7239 -1.6323
-0.8017 -1.2024
1.1115 -1.8879
-0.6725 -2.4378
-2.8674 -1.6273
1.3270 -3.7395
-3.3424 -2.9942
-0.5580 -2.5062
0.5885 -2.6546
0.3826 -2.0405
1.9239 -1.2181
-1.0188 -4.1151
-0.0908 -3.6786
-1.5277 -0.8751
0.4463 -3.3063
0.9911 -2.0092
0.4297 -4.5871
-1.3062 -3.2717
0.8932 -3.6579
-2.7437 -3.1068
0.6628 -4.0053
-1.4853 -2.2549
0.9420 -4.1999
0.9570 -3.4132
1.7234 -2.7972
1.2335 -6.1877
1.2768 -2.4974
-0.0873 -2.6471
1.2238 -3.9231
-0.8997 -4.0125
-0.0914 -5.2569
-1.1593 -2.5678
-0.2235 -3.4261
1.3374 -4.6326
0.5079 -2.9893
2.3279 -5.2001
1.7774 -4.1007
-0.8840 -2.9984
-0.4721 -2.3081
1.3867 -3.2554
-0.4282 -3.8786
0.3591 -2.3756
2.0785 -2.0459
1.1863 -1.9422
0.4487 -6.6074
-1.2262 -4.5093
0.2874 -0.2746
-0.8016 -4.4662
-1.0657 -1.0180
0.1348 -4.2914
-1.3085 -4.2560
0.0109 -3.7158
1.0885 -3.2631
2.3894 -4.3689
-0.5511 -4.2992
-0.2561 0.4945
0.7777 -3.4419
2.9452 -3.4617
-0.2632 -2.6463
-0.4186 -4.6422
0.0764 -4.6822
0.5480 -3.7119
-1.3381 -3.1754
0.6055 -4.1380
-1.7115 -3.1567
2.5882 -3.6924
1.7067 -4.1367
-0.7280 -2.4280
0.8034 -2.2489
1.4097 -2.2194
0.0308 -1.1148
1.1754 -1.5698
0.0851 -3.4057
0.1484 -3.0781
-0.1446 -1.8938
-1.5547 -5.1117
-0.9833 -4.4628
0.3115 -4.7385
0.5246 -5.2865
0.8472 -1.4808
0.4361 -4.8814
-0.1849 -3.6495
-8.5036 -7.6561
-8.8278 -4.9627
-7.8730 -4.6141
-8.2477 -6.5578
-8.3087 -5.9594
-6.8721 -7.2846
-6.8204 -5.8297
-6.0575 -6.5825
-7.0518 -6.3394
-6.5354 -4.8818
-10.7210 -5.9483
-8.6235 -7.8122
-8.6585 -5.2939
-11.2033 -9.7305
-8.3431 -4.4019
-6.4077 -6.8552
-6.9998 -8.4404
-9.4362 -7.8191
-8.3691 -7.3630
-7.7704 -7.5834
-9.3075 -7.1115
-9.2313 -7.2008
-8.4150 -5.7881
-7.3778 -7.8019
-7.3748 -5.5668
-7.8346 -7.8084
-7.2626 -7.2909
-5.5665 -5.7360
-6.8491 -3.9582
-7.7389 -3.4807
-7.7528 -6.0416
-7.3172 -4.8871
-8.0971 -5.9343
-6.9904 -4.5865
-7.2221 -5.4085
-7.4107 -7.8226
-6.3680 -7.4818
-7.7570 -7.3288
-6.4322 -6.4547
-6.5271 -7.2969
-7.2786 -6.7450
-7.2366 -6.9303
-8.5737 -7.2169
-7.6884 -3.8692
-7.7781 -5.7786
-8.4208 -6.2127
-8.2605 -5.5262
-8.2457 -7.2130
-9.5088 -6.2964
-6.4306 -8.6123
-7.1024 -6.0754
-8.0848 -7.4266
-7.6274 -8.8239
-7.9088 -8.6330
-9.7118 -6.4420
-7.6585 -5.0784
-6.4055 -6.1816
-7.2733 -8.1541
-8.1060 -5.5916
-6.4172 -7.6977
-8.9243 -6.9246
-8.7531 -6.5932
-6.2184 -5.4051
-11.0683 -5.8476
-6.5641 -7.1154
-7.1329 -6.0756
-5.9614 -5.0657
-10.5303 -5.5863
-9.2548 -6.9937
-7.0019 -7.1426
-7.3299 -4.6691
-6.7283 -8.1545
-7.9207 -6.3312
-6.7926 -7.4249
-4.9076 -6.5557
-6.9422 -7.3870
-8.3760 -5.6793
-7.8996 -6.9936
-8.6417 -6.8116
-5.4426 -6.3104
-8.2252 -5.4307
-7.9329 -6.1139
-8.0593 -7.1273
-8.6463 -7.7629
-10.2509 -4.9659
-9.8542 -4.7218
-8.0745 -7.1175
-6.6420 -6.0023
-7.1735 -6.1313
-7.7771 -6.0135
-6.7750 -6.0976
-7.1526 -5.4476
-7.0659 -5.3103
-7.7580 -7.3546
-9.4354 -7.7271
-8.0628 -7.9388
-7.1857 -6.9062
-8.1536 -9.6052
-9.1404 -6.8318
-7.1468 -4.6543
