4.7240 3.2734
3.1656 8.3433
3.2436 3.7047
-0.0628 3.0154
5.9416 4.2281
4.4764 3.8326
3.9093 3.4741
5.3068 1.9623
4.4529 2.3741
4.7269 1.4097
4.7590 -1.2744
5.7377 3.5232
1.6107 5.8592
6.6580 2.8350
2.7983 3.7847
1.7514 1.9522
3.8783 1.8311
3.8490 4.1829
4.6740 5.8026
4.8205 2.7804
3.5975 3.4547
3.1233 2.3871
4.5398 1.5713
2.9771 5.3812
2.2720 0.8421
2.3150 4.9915
4.0984 2.5722
0.9577 5.8297
5.3061 2.8738
0.8937 2.5040
-0.9833 1.3603
3.9167 3.0676
5.9626 3.2584
3.5798 4.3689
3.4625 2.1220
0.7666 5.7322
3.1859 1.7620
3.9660 0.8437
5.0336 3.5110
2.7805 1.9323
0.3945 4.0450
2.5249 3.8810
2.8990 1.7458
3.0795 1.6167
0.6112 0.8507
1.7257 1.0453
3.9622 3.8641
5.1526 1.4430
2.5352 4.5141
2.4745 1.8841
3.5581 0.8214
3.6472 3.8942
2.7313 -0.3507
0.3598 1.6642
1.8190 4.8925
4.2214 3.0376
3.4407 2.4107
3.1185 3.4609
0.2844 0.6125
3.7522 3.7982
5.1727 5.7025
5.1292 2.6343
4.5063 3.2995
-0.6154 4.9359
2.7537 5.8994
4.2908 0.4867
3.5543 1.7188
5.9576 2.0187
2.3320 0.5068
1.6600 -0.1131
6.5317 3.7823
2.2742 0.3076
2.2550 3.7776
3.8872 1.8249
6.1922 2.6374
2.3219 4.1960
3.8184 0.4604
4.4126 4.4876
1.2340 4.5373
4.1651 6.4858
3.9154 0.7436
1.5150 2.2529
5.5701 3.1381
4.3141 2.8611
3.8027 3.7751
0.1580 -1.5206
3.9404 5.1504
5.2231 1.3022
6.2645 2.6597
4.5056 2.9687
2.9856 3.6379
2.9288 4.5898
1.0130 3.9449
2.0333 2.0530
6.2658 -0.4380
2.6620 2.5826
3.3149 0.4868
3.9453 2.3543
3.4899 3.3491
1.6563 5.0700
-5.8827 -9.9702
-9.3085 -11.8459
-8.2536 -8.7918
-8.2758 -9.7231
-9.0729 -10.9128
-8.4629 -11.0927
-7.6905 -9.0652
-7.0371 -7.7146
-7.7341 -9.8984
-6.5105 -10.2999
-8.6254 -8.4461
-6.5990 -7.6879
-8.5335 -10.2821
-5.2704 -10.6945
-7.0266 -9.5760
-9.4174 -11.3030
-6.7912 -10.1199
-8.3322 -10.4724
-4.3853 -10.1331
-8.1729 -11.3187
-2.7386 -10.4903
-8.3792 -9.0148
-10.1371 -9.7089
-7.5166 -6.9797
-4.9360 -9.4658
-6.9625 -9.9582
-4.7677 -10.3942
-8.0609 -7.5921
-3.4619 -9.0024
-8.8024 -10.6922
-5.3938 -8.0529
-5.9089 -9.3368
-5.9463 -7.1067
-9.5738 -10.5140
-7.7630 -9.7019
-5.5919 -8.5466
-7.3032 -8.3759
-7.9836 -7.4830
-6.5178 -8.0922
-10.4314 -9.1163
-7.1459 -8.6773
-7.6139 -7.3223
-8.0115 -10.5603
-6.7985 -6.5386
-11.4350 -7.0264
-8.6706 -6.7543
-6.5026 -8.0481
-11.7000 -10.3367
-6.1000 -8.5352
-7.9715 -7.2213
-5.0006 -9.2877
-6.2006 -7.5130
-9.1120 -8.4745
-5.6275 -11.4640
-7.5541 -9.9224
-6.3173 -9.6900
-5.3997 -8.8673
-6.2610 -9.5637
-6.1109 -7.5467
-7.5765 -10.2618
-5.2111 -7.2650
-5.7772 -10.0006
-6.6093 -6.9729
-10.9614 -7.2138
-8.5549 -10.2693
-8.0921 -6.1390
-6.4448 -7.9936
-9.5303 -8.9356
-6.5362 -9.2029
-5.1036 -7.3685
-6.5709 -10.1805
-5.9632 -8.6990
-7.6043 -7.8153
-5.4380 -8.6826
-8.4393 -8.3740
-9.3040 -6.8042
-7.9138 -5.8275
-8.9442 -7.1283
-8.8831 -6.9285
-7.2076 -10.7135
-10.5261 -8.3022
-4.2492 -11.3195
-7.7662 -9.5663
-7.1039 -5.7767
-6.8833 -8.9298
-6.5094 -7.0276
-6.7985 -9.7485
-3.7283 -8.9202
-5.3267 -10.4243
-8.4256 -8.7880
-7.1545 -8.1820
-4.2170 -10.2757
-6.6319 -8.8379
-5.0709 -10.9085
-7.2979 -8.8465
-8.4577 -10.6582
-8.3579 -6.2290
-9.0315 -9.6229
-4.6979 -6.7605
-6.5088 -10.8293
1.9435 -11.1924
0.8418 -7.2134
2.4855 -4.6361
2.9448 -6.8296
1.9119 -4.8060
3.5329 -10.1298
-1.8204 -7.7643
3.1886 -6.9252
3.3103 -5.8923
2.2779 -5.6334
3.7403 -8.4402
1.7274 -8.5020
3.4183 -7.2401
4.6510 -9.4369
1.7825 -9.8188
3.8740 -5.7037
-0.1663 -5.6215
-1.8755 -6.6315
1.3094 -7.3162
5.2197 -9.8491
4.1550 -5.6567
1.5232 -6.2903
6.8298 -7.1083
-0.6260 -8.1166
0.5903 -9.8438
-1.8784 -9.3223
-0.3244 -6.9534
1.7214 -5.5785
2.3913 -8.2713
3.3443 -5.6806
0.3055 -10.0092
4.7443 -7.4772
3.9493 -9.9542
1.9558 -10.5682
2.3901 -5.4217
2.6807 -8.4125
1.6310 -10.1071
0.8389 -8.0962
1.6383 -6.6295
-1.4669 -6.1741
4.1647 -8.1038
3.4768 -7.3881
2.9989 -7.8622
-1.2694 -8.0924
3.9084 -8.2332
2.4174 -10.1199
1.0204 -6.8448
3.2928 -6.6943
3.5892 -8.4192
1.1439 -7.0610
-0.4517 -9.1186
3.2199 -7.7489
2.8481 -11.2428
1.3736 -8.7520
3.1953 -8.8374
2.0602 -6.8793
4.4224 -10.2425
-0.1099 -7.1469
5.0773 -6.6378
0.4134 -7.4468
0.8378 -8.3953
1.8762 -10.2751
1.3648 -8.2845
0.0003 -5.3154
0.1260 -6.1887
-1.1178 -7.0153
2.3280 -9.1246
0.1749 -10.2271
1.4824 -7.5843
1.1150 -10.0818
0.9979 -9.0734
0.9266 -12.2758
1.1149 -6.5433
0.8374 -8.9713
0.3355 -8.4510
0.4867 -7.4988
-0.1587 -7.0507
5.5793 -7.9401
5.0877 -9.2698
0.9540 -7.6473
0.7655 -6.2469
1.0896 -6.2775
2.8243 -9.7043
2.5417 -8.2158
2.4488 -8.8174
1.6292 -9.5875
2.9573 -6.2226
1.6191 -8.4474
4.4619 -4.7047
-2.9603 -8.0228
-1.1710 -6.1965
-0.1710 -7.8795
1.3010 -8.3799
1.2290 -7.7525
4.2469 -5.5289
1.1665 -6.7309
0.1167 -8.4569
2.5365 -7.7382
1.8021 -4.6124
3.2740 -4.2311
0.8751 -6.6338
-0.8150 -1.4007
-2.0408 -2.5956
0.7624 -3.8634
-0.7586 -0.7448
3.3666 -5.1605
-1.6103 -2.8896
-0.6667 -2.0745
-1.4582 -3.8864
-0.5617 -5.6167
-1.8091 -2.1040
-0.7098 -3.0616
2.5319 -2.6649
1.8704 -4.0602
0.4445 -3.1057
-1.6836 -3.0955
-0.6624 -3.7437
0.9816 -2.7918
-0.4278 -8.2791
1.2834 -2.1017
-0.4417 -3.1791
0.3429 -2.4697
-0.0691 -1.2135
1.8813 -1.7077
-0.1140 -3.8033
2.0336 -7.5352
0.0368 -6.0907
2.2929 -1.5024
1.7825 -2.8701
-1.1090 -5.6041
2.3713 -3.1825
1.0466 -1.5393
-3.4462 -3.4610
1.7979 -4.2174
-1.6180 -4.5327
0.0464 -4.4948
5.8127 -4.7346
-3.2707 -6.2239
1.1004 -4.0924
-0.9147 -4.7967
3.6274 -1.9463
-0.5081 -4.5717
-0.6421 -1.9039
-0.9747 -6.2824
-0.4621 -3.9218
-1.9887 -3.8209
-0.4783 -5.5606
-0.8628 -2.3833
0.4840 -3.4725
-2.6469 -3.6939
0.3338 -2.0469
-0.0356 -2.0725
2.7463 -4.8303
-0.6691 -2.5143
-2.2626 -5.2258
0.1332 -4.6236
-1.9911 -3.9014
2.6622 -2.4521
-1.5772 -6.6831
0.6088 -4.5244
1.1907 -0.5539
4.0224 -4.3286
-1.8361 -2.6440
2.3642 -2.5486
2.7816 -4.2792
0.0916 -1.3821
1.8970 -5.1313
0.5997 -4.1142
1.9536 -3.8675
1.6077 -5.0880
-0.1590 -6.2289
0.0347 -3.1972
-1.0293 -2.8111
2.4200 -1.9397
2.3252 -2.1668
-2.0111 -4.7547
-0.7446 -4.2081
0.2670 -3.6512
-0.9265 -2.5022
0.9496 -2.5685
-0.1512 -5.3373
0.0445 -5.2753
0.4020 -5.5518
-0.4939 -7.2002
0.8876 -2.3829
-0.4042 -2.6258
-2.3562 -2.5619
-0.8480 -2.1638
-0.3261 -3.4224
1.9138 -4.3709
3.7048 -4.6875
1.1263 -3.6951
3.3035 -4.2927
0.1456 -2.9813
-0.1911 -3.3737
0.5420 -4.3470
-1.3704 -5.5239
1.1236 -4.1328
0.7525 -4.3425
0.8071 -0.4139
-8.3056 -5.1940
-9.2422 -7.1421
-8.1708 -7.0984
-3.6312 -6.1909
-11.4558 -5.8371
-8.3138 -6.7305
-3.7969 -7.5190
-6.9416 -9.7994
-8.2785 -7.5673
-10.1321 -5.9528
-10.2079 -8.0831
-3.6198 -6.7058
-6.5742 -8.1232
-6.9720 -6.5520
-7.7376 -5.3746
-8.2234 -6.3994
-10.7960 -8.2353
-7.1921 -5.5528
-7.9434 -9.0833
-5.2390 -4.7256
-8.0952 -5.5656
-9.7220 -5.5824
-8.4227 -7.1107
-9.8660 -7.7334
-7.9131 -5.7151
-6.4297 -5.3876
-10.4618 -5.3948
-8.8160 -5.5422
-9.0720 -6.5127
-7.9729 -3.8799
-9.8445 -5.0219
-7.3716 -8.3747
-8.5801 -6.2214
-9.1438 -8.4879
-8.6544 -7.7350
-5.5926 -5.1043
-7.5675 -5.9242
-6.0691 -4.6286
-7.2527 -5.8021
-6.3635 -9.1286
-7.9733 -8.2236
-6.6143 -6.0720
-6.6171 -7.4946
-9.5165 -6.1949
-4.1631 -6.1952
-6.3510 -5.9386
-12.2526 -6.7650
-8.2233 -4.3965
-9.1551 -5.6611
-5.8638 -5.5470
-8.1422 -6.8698
-10.0231 -5.7088
-5.9423 -9.9629
-8.9553 -6.6975
-6.1890 -7.6544
-4.7788 -5.1575
-8.1438 -7.0327
-6.1938 -6.3479
-10.2662 -6.0029
-11.6794 -4.0474
-9.3308 -7.2615
-8.6010 -5.8903
-8.2666 -9.7051
-7.8893 -5.5006
-8.2448 -6.2477
-11.0044 -8.4124
-9.6677 -4.8475
-7.8192 -7.5581
-7.7930 -7.8750
-9.0673 -7.1578
-7.7625 -8.3240
-7.5318 -7.3618
-5.7674 -10.7479
-8.0696 -9.1250
-5.3770 -7.6676
-7.1659 -4.9222
-6.1003 -9.0031
-4.2191 -5.5009
-8.0867 -5.6866
-10.6241 -2.1484
-8.3812 -9.3925
-8.2924 -7.4600
-7.4152 -7.0270
-6.0896 -5.3933
-7.2633 -6.5734
-9.4261 -9.0679
-9.1782 -5.1065
-8.6539 -3.8409
-6.5863 -9.2460
-7.1709 -7.5095
-9.7270 -6.5632
-5.8358 -5.5962
-8.4454 -8.6555
-10.1547 -3.9130
-6.1252 -4.5193
-9.8411 -11.7264
-6.9079 -3.6734
-6.9271 -7.1988
-8.0599 -5.6556
-6.9505 -3.6777
