610.291 0.549812187 0
638.018 0.411785251 0
624.11 0.562727317 0
645.884 0.498615976 0
620.134 0.333679658 0
634.927 0.52040066 0
670.033 0.489477894 0
629.727 0.513759558 0
635.681 0.51408086 0
631.934 0.553642225 0
640.765 0.504102365 0
638.558 0.446621924 0
640.594 0.507365875 0
642.626 0.529514251 0
641.105 0.469924157 0
636.888 0.482352224 0
644.454 0.517871223 0
639.782 0.510946829 0
638.666 0.469883494 0
635.011 0.52758671 0
636.401 0.56099452 0
638.857 0.475535642 0
674.103 0.52126839 0
656.711 0.645190802 0
657.431 0.690678219 0
646.721 0.402841974 0
656.305 0.496263281 0
641.826 0.546072628 0
650.954 0.558465259 0
642.092 0.589564969 0
649.681 0.458286561 0
662.532 0.57785815 0
656.404 0.596968354 0
640.718 0.494138341 0
639.974 0.451705439 0
640.338 0.436968432 0
654.535 0.421302377 0
653.676 0.43420694 0
654.237 0.642831065 0
645.085 0.5857513 0
652.651 0.48544352 0
642.082 0.48097147 0
669.313 0.680580172 0
663.582 0.583080944 0
648.566 0.564236127 0
654.893 0.504381753 0
658.216 0.547784367 0
653.595 0.560975566 0
665.493 0.54428951 0
644.051 0.539747143 0
654.808 0.536918908 0
652.419 0.559941518 0
646.556 0.503143726 0
649.59 0.489149967 0
653.602 0.541530905 0
657.166 0.539174328 0
675.385 0.542701939 0
643.009 0.511456521 0
653.76 0.518261408 0
653.85 0.578509868 0
649.012 0.534673644 0
651.651 0.532696427 0
655.131 0.527019605 0
663.914 0.574579254 0
657.571 0.592813998 0
649.583 0.566603091 0
664.789 0.483095172 0
657.009 0.658024288 0
653.049 0.568317852 0
654.454 0.555543833 0
660.043 0.43959156 0
656.679 0.416528466 0
660.614 0.540717403 0
649.807 0.505764488 0
651.03 0.566415511 0
654.824 0.542744878 0
653.729 0.502601593 0
658.101 0.522071263 0
669.19 0.478674896 0
664.105 0.616038378 0
655.512 0.506352834 0
659.728 0.582547095 0
671.612 0.486132629 0
656.646 0.560364527 0
668.197 0.516407505 0
668.231 0.296720861 0
688.26 0.574447868 0
676.797 0.553546741 0
669.769 0.539249994 0
665.85 0.556677424 0
652.684 0.542223823 0
655.703 0.549663318 0
663.071 0.476689675 0
655.511 0.547087283 0
667.966 0.51908899 0
659.456 0.650391531 0
652.214 0.510582618 0
663.915 0.448903019 0
653.809 0.588365282 0
648.385 0.522480157 0
653.801 0.520175444 0
680.621 0.637220052 0
654.338 0.516138043 0
664.658 0.621001572 0
660.788 0.303273094 0
660.068 0.607696024 0
658.962 0.442693503 0
704.493 0.6384619 0
670.587 0.588756561 0
668.601 0.543808892 0
674.433 0.530484185 0
653.776 0.535842011 0
679.262 0.486151306 0
659.103 0.616255393 0
661.508 0.54667768 0
659.434 0.515908654 0
664.701 0.498328415 0
654.804 0.46793088 0
659.036 0.530804973 0
665.61 0.575596241 0
658.605 0.587351259 0
666.841 0.473606709 0
657.349 0.538686621 0
656.077 0.529237524 0
664.412 0.550708725 0
655.414 0.460233577 0
659.987 0.53274976 0
657.523 0.569797937 0
657.067 0.452185632 0
658.284 0.563582376 0
662.418 0.518987648 0
653.512 0.353836994 0
669.259 0.566352488 0
666.339 0.529912303 0
657.754 0.492559596 0
658.848 0.518178984 0
690.171 0.369995763 0
670.224 0.505431801 0
659.408 0.421848171 0
669.076 0.52966059 0
663.03 0.52757456 0
664.363 0.597950376 0
671.696 0.593081148 0
655.729 0.480682529 0
665.826 0.440779117 0
669.341 0.582426873 0
656.339 0.466327555 0
661.029 0.497013692 0
670.945 0.540110507 0
669.571 0.477854006 0
664.46 0.618486935 0
683.315 0.528093987 0
662.898 0.471666862 0
668.421 0.587584681 0
666.966 0.559059342 0
666.214 0.50961126 0
667.313 0.589522187 0
668.564 0.619435383 0
690.353 0.646827292 0
667.497 0.604309903 0
666.389 0.482473841 0
672.812 0.602708675 0
669.092 0.442251584 0
663.743 0.490774479 0
659.963 0.563915151 0
670.16 0.587801025 0
666.067 0.539222369 0
677.272 0.546225424 0
671.582 0.595136326 0
662.146 0.449779934 0
668.346 0.576827653 0
680.595 0.54635901 0
667.289 0.563704561 0
673.914 0.459431581 0
666.585 0.620151121 0
668.091 0.503674085 0
674.271 0.583377426 0
662.129 0.528982779 0
677.064 0.50998793 0
661.403 0.496101592 0
668.737 0.543480298 0
661.138 0.531362195 0
677.527 0.597632979 0
671.994 0.485315785 0
666.439 0.59086546 0
684.324 0.563116981 0
672.539 0.543637825 0
668.704 0.492450072 0
676.402 0.537585123 0
689.626 0.558556303 0
671.507 0.569343533 0
671.844 0.442708884 0
669.531 0.540470046 0
677.311 0.573880789 0
665.686 0.553693873 0
667.785 0.558475195 0
674.863 0.636587835 0
680.24 0.682950707 0
669.762 0.568936466 0
665.156 0.577389526 0
678.85 0.556345118 0
684.481 0.582555932 0
667.199 0.598680683 0
687.797 0.488214125 0
678.034 0.581027879 0
680.503 0.585767825 0
688.178 0.553194986 0
675.683 0.543876991 0
684.507 0.600643034 0
682.912 0.496926671 0
675.775 0.691799925 0
666.834 0.558005411 0
672.3 0.505847536 0
677.676 0.65389796 0
687.567 0.590790465 0
674.657 0.588213024 0
678.24 0.618394789 0
668.332 0.559399185 0
667.908 0.491904913 0
673.987 0.575058574 0
689.551 0.357077019 0
670.896 0.604081588 0
669.456 0.51929162 0
670.069 0.587736043 0
673.252 0.568123459 0
685.556 0.510948533 0
683.382 0.609433752 0
675.213 0.53003497 0
667.845 0.570382778 0
670.997 0.581381107 0
670.02 0.544213158 0
667.638 0.51661761 0
677.314 0.59664803 0
681.015 0.497802899 0
674.874 0.604623587 0
668.424 0.506938033 0
669.575 0.56228427 0
690.412 0.58488132 0
676.387 0.556315398 0
670.391 0.515531503 0
671.193 0.532598937 0
670.564 0.52832113 0
672.202 0.593731888 0
669.267 0.423653581 0
675.599 0.456997571 0
686.779 0.559360961 0
687.872 0.543202669 0
669.475 0.568579226 0
683.109 0.552573788 0
671.947 0.523256094 0
677.726 0.528779858 0
677.348 0.551033739 0
692.19 0.523150809 0
693.537 0.616478558 0
671.293 0.610371182 0
671.796 0.505001894 0
675.857 0.563576479 0
670.201 0.461004955 0
686.633 0.606033555 0
674.295 0.548003376 0
680.0 0.476359223 0
671.541 0.484834723 0
679.271 0.533427616 0
689.973 0.603127827 0
675.467 0.458682478 0
680.065 0.588969591 0
672.664 0.566372342 0
677.7 0.483847619 0
677.462 0.593855566 0
670.061 0.567317077 0
676.03 0.544911378 0
816.638 0.711032482 0
687.791 0.539998207 0
682.571 0.561130429 0
675.172 0.591031959 0
672.491 0.553487963 0
681.462 0.611597287 0
673.319 0.618310695 0
750.395 0.65095951 0
673.194 0.590300279 0
675.203 0.570665001 0
679.687 0.6081324 0
670.696 0.556608864 0
675.649 0.558273939 0
676.65 0.480231413 0
679.396 0.523551942 0
671.731 0.535143216 0
701.948 0.442171641 0
674.509 0.523707997 0
692.225 0.57758939 0
677.561 0.58409876 0
687.873 0.528664177 0
685.515 0.509351984 0
693.747 0.673214081 0
678.15 0.607471966 0
688.22 0.481167454 0
685.847 0.560004226 0
687.922 0.560170279 0
688.658 0.54647266 0
680.346 0.579438588 0
679.818 0.552902155 0
685.227 0.567667673 0
669.663 0.51366751 0
678.016 0.622654309 0
684.17 0.580728621 0
668.885 0.484341376 0
681.083 0.657307236 0
682.373 0.620222204 0
673.468 0.5340936 0
676.072 0.563523226 0
706.545 0.490196672 0
680.437 0.592053019 0
678.529 0.55346987 0
674.683 0.603884463 0
674.287 0.542251338 0
676.073 0.571122486 0
683.282 0.627256068 0
682.573 0.581144872 0
687.045 0.461251975 0
677.828 0.580285549 0
682.696 0.551758353 0
682.862 0.527819837 0
676.858 0.611387126 0
681.373 0.442655743 0
677.949 0.437377572 0
676.973 0.555762068 0
685.599 0.609759171 0
679.016 0.588567005 0
686.408 0.57443147 0
691.229 0.560326339 0
682.911 0.605454602 0
682.903 0.557333834 0
682.682 0.574726302 0
677.215 0.512439523 0
680.836 0.491900241 0
677.909 0.509343946 0
694.82 0.571313449 0
684.112 0.541413474 0
687.741 0.57771681 0
681.226 0.599673407 0
683.341 0.408708385 0
681.424 0.593018666 0
687.757 0.604501323 0
679.656 0.584298532 0
681.514 0.533781707 0
678.413 0.566127097 0
684.211 0.635991732 0
704.701 0.5037461 0
675.129 0.496289109 0
680.978 0.596285403 0
681.365 0.562742866 0
685.657 0.494281412 0
678.412 0.556669634 0
677.413 0.570023834 0
698.883 0.591408965 0
681.165 0.503925709 0
680.993 0.58295327 0
677.189 0.580091585 0
683.515 0.478650982 0
687.235 0.627710839 0
679.09 0.601326085 0
688.485 0.499284173 0
682.142 0.612446177 0
676.975 0.479596812 0
702.0 0.412821343 0
678.829 0.55232461 0
676.181 0.530677806 0
684.316 0.529583495 0
690.791 0.667151862 0
683.35 0.542904715 0
697.407 0.601877373 0
682.802 0.48012413 0
687.923 0.570885488 0
694.499 0.655380254 0
688.378 0.621199848 0
694.737 0.658756145 0
689.304 0.61857737 0
686.971 0.516140833 0
678.391 0.562493166 0
692.536 0.54588345 0
685.864 0.569814436 0
683.548 0.554465019 0
679.754 0.580212296 0
680.437 0.477974624 0
690.775 0.626218826 0
689.725 0.57701846 0
686.068 0.52141391 0
699.955 0.586208483 0
678.241 0.592875311 0
699.055 0.575087465 0
691.225 0.599717186 0
680.082 0.505761316 0
694.117 0.581843363 0
689.386 0.551491834 0
684.558 0.57261619 0
677.734 0.51162219 0
683.565 0.622699879 0
685.105 0.582840661 0
685.93 0.619223515 0
684.673 0.565741088 0
698.169 0.630575224 0
700.162 0.679996702 0
684.121 0.570342979 0
684.029 0.57154092 0
684.449 0.59087126 0
682.303 0.605794808 0
690.56 0.581249747 0
674.477 0.383946726 0
693.316 0.654231454 0
685.863 0.363352382 0
688.213 0.612516338 0
685.127 0.549256353 0
695.242 0.681746498 0
684.955 0.472880198 0
683.756 0.578769272 0
681.549 0.539202072 0
691.654 0.564955654 0
687.914 0.588537037 0
689.511 0.567138918 0
684.103 0.622995054 0
679.664 0.530660587 0
683.888 0.493274838 0
678.636 0.515664436 0
681.39 0.518495342 0
684.086 0.534186405 0
686.097 0.57814546 0
684.781 0.589478311 0
685.086 0.594780918 0
684.665 0.500412098 0
688.727 0.627604469 0
710.093 0.690581428 0
683.377 0.627612745 0
693.613 0.701078793 0
684.169 0.518444527 0
704.8 0.366211229 0
685.989 0.541536583 0
685.086 0.560593502 0
702.354 0.660916598 0
687.586 0.633574163 0
686.723 0.561090618 0
691.429 0.355277139 0
693.059 0.490247284 0
692.489 0.68640029 0
683.433 0.606653382 0
688.635 0.590688337 0
741.973 0.591746982 0
681.481 0.566931813 0
691.115 0.539520807 0
692.057 0.575520609 0
702.685 0.585463053 0
693.745 0.629615417 0
683.764 0.544941364 0
689.809 0.576921209 0
690.636 0.566779968 0
681.59 0.571104629 0
698.492 0.66305439 0
712.899 0.662003937 0
690.918 0.57157185 0
708.201 0.548130717 0
723.077 0.418317348 0
688.089 0.465143113 0
683.177 0.487901589 0
682.617 0.428351147 0
690.354 0.616335363 0
711.044 0.547953699 0
703.387 0.604915692 0
693.003 0.566856441 0
690.759 0.368884043 0
710.044 0.613488463 0
694.2 0.668890084 0
679.696 0.550652643 0
691.479 0.516696654 0
687.239 0.58877486 0
683.782 0.590447292 0
684.301 0.586187457 0
693.373 0.442693642 0
685.632 0.585478977 0
685.681 0.568867373 0
690.479 0.56356268 0
714.592 0.547362212 0
701.396 0.573836068 0
684.492 0.584500192 0
698.598 0.49325106 0
681.763 0.571243464 0
690.403 0.343278441 0
701.08 0.517368211 0
684.137 0.604745261 0
724.509 0.619886114 0
689.943 0.648152282 0
693.838 0.627396254 0
713.642 0.502876019 0
689.155 0.59722056 0
690.58 0.644077851 0
692.777 0.545538777 0
685.99 0.577107476 0
683.845 0.551123927 0
697.705 0.620086378 0
682.374 0.493377288 0
686.851 0.427131464 0
685.038 0.541292841 0
690.321 0.585675315 0
689.67 0.563590725 0
689.957 0.63080564 0
689.513 0.588253756 0
681.994 0.52970465 0
689.842 0.502990213 0
691.958 0.558085276 0
696.862 0.5652917 0
687.46 0.580109096 0
692.256 0.580017939 0
696.301 0.609673317 0
689.312 0.565593065 0
703.908 0.472667792 0
687.95 0.589389131 0
694.029 0.611052403 0
695.283 0.586887217 0
695.433 0.587875921 0
692.125 0.597171097 0
690.992 0.512590135 0
690.09 0.526501064 0
689.428 0.484557236 0
698.972 0.218951263 0
691.304 0.51402542 0
692.007 0.518041342 0
691.877 0.572477778 0
697.29 0.618906929 0
687.345 0.494796802 0
710.343 0.578156383 0
694.092 0.586251845 0
691.653 0.491005896 0
698.178 0.649123224 0
691.737 0.608159195 0
694.803 0.631631612 0
691.529 0.599969341 0
687.61 0.475249469 0
705.861 0.655064694 0
698.326 0.598891637 0
698.499 0.585559966 0
688.123 0.543696217 0
691.778 0.606557 0
693.853 0.594697654 0
692.969 0.647098284 0
700.229 0.643920762 0
688.123 0.375186433 0
697.658 0.510797067 0
688.188 0.547081714 0
686.542 0.489718272 0
728.404 0.624542523 0
697.963 0.59366727 0
689.743 0.458961391 0
698.145 0.529582828 0
690.331 0.57878445 0
687.082 0.543723239 0
719.886 0.515724098 0
698.444 0.641595803 0
697.665 0.621237321 0
701.528 0.623010231 0
692.349 0.540724566 0
696.714 0.53234096 0
695.806 0.649537421 0
690.192 0.560417534 0
708.732 0.575161681 0
692.928 0.567527829 0
701.775 0.617059141 0
699.477 0.62009085 0
691.274 0.622795716 0
686.751 0.481680904 0
687.353 0.556171154 0
699.632 0.624758647 0
699.998 0.544210316 0
692.839 0.609479999 0
691.769 0.605882494 0
689.547 0.54236575 0
692.49 0.582725416 0
693.645 0.576250607 0
689.544 0.562599964 0
691.017 0.533345317 0
699.211 0.582380673 0
693.273 0.578326174 0
704.322 0.567406158 0
690.538 0.545937634 0
698.915 0.651073996 0
692.977 0.624503643 0
692.414 0.549445112 0
694.705 0.573457092 0
696.855 0.555014617 0
697.864 0.654466701 0
697.906 0.611772236 0
695.299 0.57424728 0
702.412 0.631895354 0
690.768 0.450449738 0
700.833 0.544155416 0
706.713 0.65059687 0
697.608 0.612570951 0
695.361 0.588904432 0
696.83 0.596473597 0
708.623 0.593560146 0
697.491 0.529812869 0
696.21 0.622842561 0
693.68 0.635143414 0
694.805 0.588249946 0
692.588 0.572339727 0
692.719 0.601209562 0
697.756 0.412639862 0
708.896 0.614171532 0
693.771 0.492059713 0
697.873 0.59725651 0
697.963 0.512813722 0
694.774 0.620271881 0
696.689 0.630024792 0
691.802 0.595477935 0
698.113 0.619648047 0
700.842 0.619350705 0
690.695 0.530600992 0
710.832 0.626170383 0
710.523 0.649501559 0
692.49 0.529329606 0
735.079 0.60064676 0
704.024 0.619931442 0
720.184 0.522986632 0
699.179 0.498561992 0
704.984 0.539459114 0
693.447 0.594378025 0
706.388 0.554118968 0
691.978 0.577018274 0
694.497 0.56926133 0
694.219 0.648507236 0
702.71 0.554751318 0
699.991 0.649233451 0
696.823 0.595028909 0
707.772 0.668552642 0
694.797 0.626799537 0
710.014 0.664885964 0
692.541 0.536990234 0
693.745 0.48870646 0
692.052 0.5145771 0
704.496 0.571977701 0
706.995 0.621233664 0
700.253 0.598708345 0
738.964 0.603697651 0
698.872 0.512017418 0
700.485 0.488869547 0
701.519 0.608774618 0
698.087 0.585694708 0
697.179 0.620790529 0
713.798 0.666262538 0
698.145 0.579082314 0
695.977 0.609245374 0
705.116 0.474331137 0
703.557 0.643527199 0
693.806 0.61940354 0
693.036 0.562839014 0
700.187 0.481489818 0
714.729 0.650498099 0
711.888 0.42984628 0
699.032 0.659592776 0
698.873 0.562882138 0
694.501 0.571788927 0
701.999 0.543431306 0
695.359 0.573908559 0
702.527 0.586544285 0
701.625 0.560917069 0
699.848 0.543307108 0
703.246 0.580916419 0
701.883 0.53237349 0
721.309 0.496131615 0
714.562 0.729783588 0
700.139 0.629707813 0
702.379 0.626919901 0
700.27 0.552200573 0
707.703 0.478060848 0
699.759 0.531625954 0
696.723 0.599989949 0
704.489 0.56172289 0
697.345 0.575858932 0
704.994 0.548676341 0
695.317 0.546266826 0
710.889 0.664458168 0
699.619 0.607316084 0
698.989 0.547941889 0
711.096 0.634457456 0
703.374 0.572118387 0
698.296 0.574024846 0
706.241 0.520346322 0
698.809 0.614763614 0
699.387 0.602795515 0
713.238 0.569258053 0
703.264 0.414014566 0
705.803 0.601184833 0
693.294 0.551593868 0
699.808 0.600669542 0
701.925 0.585896659 0
701.454 0.618284045 0
695.177 0.586649371 0
700.778 0.625246025 0
712.467 0.647544862 0
704.306 0.588422473 0
706.094 0.471909209 0
708.078 0.60024259 0
703.354 0.529271137 0
701.891 0.552300446 0
711.089 0.509768874 0
703.892 0.612873695 0
702.511 0.572541091 0
697.113 0.603349848 0
736.706 0.516162105 0
712.47 0.666855337 0
704.505 0.616205658 0
703.04 0.589368801 0
698.245 0.581720184 0
700.716 0.414194161 0
696.136 0.536829925 0
744.128 0.631490749 0
703.354 0.644683323 0
699.339 0.556510308 0
695.582 0.541905124 0
703.337 0.634944322 0
693.787 0.450333704 0
704.416 0.654620894 0
712.345 0.472692121 0
698.99 0.582965947 0
707.574 0.57636108 0
703.836 0.625682454 0
715.569 0.61316085 0
710.5 0.535624687 0
702.993 0.617974083 0
709.359 0.655651111 0
701.429 0.613051849 0
717.777 0.642897372 0
706.226 0.530494959 0
699.287 0.51868862 0
715.114 0.65309466 0
722.21 0.650311244 0
698.336 0.51011981 0
704.943 0.517338219 0
712.802 0.574881622 0
700.671 0.604880942 0
716.007 0.637708265 0
702.271 0.570908765 0
713.544 0.597345174 0
713.014 0.584633117 0
712.632 0.558257544 0
699.758 0.491323796 0
704.225 0.572687945 0
703.902 0.567708925 0
702.47 0.566864078 0
703.919 0.602322861 0
697.327 0.556850132 0
713.618 0.648804313 0
708.716 0.622834724 0
712.99 0.660492197 0
707.053 0.577126083 0
699.809 0.630340008 0
703.214 0.606585095 0
707.045 0.546118321 0
713.155 0.348447064 0
710.507 0.434901413 0
699.816 0.565400888 0
732.54 0.694684073 0
701.991 0.480593155 0
701.737 0.576753438 0
697.748 0.459611724 0
703.265 0.554496067 0
700.065 0.568161577 0
699.222 0.548288928 0
713.931 0.667639428 0
709.268 0.648687082 0
699.361 0.534780403 0
703.416 0.603818654 0
701.371 0.586468741 0
703.86 0.651634264 0
723.824 0.605350813 0
706.226 0.606974188 0
727.603 0.61114104 0
725.626 0.542501069 0
715.481 0.669439826 0
713.114 0.539133208 0
702.523 0.561721907 0
707.111 0.601109918 0
716.827 0.599589518 0
713.907 0.597105708 0
723.178 0.578995336 0
710.956 0.634150864 0
702.407 0.577604191 0
701.644 0.541259132 0
704.695 0.498658155 0
707.292 0.613684557 0
715.166 0.623455934 0
805.266 0.468318247 0
716.472 0.603715212 0
737.757 0.454192353 0
725.104 0.630149576 0
707.285 0.622499041 0
704.491 0.63360703 0
711.327 0.519280231 0
722.078 0.633359224 0
699.123 0.521396178 0
716.011 0.694878303 0
707.806 0.62120364 0
704.92 0.496587741 0
710.41 0.603707872 0
704.918 0.522327068 0
717.612 0.610246874 0
762.943 0.670100002 0
700.346 0.543057876 0
715.089 0.537785626 0
705.654 0.493619473 0
707.153 0.608577894 0
701.909 0.572062194 0
723.21 0.607556381 0
707.456 0.457395792 0
712.28 0.665651159 0
719.145 0.633979598 0
721.729 0.598568249 0
713.378 0.353483116 0
732.35 0.645860986 0
706.192 0.62801865 0
703.597 0.622320642 0
706.381 0.636016747 0
703.614 0.570186581 0
719.457 0.568113196 0
701.769 0.530045317 0
705.63 0.493349441 0
710.146 0.555377603 0
713.032 0.564232773 0
715.604 0.613549832 0
709.411 0.651868773 0
709.963 0.596261316 0
715.843 0.593262827 0
701.048 0.547491889 0
709.54 0.529437524 0
703.058 0.541013495 0
709.687 0.494534281 0
705.456 0.595771529 0
710.319 0.612933935 0
704.621 0.560812838 0
706.425 0.561042606 0
716.131 0.626678306 0
709.287 0.604092613 0
725.536 0.709912205 0
708.533 0.581762275 0
709.442 0.571809209 0
704.69 0.582102717 0
710.914 0.64809527 0
702.785 0.498815772 0
718.19 0.504167967 0
718.737 0.599904331 0
719.605 0.622261488 0
705.936 0.584855824 0
705.689 0.551645466 0
715.527 0.649588466 0
720.955 0.532951098 0
706.076 0.582878528 0
784.252 0.674853084 0
709.443 0.623572095 0
703.703 0.580910373 0
704.969 0.558518217 0
718.102 0.607680619 0
721.068 0.390639625 0
709.22 0.571728705 0
711.412 0.593467347 0
706.251 0.576781921 0
705.779 0.462853547 0
710.385 0.532251517 0
714.965 0.344601032 0
734.036 0.62790875 0
708.856 0.620970988 0
711.559 0.656515436 0
707.978 0.567804979 0
728.181 0.55615264 0
797.002 0.624752309 0
714.189 0.615463461 0
711.884 0.604965381 0
711.112 0.616190013 0
710.718 0.586336991 0
716.158 0.566830213 0
719.241 0.631961358 0
723.764 0.653031505 0
717.555 0.653783119 0
704.398 0.545653281 0
714.519 0.502865237 0
714.493 0.456912575 0
702.846 0.570438109 0
709.931 0.638926226 0
741.248 0.60787586 0
715.718 0.417127089 0
707.74 0.574994225 0
728.126 0.562458249 0
716.173 0.570146538 0
709.625 0.438531348 0
715.273 0.650741166 0
725.607 0.693102712 0
708.534 0.583811778 0
716.517 0.645975595 0
712.975 0.590895708 0
710.915 0.605160025 0
712.049 0.631370412 0
706.341 0.540224486 0
724.328 0.535074838 0
715.538 0.64902573 0
720.599 0.622924354 0
710.756 0.467674089 0
718.184 0.596473563 0
723.426 0.473358895 0
705.316 0.582400056 0
713.967 0.616602981 0
721.004 0.599482579 0
711.562 0.575400165 0
741.296 0.665571727 0
710.617 0.605263796 0
706.244 0.444051364 0
713.214 0.565361317 0
718.151 0.594093726 0
705.036 0.525066023 0
714.602 0.628689445 0
708.716 0.623456761 0
711.163 0.54913918 0
716.994 0.643890329 0
711.247 0.56745315 0
727.147 0.521572075 0
714.422 0.61756174 0
704.737 0.573029088 0
709.626 0.587725199 0
717.447 0.569034746 0
716.198 0.60692651 0
711.692 0.53785718 0
718.64 0.544715524 0
721.177 0.642826979 0
715.694 0.610501055 0
716.355 0.625033544 0
721.457 0.595874322 0
707.093 0.573973077 0
711.716 0.570023786 0
722.477 0.620734026 0
717.913 0.644175028 0
730.463 0.602001716 0
724.18 0.650665703 0
721.732 0.604305159 0
710.511 0.602509891 0
724.363 0.637323375 0
713.685 0.601232724 0
715.528 0.636386041 0
711.171 0.556674833 0
721.773 0.667830795 0
708.154 0.583427453 0
710.022 0.54267393 0
709.386 0.569990784 0
719.237 0.684924 0
716.903 0.62312343 0
714.487 0.523587072 0
727.362 0.65460379 0
711.966 0.613168684 0
727.944 0.615751253 0
719.796 0.624319019 0
717.084 0.683480972 0
716.01 0.545165605 0
710.41 0.580246907 0
711.477 0.562498761 0
718.332 0.542826007 0
726.873 0.521141611 0
708.832 0.600559701 0
728.258 0.646866882 0
720.474 0.642950947 0
716.92 0.547575566 0
717.454 0.626384561 0
715.093 0.58707518 0
708.524 0.53602992 0
781.143 0.521790248 0
715.812 0.525886976 0
712.513 0.59453102 0
718.24 0.528988202 0
718.457 0.669094522 0
716.507 0.604488421 0
717.63 0.569481826 0
716.184 0.663616833 0
713.852 0.55311632 0
713.031 0.503180783 0
720.442 0.441460449 0
719.366 0.619837458 0
709.353 0.525813172 0
711.172 0.589773086 0
707.518 0.51884771 0
712.794 0.611426995 0
717.134 0.594065323 0
711.179 0.553760201 0
724.031 0.607943362 0
717.191 0.585612007 0
715.415 0.619859357 0
727.356 0.595066003 0
781.022 0.631004078 0
719.5 0.580975979 0
708.873 0.570602996 0
716.009 0.633054816 0
719.97 0.637314046 0
717.854 0.587831913 0
730.036 0.582688119 0
727.736 0.557975945 0
715.945 0.638518834 0
714.999 0.594668087 0
717.398 0.649069574 0
725.817 0.560502926 0
711.642 0.519617058 0
714.166 0.568074989 0
714.589 0.609826688 0
714.71 0.640773069 0
713.315 0.633473145 0
711.099 0.595278786 0
716.674 0.623052664 0
721.127 0.542405857 0
727.678 0.532774098 0
725.519 0.656127293 0
731.796 0.684570572 0
719.195 0.667947455 0
709.775 0.543720977 0
721.153 0.633806441 0
713.669 0.578771232 0
709.658 0.523100287 0
738.413 0.60040987 0
717.099 0.471773403 0
723.947 0.604233668 0
713.397 0.61384917 0
709.517 0.546784053 0
721.759 0.65397828 0
715.918 0.576233748 0
726.769 0.702064655 0
715.421 0.650327017 0
713.933 0.524188675 0
715.008 0.577157278 0
723.526 0.638573971 0
714.215 0.535511524 0
742.362 0.665077521 0
729.415 0.627904183 0
720.452 0.674780175 0
725.636 0.660207645 0
720.153 0.651966573 0
750.197 0.725140361 0
727.629 0.560267949 0
727.618 0.616164985 0
723.891 0.66814734 0
732.803 0.540399095 0
729.001 0.602086304 0
724.304 0.619352037 0
714.895 0.539383669 0
747.5 0.593097876 0
719.707 0.609898304 0
724.501 0.551797299 0
714.221 0.503735267 0
722.8 0.67475251 0
729.453 0.447731762 0
721.525 0.599740764 0
732.772 0.68237789 0
716.234 0.600867689 0
714.687 0.590944123 0
724.816 0.634256898 0
728.934 0.576115778 0
717.522 0.605140045 0
717.481 0.570815106 0
748.882 0.660575497 0
718.796 0.669518295 0
715.247 0.610246541 0
711.634 0.569844594 0
714.124 0.55688266 0
720.487 0.608847609 0
755.532 0.434426403 0
726.064 0.645263488 0
717.903 0.523083051 0
726.844 0.601622381 0
725.307 0.657980049 0
724.726 0.626858874 0
747.706 0.639784989 0
735.692 0.675749709 0
717.993 0.637591243 0
726.205 0.578321866 0
720.25 0.385581744 0
741.696 0.543828008 0
720.349 0.562754758 0
725.338 0.529621399 0
725.692 0.524841556 0
737.717 0.678893828 0
721.708 0.654902796 0
714.776 0.472120399 0
721.543 0.581539233 0
718.837 0.549207826 0
723.825 0.626855513 0
726.291 0.651705203 0
719.251 0.544529434 0
721.252 0.508198334 0
717.629 0.44029196 0
715.191 0.549464074 0
720.724 0.588543648 0
733.765 0.639993953 0
723.79 0.592226516 0
723.609 0.590400429 0
719.764 0.544391949 0
717.433 0.602149694 0
715.39 0.597600952 0
716.495 0.602135881 0
715.564 0.569590313 0
722.087 0.587465266 0
721.502 0.486462717 0
715.976 0.471764514 0
742.795 0.594757999 0
718.722 0.61875882 0
720.914 0.574711867 0
720.946 0.62173201 0
719.045 0.6173353 0
739.568 0.641826562 0
727.917 0.583313174 0
727.157 0.635875035 0
727.669 0.378878349 0
721.292 0.604068046 0
737.943 0.697181695 0
719.823 0.565883667 0
722.344 0.608599179 0
736.601 0.61662392 0
724.386 0.597341342 0
719.525 0.493963974 0
719.021 0.605725069 0
734.078 0.567151763 0
727.139 0.600904734 0
719.325 0.493190378 0
732.976 0.553704255 0
720.171 0.556556713 0
723.396 0.650619884 0
731.546 0.579379679 0
724.609 0.62908565 0
732.632 0.625147217 0
721.45 0.573523607 0
729.422 0.54152791 0
721.856 0.553357813 0
714.231 0.466679744 0
743.961 0.639479058 0
730.829 0.645570856 0
716.133 0.461272663 0
723.237 0.564083939 0
737.776 0.606157516 0
721.559 0.594612535 0
737.056 0.608764428 0
730.921 0.602584604 0
731.068 0.528488905 0
725.181 0.559019163 0
739.057 0.582720772 0
718.307 0.553430279 0
739.181 0.561485849 0
729.801 0.615227815 0
718.723 0.551691071 0
720.425 0.59025779 0
738.009 0.684994055 0
727.877 0.544706845 0
742.191 0.68705604 0
719.269 0.598160934 0
724.462 0.471045708 0
725.214 0.558726328 0
723.751 0.673025073 0
723.478 0.524774955 0
726.711 0.606379025 0
721.433 0.483651069 0
724.428 0.530868128 0
727.083 0.663276781 0
718.837 0.56042207 0
740.571 0.580337086 0
726.074 0.589012977 0
735.396 0.597026299 0
724.693 0.616184037 0
734.219 0.684163049 0
724.676 0.635669526 0
730.299 0.689672565 0
721.437 0.577123072 0
735.881 0.684256607 0
721.446 0.591179057 0
732.715 0.60896859 0
722.163 0.585665946 0
729.638 0.477694957 0
724.95 0.537878895 0
731.962 0.59554931 0
737.07 0.624616762 0
721.945 0.518734804 0
729.067 0.581713831 0
742.209 0.62944081 0
726.182 0.588955124 0
734.477 0.544994835 0
727.238 0.592262415 0
726.411 0.639655401 0
725.14 0.625816077 0
729.52 0.631364756 0
723.726 0.5680346 0
722.923 0.592054373 0
737.587 0.663791671 0
764.364 0.621361578 0
734.253 0.546402962 0
729.425 0.615776332 0
730.663 0.611413865 0
724.982 0.578077558 0
737.758 0.56585314 0
730.78 0.662669516 0
732.176 0.606983583 0
744.73 0.617227104 0
736.091 0.700674575 0
732.896 0.666288623 0
724.736 0.60584274 0
729.945 0.656106772 0
736.057 0.693129309 0
730.714 0.57499853 0
724.683 0.587995745 0
734.88 0.528517928 0
730.648 0.6381187 0
739.701 0.556941396 0
726.959 0.640603943 0
723.823 0.500213343 0
730.904 0.633093134 0
742.366 0.672772802 0
728.447 0.634963992 0
733.681 0.544402172 0
726.133 0.565298386 0
733.598 0.547275239 0
741.338 0.561216429 0
763.363 0.432635963 0
732.301 0.654558427 0
733.501 0.604215932 0
733.929 0.612252891 0
727.273 0.505005282 0
740.479 0.51533727 0
727.151 0.633862402 0
737.636 0.542365241 0
733.046 0.614653779 0
730.217 0.601577288 0
754.329 0.344662244 0
755.94 0.589553534 0
725.149 0.637375395 0
737.031 0.698503509 0
737.047 0.546358591 0
743.746 0.455206569 0
725.331 0.567264482 0
925.731 0.633271907 0
746.02 0.663524591 0
727.926 0.584769283 0
735.327 0.607921132 0
730.855 0.611679254 0
725.346 0.568847956 0
727.43 0.564514039 0
783.891 0.555645937 0
727.677 0.590666037 0
726.397 0.556514392 0
741.995 0.588669191 0
737.815 0.535347659 0
728.896 0.64360919 0
727.588 0.591919629 0
734.722 0.457137933 0
727.207 0.544558463 0
734.559 0.632294669 0
732.945 0.632421942 0
735.097 0.653953955 0
730.309 0.61845786 0
738.355 0.546598964 0
728.852 0.5822343 0
737.056 0.553210793 0
744.134 0.607761696 0
739.522 0.616500359 0
732.691 0.547810836 0
724.96 0.577687215 0
727.315 0.627298365 0
728.679 0.454781939 0
732.781 0.532867614 0
725.165 0.594274212 0
727.951 0.4528126 0
753.802 0.638619725 0
757.35 0.694640028 0
730.673 0.641255838 0
729.317 0.545536119 0
732.103 0.642502367 0
736.42 0.617320005 0
737.916 0.666441861 0
731.101 0.469860469 0
727.572 0.541529247 0
737.702 0.57357776 0
745.5 0.501156588 0
749.469 0.652743332 0
737.982 0.61800959 0
779.192 0.480380226 0
738.479 0.622921019 0
737.27 0.662061107 0
730.159 0.457514036 0
733.137 0.548622855 0
723.304 0.490948333 0
731.734 0.624616821 0
732.606 0.584162567 0
735.219 0.618220486 0
732.558 0.621138677 0
737.658 0.616553616 0
732.474 0.617305753 0
733.353 0.652354028 0
738.536 0.501993033 0
727.564 0.601143226 0
736.147 0.509746366 0
745.06 0.599633154 0
783.467 0.686062503 0
722.675 0.455656386 0
730.037 0.531331878 0
728.902 0.582081274 0
750.784 0.687577542 0
730.988 0.54616026 0
742.96 0.707650355 0
731.336 0.578646181 0
741.688 0.726036129 0
736.776 0.676008708 0
727.628 0.280936588 0
735.08 0.596753476 0
735.676 0.586861067 0
738.801 0.558108356 0
738.571 0.607512644 0
734.27 0.533210888 0
746.459 0.691594094 0
736.411 0.516131862 0
733.392 0.617192964 0
728.657 0.575629287 0
742.126 0.695331964 0
732.169 0.625007822 0
733.839 0.53653891 0
735.826 0.64132849 0
853.7 0.546836425 0
738.357 0.595056182 0
740.389 0.543926648 0
748.827 0.58646518 0
738.928 0.66864186 0
769.813 0.658498696 0
744.176 0.695780633 0
740.629 0.590668575 0
743.017 0.546487069 0
736.602 0.628142672 0
737.909 0.677330686 0
732.882 0.594220229 0
739.795 0.459892611 0
742.954 0.648048041 0
734.41 0.613381854 0
743.692 0.673762949 0
737.859 0.662528349 0
743.117 0.636709511 0
748.997 0.650931211 0
754.588 0.732108166 0
742.837 0.60331037 0
738.828 0.647960858 0
795.35 0.641396321 0
763.498 0.653049923 0
736.957 0.56240099 0
733.765 0.639537393 0
742.671 0.709416126 0
743.053 0.693277588 0
740.092 0.6691237 0
731.681 0.50104844 0
734.848 0.636212678 0
739.16 0.587062309 0
741.288 0.333648694 0
864.737 0.638299154 0
745.823 0.679890914 0
730.92 0.590202278 0
734.84 0.619001536 0
755.398 0.6058032 0
737.76 0.503045372 0
733.668 0.630649831 0
740.424 0.640638496 0
736.395 0.541155877 0
750.344 0.651891361 0
738.976 0.602577136 0
736.073 0.396437928 0
737.397 0.609233887 0
741.713 0.616584783 0
738.127 0.672518559 0
749.935 0.63138831 0
738.189 0.627262451 0
740.182 0.578253972 0
731.549 0.449866048 0
740.397 0.654652174 0
731.423 0.591252105 0
737.975 0.618490955 0
733.677 0.620740789 0
737.428 0.543965223 0
734.055 0.547058015 0
735.254 0.582150923 0
732.16 0.572378278 0
732.598 0.577770766 0
734.376 0.586260386 0
742.954 0.628539737 0
734.502 0.549726187 0
740.413 0.422798779 0
736.546 0.621702289 0
749.958 0.682914729 0
745.494 0.637737921 0
747.919 0.682417791 0
756.279 0.771932272 0
748.956 0.591697126 0
741.44 0.627648022 0
813.48 0.709088673 0
734.652 0.563046185 0
740.681 0.656133432 0
742.831 0.635189299 0
742.836 0.556882451 0
738.396 0.588498066 0
742.564 0.573296408 0
742.133 0.604165751 0
741.375 0.622008218 0
740.349 0.539828839 0
741.176 0.626058455 0
778.322 0.742826389 0
735.759 0.600799858 0
759.259 0.524155385 0
734.841 0.504254715 0
744.211 0.593441243 0
737.016 0.598366881 0
741.814 0.561056046 0
744.664 0.606243154 0
739.449 0.570434011 0
757.765 0.692993649 0
754.738 0.645799136 0
739.821 0.557798677 0
741.243 0.583705982 0
754.125 0.666988461 0
757.202 0.530321972 0
748.149 0.667624576 0
732.244 0.302576233 0
745.189 0.680386555 0
743.837 0.491944234 0
750.442 0.732089774 0
731.342 0.527352253 0
741.282 0.659549213 0
742.531 0.638841813 0
752.911 0.697329955 0
747.385 0.623495059 0
748.883 0.588187053 0
744.319 0.665351284 0
754.72 0.754034897 0
734.386 0.55246688 0
744.924 0.622120969 0
743.151 0.539447488 0
738.016 0.495961458 0
735.014 0.497059983 0
742.118 0.545710531 0
734.883 0.524274617 0
741.939 0.624349713 0
745.326 0.581680997 0
746.014 0.632027981 0
761.435 0.702158783 0
776.18 0.65060157 0
755.763 0.634130891 0
749.694 0.62700595 0
752.331 0.583861092 0
762.413 0.668550096 0
753.785 0.585251365 0
750.704 0.71529176 0
747.056 0.523928276 0
743.573 0.65833137 0
761.563 0.691350982 0
742.557 0.563180704 0
748.798 0.522794555 0
741.324 0.611597283 0
746.003 0.667862582 0
746.626 0.539662903 0
762.389 0.692014797 0
751.793 0.710339538 0
759.369 0.490267196 0
741.927 0.603393407 0
754.05 0.492210166 0
742.742 0.537954265 0
751.217 0.687796372 0
746.834 0.683044265 0
738.57 0.547551694 0
758.318 0.447293062 0
749.097 0.560089523 0
749.314 0.622702181 0
747.163 0.668049763 0
741.094 0.501461059 0
740.738 0.62892866 0
736.821 0.513601753 0
759.426 0.736305093 0
743.56 0.648225026 0
739.448 0.581157219 0
743.905 0.669854098 0
746.427 0.613270932 0
740.845 0.506961821 0
756.137 0.64991326 0
744.344 0.560275708 0
748.595 0.626501145 0
741.757 0.619879098 0
751.298 0.574744996 0
759.195 0.559483457 0
744.441 0.575576453 0
750.314 0.580682857 0
745.45 0.544341831 0
744.146 0.591455984 0
741.226 0.604346666 0
746.022 0.634145585 0
753.514 0.603895324 0
759.965 0.514794568 0
752.034 0.46361942 0
757.59 0.650629777 0
742.904 0.585133318 0
739.126 0.516832572 0
747.718 0.643719708 0
754.241 0.609038618 0
747.511 0.659436788 0
758.807 0.634194707 0
748.99 0.591729831 0
763.56 0.262774375 0
758.388 0.718398431 0
746.807 0.58840543 0
743.443 0.6106276 0
751.032 0.614433034 0
746.12 0.463124497 0
755.861 0.70566526 0
748.901 0.675959318 0
748.262 0.577527462 0
747.405 0.534280868 0
755.012 0.590080366 0
753.58 0.585236563 0
765.967 0.664820216 0
755.515 0.672548832 0
750.109 0.500876329 0
761.493 0.652485598 0
744.706 0.605248953 0
753.464 0.634603809 0
759.155 0.674662656 0
746.486 0.568526031 0
751.454 0.65894863 0
830.978 0.674616079 0
751.259 0.641303429 0
756.895 0.565800332 0
744.219 0.580326743 0
748.355 0.599803951 0
761.007 0.694200671 0
771.732 0.656535483 0
748.893 0.633889428 0
756.589 0.51789584 0
744.594 0.569881609 0
752.754 0.628088234 0
763.098 0.494711622 0
753.505 0.658960173 0
746.717 0.625776591 0
745.798 0.586181295 0
759.767 0.719085891 0
752.58 0.641047013 0
750.13 0.6281473 0
747.535 0.643477006 0
755.253 0.67594833 0
748.792 0.655727733 0
742.672 0.578075859 0
752.306 0.577343706 0
750.734 0.522707241 0
764.207 0.743195035 0
751.413 0.591177056 0
750.704 0.663391852 0
751.381 0.574546223 0
755.268 0.521505003 0
748.297 0.571010666 0
775.195 0.390957741 0
746.785 0.578237193 0
765.563 0.676256907 0
773.258 0.758974351 0
762.089 0.696290004 0
753.398 0.588901274 0
745.717 0.492944019 0
755.011 0.626336699 0
745.585 0.564277432 0
765.795 0.563361258 0
749.909 0.592157203 0
755.211 0.666732207 0
755.838 0.59039867 0
750.694 0.549569839 0
781.451 0.604026104 0
756.121 0.64272775 0
747.775 0.495859954 0
750.007 0.612148072 0
751.588 0.503939358 0
754.895 0.638791598 0
753.985 0.54435248 0
748.18 0.566804099 0
754.888 0.577843243 0
752.142 0.606479344 0
750.678 0.502937901 0
762.695 0.618138994 0
778.579 0.530036322 0
754.79 0.619860543 0
751.813 0.605135819 0
761.958 0.609189811 0
751.489 0.601422027 0
768.891 0.709005851 0
762.115 0.719907261 0
757.02 0.682233442 0
767.442 0.634647851 0
766.597 0.630432294 0
755.879 0.544530294 0
767.911 0.646895818 0
756.574 0.583688708 0
753.432 0.594992803 0
750.885 0.536402925 0
751.215 0.4643085 0
758.113 0.617318228 0
759.998 0.401169057 0
760.012 0.655317318 0
764.419 0.72465378 0
762.479 0.720516844 0
753.988 0.593979834 0
752.431 0.591474202 0
782.4 0.716060657 0
760.859 0.606335563 0
772.146 0.540985555 0
767.847 0.633034186 0
770.305 0.643198811 0
762.04 0.564355583 0
760.603 0.580377337 0
776.121 0.618735431 0
755.49 0.564889365 0
767.382 0.604042132 0
764.364 0.671327776 0
764.703 0.640936143 0
756.109 0.592265726 0
754.739 0.519136186 0
766.754 0.615540986 0
755.258 0.538009229 0
764.629 0.569391602 0
763.553 0.595447427 0
755.343 0.608705257 0
758.261 0.502755046 0
770.263 0.684770867 0
759.328 0.574584821 0
759.502 0.67442183 0
755.847 0.571514711 0
771.484 0.72086853 0
782.625 0.641799054 0
771.185 0.664561742 0
759.364 0.669657512 0
766.59 0.682220886 0
773.977 0.761530647 0
756.08 0.598229942 0
761.709 0.632259745 0
754.068 0.519420143 0
764.879 0.664440273 0
762.654 0.6770391 0
765.193 0.631933777 0
758.336 0.676619194 0
756.327 0.521365997 0
760.634 0.597740342 0
758.75 0.492549438 0
762.456 0.617186299 0
813.374 0.680441259 0
762.262 0.578442181 0
765.713 0.523091664 0
769.228 0.657146138 0
765.591 0.610780076 0
764.043 0.689151896 0
760.195 0.581768082 0
795.449 0.615671136 0
763.577 0.574427993 0
774.627 0.712871876 0
761.71 0.683854616 0
768.937 0.66684092 0
774.452 0.616839608 0
763.489 0.644713487 0
778.306 0.646745966 0
754.12 0.544755896 0
765.323 0.647377176 0
770.979 0.683053011 0
774.123 0.641642871 0
771.361 0.587940854 0
769.732 0.672224446 0
778.339 0.619948988 0
768.598 0.621065272 0
847.793 0.684882302 0
781.713 0.59173349 0
771.799 0.676817265 0
764.47 0.603589734 0
776.883 0.669935501 0
760.743 0.639891088 0
772.196 0.583674518 0
769.972 0.618129859 0
758.998 0.51186288 0
758.485 0.551720445 0
780.415 0.645136231 0
761.446 0.531906314 0
768.664 0.499338424 0
758.724 0.621486928 0
769.784 0.679216384 0
765.401 0.662322309 0
788.512 0.541933313 0
759.18 0.584957301 0
752.449 0.395833567 0
772.915 0.631834039 0
766.629 0.576385547 0
758.56 0.513785015 0
774.803 0.582914127 0
760.049 0.625451195 0
772.434 0.539466792 0
769.816 0.621665266 0
761.329 0.58082412 0
764.275 0.572220287 0
793.424 0.763505023 0
809.186 0.660172545 0
757.601 0.592420038 0
757.197 0.561272971 0
758.387 0.53265079 0
761.462 0.589150664 0
789.281 0.716997579 0
764.877 0.625124633 0
771.972 0.517047302 0
772.808 0.628179475 0
761.869 0.607355885 0
833.876 0.638706499 0
813.758 0.506387316 0
778.735 0.755345092 0
783.045 0.570912941 0
774.05 0.599549468 0
779.929 0.744263618 0
762.969 0.501261573 0
767.062 0.579580718 0
770.546 0.706657306 0
773.551 0.599031185 0
766.11 0.544133158 0
776.694 0.575517375 0
765.1 0.596285842 0
772.269 0.529302889 0
765.217 0.583112518 0
769.137 0.597784018 0
827.325 0.59496758 0
765.251 0.640708804 0
771.941 0.555920174 0
783.558 0.588300106 0
766.523 0.622633829 0
827.094 0.637231936 0
898.66 0.629880886 0
760.063 0.487130289 0
772.654 0.666180995 0
767.466 0.565370411 0
770.999 0.549221921 0
766.3 0.618141683 0
775.198 0.653327404 0
772.411 0.631547685 0
777.754 0.669684558 0
765.398 0.566672758 0
769.437 0.622904372 0
768.751 0.669323269 0
797.835 0.729927548 0
772.981 0.619456007 0
782.176 0.476891438 0
768.715 0.602716742 0
782.275 0.615606268 0
763.811 0.538882343 0
773.652 0.573667635 0
766.705 0.514674738 0
894.185 0.636417057 0
774.785 0.63532721 0
787.312 0.58639178 0
773.686 0.639171234 0
766.629 0.575711767 0
768.607 0.648927417 0
765.944 0.615656343 0
773.044 0.667633179 0
788.51 0.607781771 0
774.166 0.668554967 0
786.514 0.604474461 0
771.915 0.651906755 0
795.88 0.747569176 0
765.979 0.548082243 0
834.011 0.555660823 0
776.822 0.630555577 0
779.489 0.711066312 0
786.539 0.590344073 0
767.7 0.586609967 0
779.468 0.572376459 0
769.104 0.569848474 0
778.406 0.594262916 0
813.599 0.547363515 0
777.58 0.66230901 0
783.344 0.580472617 0
773.603 0.609145681 0
772.981 0.610445803 0
772.273 0.57336047 0
778.457 0.700049774 0
784.574 0.566843388 0
770.882 0.531892667 0
769.815 0.580863986 0
785.8 0.632765 0
774.842 0.5171916 0
786.993 0.698829008 0
774.694 0.642580302 0
791.464 0.689641998 0
770.991 0.606536548 0
790.051 0.566643832 0
777.737 0.561502698 0
771.593 0.636135998 0
772.065 0.524812328 0
777.821 0.575086426 0
779.187 0.585675224 0
771.851 0.616923676 0
788.865 0.741133107 0
773.561 0.596198902 0
773.948 0.578182996 0
774.718 0.525843451 0
778.722 0.645442605 0
811.461 0.595851698 0
776.332 0.576189465 0
786.456 0.720280279 0
777.912 0.677221542 0
906.221 0.637453243 0
771.006 0.532931869 0
777.051 0.666898107 0
786.056 0.619458902 0
778.266 0.629309012 0
784.353 0.611525468 0
780.126 0.616033905 0
776.844 0.43011257 0
777.532 0.622116678 0
784.074 0.589133594 0
779.419 0.681263923 0
803.092 0.513553275 0
790.582 0.732682275 0
774.279 0.579087603 0
769.145 0.577151987 0
773.877 0.598893399 0
775.581 0.505471704 0
798.716 0.704908141 0
775.166 0.646309435 0
782.884 0.672822398 0
779.483 0.526474991 0
779.136 0.639849493 0
774.513 0.577718211 0
774.893 0.469600415 0
785.214 0.52519239 0
784.568 0.609492445 0
786.415 0.625323644 0
792.175 0.697524011 0
780.633 0.492296914 0
779.227 0.594525395 0
782.848 0.669059909 0
782.096 0.588441583 0
782.327 0.508502481 0
784.808 0.659289772 0
779.401 0.503671612 0
810.787 0.664227155 0
793.148 0.729937373 0
795.796 0.63364215 0
809.834 0.78363721 0
776.201 0.571480164 0
779.816 0.618576502 0
783.759 0.694799752 0
786.458 0.689814827 0
780.558 0.597398984 0
811.657 0.725612114 0
777.498 0.646736728 0
831.866 0.622381817 0
783.172 0.645718956 0
793.169 0.576056465 0
799.436 0.397094066 0
780.526 0.565576378 0
783.891 0.620103373 0
804.546 0.564887953 0
785.646 0.627229515 0
785.298 0.65804862 0
785.745 0.622656917 0
796.926 0.688014212 0
783.519 0.621315456 0
781.494 0.611132771 0
785.04 0.554477444 0
779.434 0.557688109 0
833.57 0.728449546 0
789.514 0.623749824 0
790.933 0.656230058 0
776.375 0.41680171 0
796.12 0.677986159 0
799.219 0.733801365 0
781.213 0.611068613 0
790.564 0.67435228 0
792.003 0.641460923 0
797.773 0.508187116 0
807.722 0.386564204 0
792.499 0.669690487 0
792.111 0.621255197 0
791.788 0.621148608 0
853.59 0.608499129 0
820.129 0.658949552 0
784.934 0.561990081 0
809.261 0.645791284 0
800.778 0.577615646 0
795.724 0.611963374 0
803.384 0.645320208 0
808.47 0.704235123 0
785.622 0.538927159 0
801.514 0.643710527 0
794.213 0.650964473 0
793.007 0.608336759 0
785.966 0.610893307 0
811.908 0.615892018 0
800.405 0.631954792 0
786.076 0.622802818 0
802.028 0.691891111 0
803.672 0.654725672 0
799.753 0.709455578 0
795.626 0.582926871 0
816.963 0.708561314 0
819.346 0.730347267 0
802.135 0.643482046 0
800.678 0.69925388 0
790.823 0.566588625 0
905.348 0.636815537 0
795.841 0.632128222 0
809.638 0.655883835 0
791.313 0.555567752 0
820.094 0.718641608 0
788.422 0.610989798 0
798.934 0.596151187 0
792.906 0.602694236 0
815.613 0.558180833 0
796.462 0.589220165 0
813.952 0.783800119 0
812.215 0.653488405 0
803.021 0.681823398 0
812.408 0.701385522 0
820.651 0.71372976 0
800.234 0.632828211 0
803.54 0.526409707 0
809.471 0.582783697 0
828.59 0.544022656 0
813.192 0.729855243 0
805.113 0.661301136 0
804.782 0.642737487 0
898.957 0.664374045 0
835.917 0.803543797 0
807.338 0.602727403 0
799.093 0.531490274 0
795.84 0.604331651 0
811.014 0.566594658 0
813.947 0.660931679 0
800.747 0.653560843 0
838.858 0.568112766 0
795.123 0.530560858 0
800.622 0.581988204 0
805.611 0.665543994 0
813.679 0.666262054 0
908.723 0.707672051 0
799.901 0.593447001 0
805.088 0.570337414 0
799.631 0.644083459 0
807.687 0.662345789 0
801.151 0.592420569 0
837.331 0.717939337 0
802.838 0.612329123 0
816.683 0.600987206 0
800.422 0.588910617 0
825.529 0.579085457 0
833.546 0.705200159 0
819.726 0.572184074 0
823.685 0.630999428 0
812.08 0.529931999 0
831.839 0.617435697 0
805.584 0.49790328 0
824.563 0.587710049 0
822.009 0.665244314 0
810.547 0.631937605 0
816.004 0.505566159 0
823.828 0.702357943 0
821.776 0.637161555 0
827.876 0.657777447 0
825.083 0.718881056 0
810.208 0.553507164 0
828.968 0.769062358 0
822.578 0.614262562 0
818.361 0.63686631 0
864.971 0.620918417 0
820.444 0.6260758 0
819.005 0.675123731 0
827.936 0.668251958 0
834.999 0.622807804 0
835.946 0.748899202 0
828.646 0.652177002 0
813.194 0.640395779 0
846.485 0.796840232 0
820.94 0.589477451 0
832.041 0.707149758 0
842.609 0.697323598 0
851.459 0.633881082 0
830.882 0.704435929 0
828.731 0.662879546 0
826.986 0.550875519 0
817.975 0.635986195 0
833.064 0.692543438 0
828.387 0.657053616 0
854.937 0.79028788 0
866.227 0.688937967 0
879.177 0.689161461 0
826.672 0.662279248 0
850.54 0.669753403 0
838.558 0.648931252 0
839.556 0.594460947 0
840.789 0.743577366 0
839.624 0.603182474 0
841.309 0.538543831 0
831.059 0.648029319 0
837.158 0.712952116 0
835.521 0.491297051 0
839.524 0.652773918 0
846.266 0.65233061 0
853.987 0.69500563 0
853.122 0.740740414 0
835.257 0.635723104 0
851.357 0.741185701 0
843.007 0.650420466 0
844.976 0.569029813 0
833.123 0.527525994 0
835.455 0.527287545 0
848.827 0.554335202 0
865.418 0.768359284 0
873.614 0.758298661 0
892.691 0.794962317 0
854.73 0.532144817 0
860.505 0.753633429 0
846.959 0.624643967 0
871.432 0.760135653 0
850.202 0.609980703 0
862.202 0.606462551 0
878.591 0.789181057 0
881.138 0.780827278 0
899.17 0.605935772 0
877.951 0.715952895 0
872.803 0.712938806 0
933.372 0.625612942 0
878.194 0.676946976 0
896.189 0.708311167 0
906.71 0.768576183 0
910.603 0.621309979 0
896.72 0.578138102 0
815.9 0.805825541 1
759.552 0.750920218 1
809.77 0.651285139 1
838.186 0.779529536 1
799.426 0.676813217 1
813.833 0.755768822 1
817.215 0.693920006 1
854.166 0.766746577 1
802.744 0.748489491 1
841.132 0.774593661 1
846.308 0.756878843 1
815.026 0.705037806 1
833.722 0.767021759 1
821.301 0.745403341 1
858.562 0.729431915 1
857.69 0.74497456 1
846.128 0.736874947 1
833.459 0.626723197 1
873.536 0.822571799 1
854.752 0.653199406 1
809.088 0.693787968 1
829.234 0.746245739 1
824.701 0.768786946 1
810.37 0.718294206 1
874.666 0.738655623 1
874.041 0.733021909 1
871.27 0.78993026 1
885.296 0.772989921 1
894.486 0.759385013 1
856.332 0.684490151 1
867.448 0.733078706 1
886.931 0.758297131 1
868.813 0.81594414 1
861.277 0.710582389 1
878.754 0.760899084 1
873.529 0.760373872 1
911.824 0.808384249 1
846.474 0.574685217 1
893.846 0.756661043 1
873.825 0.744844297 1
982.666 0.79248943 1
858.52 0.756778917 1
905.491 0.757899604 1
877.164 0.76282353 1
900.901 0.730921624 1
884.692 0.747758979 1
881.559 0.782700884 1
859.253 0.795868169 1
886.653 0.760028532 1
889.637 0.799715985 1
887.745 0.512187978 1
861.13 0.733073347 1
910.012 0.760763263 1
834.877 0.701850849 1
880.771 0.708901517 1
878.392 0.764312792 1
858.661 0.731052055 1
896.485 0.784997333 1
897.618 0.739139388 1
906.358 0.750043274 1
888.581 0.799096574 1
975.927 0.720587066 1
904.349 0.6064069 1
911.562 0.741068445 1
887.942 0.727565667 1
915.993 0.717803496 1
928.664 0.792732605 1
932.617 0.758920721 1
883.529 0.761985858 1
898.174 0.757202286 1
918.483 0.789564751 1
897.65 0.667661348 1
919.923 0.766655211 1
904.64 0.771636833 1
919.64 0.723627793 1
951.913 0.750023064 1
919.534 0.761119659 1
959.13 0.745142424 1
937.555 0.79617216 1
929.598 0.761255922 1
913.878 0.763626518 1
872.821 0.765566725 1
931.202 0.833333262 1
940.76 0.795259167 1
923.33 0.754401954 1
899.296 0.753160837 1
1027.543 0.778162098 1
897.406 0.799037995 1
974.042 0.786402071 1
925.529 0.796896426 1
893.756 0.656099146 1
911.022 0.680198424 1
881.807 0.767532538 1
944.732 0.803569728 1
948.328 0.622128398 1
885.816 0.744366419 1
921.337 0.733254519 1
883.864 0.755382833 1
911.762 0.752481661 1
925.422 0.762798609 1
947.733 0.697228444 1
898.497 0.678671061 1
932.404 0.681348308 1
949.05 0.80648428 1
936.905 0.743454614 1
934.071 0.762221491 1
948.396 0.709335508 1
916.614 0.796788539 1
968.988 0.809040374 1
900.322 0.757630026 1
934.264 0.769653272 1
901.128 0.809074973 1
934.742 0.796756789 1
1023.117 0.718496924 1
944.16 0.733326876 1
925.453 0.751258776 1
944.618 0.770055958 1
911.589 0.739616972 1
908.18 0.710870458 1
946.46 0.753063084 1
911.91 0.670795996 1
936.644 0.799732811 1
975.553 0.77977387 1
951.015 0.687441033 1
915.89 0.736033669 1
961.412 0.78970336 1
929.168 0.79790944 1
908.906 0.687102354 1
948.496 0.674462696 1
952.885 0.738465529 1
938.275 0.776109749 1
935.66 0.722147602 1
998.315 0.713991063 1
902.722 0.791967321 1
919.308 0.814786004 1
953.054 0.794633369 1
914.731 0.760947709 1
898.194 0.725493384 1
956.741 0.809960425 1
929.814 0.788605771 1
990.081 0.815269045 1
1021.149 0.775420767 1
952.862 0.736752608 1
975.96 0.769706062 1
957.43 0.774905833 1
986.047 0.782514323 1
926.308 0.747964782 1
938.653 0.74132981 1
909.091 0.756920024 1
947.678 0.777455903 1
910.99 0.735857484 1
949.15 0.733175547 1
906.071 0.474151929 1
941.036 0.778201712 1
917.333 0.735509477 1
929.665 0.677280671 1
929.11 0.707577968 1
934.279 0.761627245 1
953.88 0.742428018 1
935.784 0.801144357 1
989.011 0.706803541 1
959.247 0.770996245 1
941.588 0.73727473 1
952.149 0.684380469 1
917.877 0.771074821 1
913.932 0.78954064 1
978.773 0.846965983 1
1017.74 0.774942614 1
919.022 0.722465006 1
951.946 0.811747134 1
926.502 0.788473062 1
962.837 0.671738034 1
972.953 0.768320642 1
926.523 0.800104026 1
910.692 0.775492275 1
968.674 0.72269278 1
921.619 0.789474484 1
962.165 0.711958445 1
931.858 0.699916758 1
953.918 0.673798509 1
934.994 0.709778162 1
953.706 0.775204079 1
981.815 0.781996085 1
993.443 0.810698681 1
928.906 0.764548068 1
930.106 0.700363851 1
931.901 0.743297439 1
924.535 0.786684399 1
1057.719 0.791417386 1
1064.665 0.767796508 1
931.54 0.587237256 1
930.748 0.801297596 1
962.152 0.812798713 1
934.803 0.757413913 1
922.943 0.716940714 1
964.167 0.786102246 1
927.16 0.627002265 1
960.008 0.781733331 1
973.613 0.813953262 1
928.142 0.763242897 1
970.618 0.810844604 1
943.815 0.722532093 1
944.089 0.737772705 1
925.853 0.774001653 1
936.462 0.669151851 1
971.509 0.775291957 1
964.218 0.785939663 1
1036.442 0.789019632 1
1015.517 0.835382017 1
976.903 0.805927523 1
997.552 0.783716806 1
1021.206 0.804760426 1
922.98 0.476527657 1
957.732 0.77337738 1
933.665 0.758495791 1
959.984 0.796430432 1
974.654 0.75939649 1
956.542 0.793975337 1
937.1 0.782007594 1
949.622 0.766341327 1
966.054 0.738709684 1
959.281 0.787494419 1
996.209 0.784555344 1
963.531 0.800377774 1
973.071 0.718094032 1
973.818 0.771324702 1
941.694 0.798680607 1
980.964 0.763763481 1
950.902 0.75790853 1
1011.984 0.709092084 1
999.737 0.824764579 1
946.447 0.801666018 1
997.116 0.7820313 1
1015.689 0.785929816 1
994.857 0.776988414 1
952.177 0.798756672 1
956.082 0.69329395 1
934.49 0.675265737 1
957.312 0.695484332 1
951.837 0.74123395 1
985.501 0.749392947 1
982.65 0.782205329 1
944.042 0.79965411 1
921.145 0.588210412 1
970.236 0.784020164 1
939.729 0.765105746 1
967.849 0.814992157 1
958.347 0.791549933 1
943.385 0.726587942 1
977.927 0.756547129 1
957.031 0.711970338 1
978.126 0.757714067 1
1024.175 0.801246683 1
982.982 0.714153197 1
988.076 0.699805064 1
1003.509 0.79255397 1
967.954 0.765552394 1
961.239 0.761877961 1
1025.583 0.769630821 1
984.768 0.709083891 1
957.18 0.720658581 1
971.046 0.732292245 1
952.52 0.785567642 1
949.061 0.789120006 1
993.965 0.775275101 1
960.455 0.639405632 1
946.924 0.669210543 1
992.086 0.725825418 1
971.295 0.850026594 1
963.843 0.777925422 1
991.2 0.780008443 1
954.856 0.743804617 1
972.702 0.80416363 1
1001.035 0.824134605 1
938.472 0.732849154 1
1002.53 0.789380401 1
952.199 0.710477842 1
972.795 0.782333963 1
973.472 0.679499012 1
969.593 0.799851062 1
966.634 0.677299928 1
943.911 0.796190585 1
975.206 0.723346534 1
954.292 0.755098621 1
1001.069 0.749384982 1
988.708 0.76074418 1
977.874 0.697643033 1
941.725 0.782455301 1
933.915 0.721548519 1
991.559 0.797934992 1
1036.289 0.775354336 1
969.081 0.789113314 1
960.799 0.763900332 1
990.706 0.757411844 1
991.584 0.707840007 1
1051.69 0.679830076 1
1006.857 0.763560292 1
981.28 0.749594311 1
977.978 0.740253597 1
998.572 0.773875735 1
969.459 0.748409975 1
992.583 0.672032077 1
974.133 0.71147998 1
950.295 0.790848113 1
965.276 0.735120473 1
972.588 0.814487905 1
971.942 0.655956014 1
947.305 0.792207606 1
971.606 0.697730439 1
1002.996 0.77073215 1
989.061 0.746676098 1
977.204 0.781459391 1
989.399 0.794121783 1
1002.965 0.801945599 1
993.13 0.796824837 1
963.789 0.75307933 1
1007.347 0.731907633 1
951.734 0.770931844 1
1018.346 0.855098933 1
1066.476 0.782648211 1
1026.847 0.773712627 1
996.026 0.744285257 1
942.187 0.784021012 1
983.751 0.817010144 1
998.256 0.749214551 1
1046.743 0.773273119 1
997.065 0.74614856 1
982.208 0.754878983 1
952.704 0.786908099 1
961.969 0.731240883 1
996.486 0.769556215 1
992.28 0.805720208 1
1025.614 0.752644591 1
978.83 0.691578194 1
1008.734 0.806516305 1
970.092 0.761085211 1
967.121 0.780009695 1
960.073 0.737749909 1
950.0 0.778485251 1
989.856 0.757657815 1
965.899 0.758739538 1
999.886 0.722292825 1
1029.742 0.734496524 1
1006.449 0.756992114 1
1028.037 0.776726355 1
979.067 0.811023206 1
993.072 0.720943653 1
972.487 0.669248118 1
951.177 0.776223274 1
1022.604 0.775356632 1
977.519 0.73582732 1
990.734 0.742300483 1
1023.845 0.809699298 1
972.463 0.626417469 1
1016.303 0.765176974 1
1062.512 0.800822913 1
1010.611 0.780630302 1
1034.115 0.78210296 1
1018.891 0.714961009 1
1048.882 0.77207859 1
1027.779 0.707778251 1
1014.158 0.785085565 1
1001.82 0.785394587 1
1027.994 0.80195827 1
1043.617 0.797943887 1
1030.26 0.766915955 1
1007.098 0.787661225 1
1016.103 0.828356915 1
995.08 0.814839676 1
1027.084 0.703530294 1
992.483 0.748525812 1
1012.38 0.717365036 1
971.208 0.771866485 1
963.416 0.766309599 1
1005.371 0.758171341 1
1028.773 0.760009408 1
960.565 0.669612364 1
1001.764 0.766845824 1
971.191 0.729423014 1
1087.234 0.809571451 1
977.412 0.692399946 1
990.631 0.78038773 1
963.98 0.716738085 1
984.886 0.802721631 1
1038.268 0.747580843 1
997.796 0.727942606 1
981.442 0.788803644 1
987.745 0.709605304 1
979.195 0.717881852 1
990.697 0.78115897 1
1004.419 0.791438379 1
974.54 0.644483258 1
998.511 0.670026181 1
1082.767 0.793262818 1
1001.027 0.756903998 1
974.289 0.776918566 1
989.333 0.735169278 1
989.617 0.766626717 1
1004.942 0.802677421 1
1016.789 0.755972615 1
1039.574 0.767198945 1
1036.017 0.762759725 1
1000.066 0.718903682 1
1013.236 0.808552289 1
1067.702 0.831851486 1
1062.545 0.755096905 1
1003.301 0.679057482 1
954.219 0.648141 1
954.98 0.753121011 1
1032.092 0.799172181 1
1018.798 0.808401548 1
1000.168 0.831155726 1
984.123 0.789803831 1
1059.216 0.755661765 1
1010.288 0.756713099 1
959.372 0.76314356 1
1040.559 0.712636359 1
1087.705 0.742523799 1
1011.127 0.792242349 1
1008.429 0.690273994 1
974.379 0.658929952 1
978.084 0.815582908 1
1011.11 0.746512389 1
1026.265 0.774798663 1
1017.685 0.640066756 1
980.668 0.636963249 1
1009.049 0.778374509 1
1020.755 0.814900344 1
1032.586 0.702657514 1
1011.629 0.760117168 1
974.886 0.712319636 1
996.042 0.772267323 1
984.708 0.610241524 1
1022.133 0.830129274 1
1000.764 0.721139717 1
1081.908 0.833846819 1
1011.661 0.75479535 1
988.059 0.781658155 1
1028.839 0.650046863 1
992.787 0.767328754 1
975.528 0.783685486 1
977.31 0.684021913 1
1033.627 0.773801827 1
1081.364 0.695031199 1
977.81 0.734141381 1
973.379 0.727523456 1
1142.436 0.736980411 1
1015.675 0.73799004 1
1000.653 0.763518892 1
974.417 0.815030949 1
1042.863 0.760009273 1
983.841 0.731590198 1
989.689 0.571172656 1
1054.483 0.71438974 1
1011.416 0.721645707 1
990.132 0.763922457 1
1076.99 0.827163147 1
988.981 0.813440331 1
1024.555 0.780308812 1
1007.87 0.783985542 1
1020.876 0.798318561 1
1008.537 0.767263754 1
1024.72 0.700366245 1
1010.329 0.719168933 1
1020.017 0.784361993 1
995.358 0.765051814 1
1010.706 0.751322561 1
1020.543 0.769584791 1
1045.614 0.753336569 1
1108.565 0.778710167 1
1012.844 0.75873008 1
974.533 0.770876743 1
1035.179 0.675807632 1
1048.41 0.790224651 1
1109.72 0.714765262 1
1010.746 0.777265906 1
1027.756 0.774564287 1
1007.809 0.693268161 1
1009.445 0.703113173 1
1004.139 0.676443462 1
1046.92 0.788856291 1
1060.47 0.781499421 1
1029.266 0.772221308 1
967.29 0.726812267 1
1103.644 0.816523783 1
1008.386 0.743501458 1
1009.712 0.7654799 1
1106.16 0.814957677 1
1053.899 0.727525467 1
1010.092 0.740581253 1
1030.876 0.798177792 1
986.389 0.593536513 1
1002.344 0.796770475 1
1044.703 0.770561618 1
1032.397 0.674954173 1
1029.494 0.705171872 1
1020.511 0.742982347 1
1067.697 0.762823031 1
1033.42 0.804939475 1
990.128 0.788438664 1
1028.361 0.739222438 1
1022.644 0.725752906 1
1019.347 0.779238792 1
996.008 0.738393969 1
1037.359 0.680909758 1
1039.622 0.671989344 1
996.779 0.791885385 1
1009.144 0.674264669 1
1056.519 0.741248554 1
1010.404 0.810961859 1
1031.766 0.65184352 1
990.719 0.779776061 1
1023.333 0.780408282 1
1019.709 0.777503063 1
1084.612 0.748747387 1
1025.963 0.849006767 1
1026.783 0.771699928 1
983.06 0.777457743 1
1017.512 0.779537458 1
990.278 0.769655626 1
1008.387 0.688317892 1
1030.013 0.813935876 1
1023.514 0.846005115 1
1037.096 0.790531257 1
1028.02 0.790263433 1
1052.897 0.796126315 1
1077.615 0.745398715 1
1124.602 0.830088268 1
1041.175 0.803568305 1
998.962 0.739479357 1
1006.165 0.80343755 1
1014.674 0.686917539 1
1006.963 0.650607121 1
997.712 0.739014263 1
990.949 0.715407814 1
1010.848 0.781746128 1
985.555 0.735934804 1
1071.834 0.776939885 1
1031.662 0.759293624 1
992.572 0.776928378 1
1041.652 0.718841173 1
1068.824 0.763875267 1
1058.219 0.776866031 1
1005.38 0.690477767 1
1044.47 0.772197935 1
1046.454 0.722989391 1
969.983 0.743996364 1
988.59 0.741730435 1
1020.165 0.782436728 1
1064.282 0.846148268 1
1015.155 0.677762606 1
1015.657 0.726837559 1
1032.304 0.756041313 1
1034.662 0.718297654 1
1001.425 0.818931036 1
1022.629 0.821929521 1
1036.144 0.781450884 1
1076.897 0.791321811 1
1012.437 0.662044266 1
1017.31 0.741676841 1
1003.526 0.714535246 1
1030.513 0.744722815 1
1047.09 0.695068522 1
993.761 0.814855223 1
1011.261 0.796054083 1
1022.207 0.727916676 1
1030.992 0.80466034 1
1054.621 0.739380986 1
1016.666 0.784866335 1
1029.885 0.778252654 1
1054.03 0.803909057 1
1027.932 0.740611811 1
1010.368 0.769894651 1
1036.382 0.732302394 1
1001.023 0.727546565 1
1020.991 0.79218119 1
1047.464 0.678195102 1
1029.375 0.735617924 1
1012.348 0.705075097 1
1098.149 0.809567612 1
1030.906 0.766177345 1
1052.896 0.788761841 1
1068.247 0.777719308 1
1005.139 0.807620438 1
1088.754 0.76650688 1
1055.883 0.674743518 1
1000.45 0.705959305 1
1027.342 0.783490816 1
1097.068 0.799593412 1
1005.668 0.748135933 1
985.315 0.755286314 1
1030.293 0.677073566 1
1002.041 0.805528886 1
1005.058 0.78665066 1
1022.328 0.773368743 1
1015.665 0.669649818 1
1070.054 0.740454703 1
1019.038 0.698572026 1
1007.14 0.651779553 1
1015.202 0.734835829 1
1025.494 0.72379434 1
1035.111 0.760781777 1
1010.432 0.738120237 1
1034.797 0.767986301 1
1034.512 0.765169925 1
1055.776 0.737253451 1
1006.709 0.566646208 1
1004.91 0.686029539 1
1082.871 0.77720068 1
1130.424 0.772049258 1
1029.691 0.732360057 1
1045.125 0.716295845 1
1032.496 0.711450968 1
1136.305 0.775759508 1
1058.95 0.802692254 1
1054.403 0.761195798 1
1021.546 0.555295806 1
1102.682 0.772208566 1
981.885 0.713628387 1
1084.476 0.851105235 1
1033.621 0.723474343 1
1003.476 0.722425416 1
1079.833 0.748929512 1
1040.782 0.76370276 1
1003.207 0.774342956 1
1031.296 0.756616965 1
1025.523 0.795139124 1
1072.869 0.762148386 1
1009.649 0.787349282 1
1088.647 0.767219512 1
1054.813 0.772736449 1
1043.643 0.704086362 1
1012.123 0.817713211 1
1037.299 0.763929918 1
1050.088 0.773845482 1
1142.711 0.833561544 1
1103.241 0.826042184 1
1053.271 0.716410494 1
1021.744 0.78698135 1
1028.211 0.775279057 1
1021.513 0.642955611 1
1003.29 0.790163384 1
1068.546 0.704516559 1
1031.231 0.776152622 1
1088.995 0.772211035 1
1064.746 0.74791637 1
1036.784 0.774831007 1
1065.193 0.79965957 1
1047.174 0.747591875 1
993.332 0.77599019 1
1091.187 0.788170667 1
1021.704 0.694346281 1
1073.845 0.763474845 1
1046.853 0.770827373 1
1061.856 0.771907628 1
1025.929 0.739024925 1
1014.682 0.677439963 1
1008.883 0.640872466 1
1025.985 0.645170603 1
1076.93 0.741327312 1
1012.777 0.6968668 1
1047.351 0.751795914 1
1026.872 0.801426157 1
1026.093 0.621904178 1
997.465 0.733320917 1
1063.011 0.810042421 1
1023.301 0.761684342 1
1033.067 0.665216034 1
1007.023 0.641512788 1
1033.122 0.799338259 1
1095.057 0.802154999 1
1037.342 0.750738821 1
1052.445 0.728441513 1
1028.089 0.748978809 1
1055.572 0.808202134 1
1094.715 0.780499036 1
1020.927 0.746824392 1
1084.538 0.800247828 1
1052.973 0.809910114 1
1039.311 0.803548606 1
1053.345 0.752993592 1
1119.198 0.750182489 1
1080.634 0.780823158 1
1009.03 0.782237152 1
1048.285 0.790223147 1
1031.181 0.749815169 1
1025.656 0.734117108 1
1018.064 0.764104434 1
1048.175 0.732974419 1
1025.456 0.829614529 1
1110.954 0.785248865 1
1097.408 0.767444753 1
1042.494 0.769246514 1
1111.06 0.815070447 1
1020.397 0.770203776 1
1011.797 0.760553252 1
1026.311 0.804045543 1
1018.018 0.75249694 1
1067.05 0.799749267 1
1079.405 0.728906196 1
1056.843 0.778549302 1
1101.506 0.823455711 1
1075.449 0.809723445 1
1019.184 0.773980207 1
1168.554 0.832058583 1
1037.985 0.777964132 1
1067.18 0.818065334 1
1081.527 0.751036661 1
1068.42 0.755577854 1
1051.738 0.778581101 1
1024.772 0.700730849 1
1068.725 0.756578843 1
1045.719 0.755124333 1
1023.438 0.688426688 1
1054.957 0.747577785 1
1049.016 0.815592825 1
1055.918 0.789676684 1
1163.561 0.807124715 1
1017.479 0.743665809 1
1028.338 0.775744463 1
1076.783 0.820077829 1
1028.213 0.809837377 1
1041.369 0.733291481 1
1081.066 0.742647355 1
1006.43 0.777288656 1
1060.02 0.726082973 1
1034.348 0.706321939 1
1060.894 0.7958417 1
1087.632 0.752650399 1
1088.816 0.66294613 1
1026.542 0.716921532 1
1019.768 0.691937519 1
1079.045 0.803659348 1
1050.316 0.785994358 1
1038.128 0.718731052 1
1053.128 0.749905933 1
1076.435 0.731438824 1
1022.124 0.71341304 1
1068.488 0.776350386 1
1038.418 0.766764321 1
1069.422 0.766162709 1
1097.521 0.809521743 1
1078.031 0.817348701 1
1049.342 0.78692973 1
1050.271 0.738193295 1
1049.648 0.781748028 1
1028.27 0.691787738 1
1023.921 0.769665476 1
1032.165 0.767507982 1
1034.189 0.682100631 1
1077.275 0.705523751 1
1055.392 0.643773488 1
1053.652 0.663209717 1
1075.675 0.709192421 1
1008.785 0.751446172 1
1075.003 0.804588824 1
1042.468 0.791948046 1
1067.432 0.792506783 1
1066.275 0.76736848 1
1014.658 0.657864774 1
1051.138 0.605549367 1
1083.116 0.691897368 1
1066.064 0.73979299 1
1005.776 0.758097312 1
1013.813 0.621230424 1
1051.294 0.769050196 1
1073.571 0.774081668 1
1028.478 0.737407168 1
1048.599 0.796324879 1
1093.388 0.752346421 1
1036.269 0.792649318 1
1042.205 0.729490836 1
1020.47 0.624215102 1
1076.261 0.829272588 1
1129.841 0.766430373 1
1066.952 0.820404274 1
1107.086 0.818868464 1
1026.442 0.790033936 1
1065.545 0.805744733 1
1195.63 0.794576836 1
1058.745 0.785298798 1
1097.198 0.754964474 1
1019.105 0.7506315 1
1058.192 0.793176261 1
1119.481 0.784549736 1
1088.317 0.749470906 1
1062.753 0.847558349 1
1057.855 0.708419462 1
1027.656 0.678043723 1
1065.587 0.731898426 1
1073.977 0.761102987 1
1066.553 0.71679524 1
1080.446 0.707918936 1
1092.347 0.797860316 1
1074.336 0.738187105 1
1033.77 0.816576078 1
1065.618 0.770420637 1
1022.505 0.770439822 1
1052.401 0.76157691 1
1065.356 0.792241659 1
1090.037 0.821541332 1
1009.725 0.769438534 1
1065.249 0.762550428 1
1082.571 0.728430665 1
1078.081 0.735608655 1
1062.088 0.644407553 1
1072.061 0.764314228 1
1066.766 0.799293197 1
1099.699 0.817203505 1
1085.425 0.757379861 1
1079.909 0.763859482 1
1060.96 0.755420206 1
1067.662 0.729238221 1
1042.893 0.816358345 1
1097.796 0.757088556 1
1077.446 0.806841072 1
1055.163 0.700559959 1
1071.542 0.760032859 1
1036.092 0.817365546 1
1046.653 0.790222281 1
1091.04 0.734864032 1
1041.799 0.571592244 1
1060.571 0.64254416 1
1021.256 0.65148321 1
1086.063 0.816206888 1
1130.101 0.837615669 1
1103.397 0.783495444 1
1068.047 0.822416185 1
1080.984 0.758136538 1
1071.572 0.769604064 1
1044.995 0.807114301 1
1068.024 0.809214897 1
1058.689 0.803634205 1
1020.748 0.69153289 1
1036.035 0.746644127 1
1090.293 0.721485799 1
1074.004 0.805057696 1
1047.307 0.743334324 1
1065.022 0.698154946 1
1060.865 0.798257287 1
1057.896 0.758988333 1
1078.61 0.713814043 1
1052.169 0.74030814 1
1060.226 0.657963191 1
1090.181 0.736457002 1
1083.134 0.826327268 1
1041.775 0.789669826 1
1113.897 0.811625644 1
1063.457 0.770231369 1
1094.517 0.81823677 1
1081.342 0.759772407 1
1093.992 0.746551407 1
1041.289 0.680239578 1
1093.025 0.769863938 1
1012.867 0.757308232 1
1052.343 0.727417341 1
1028.668 0.750184951 1
1079.089 0.763991241 1
1060.231 0.832374463 1
1103.919 0.737566185 1
1038.185 0.678856702 1
1072.009 0.718879771 1
1095.733 0.741075239 1
1073.038 0.777213877 1
1084.621 0.737223531 1
1134.894 0.746503763 1
1061.6 0.816925796 1
1051.986 0.71090934 1
1070.181 0.806068744 1
1091.178 0.815453097 1
1044.036 0.757483549 1
1108.382 0.722233573 1
1127.766 0.81244007 1
1082.968 0.705947522 1
1059.701 0.76474978 1
1088.136 0.784870658 1
1058.56 0.616563051 1
1011.417 0.748088686 1
1079.891 0.740271291 1
1071.953 0.754792863 1
1247.283 0.662153191 1
1073.069 0.698601302 1
1080.363 0.743838301 1
1062.467 0.789770341 1
1071.166 0.79556871 1
1116.098 0.788251183 1
1101.269 0.858554071 1
1085.142 0.780454993 1
1072.943 0.766937122 1
1092.816 0.751266248 1
1080.903 0.710221586 1
1033.627 0.790937392 1
1063.155 0.801463328 1
1055.692 0.736440543 1
1070.969 0.799512636 1
1094.529 0.815975293 1
1062.106 0.700590814 1
1082.44 0.802820618 1
1067.612 0.720915156 1
1108.007 0.797068281 1
1043.225 0.647969203 1
1156.093 0.797462283 1
1088.087 0.765309565 1
1071.243 0.759690452 1
1093.586 0.790555154 1
1096.388 0.807397059 1
1082.991 0.74572967 1
1170.726 0.805476902 1
1092.082 0.823741239 1
1065.145 0.71570968 1
1073.76 0.820107183 1
1041.935 0.754391714 1
1155.858 0.796964333 1
1065.064 0.750425 1
1133.189 0.661114953 1
1068.695 0.693442389 1
1057.513 0.702714034 1
1115.534 0.836863666 1
1046.325 0.81435326 1
1110.564 0.820918451 1
1093.874 0.728875592 1
1062.473 0.752968887 1
1036.381 0.638558995 1
1197.889 0.846786793 1
1074.036 0.775613931 1
1038.26 0.698052229 1
1059.737 0.707982116 1
1116.179 0.763306015 1
1101.567 0.764676336 1
1119.975 0.797189345 1
1081.712 0.727282138 1
1082.572 0.773283275 1
1138.087 0.751534669 1
1108.267 0.787394597 1
1077.341 0.714633072 1
1114.942 0.800897799 1
1062.917 0.7784593 1
1084.945 0.778209289 1
1047.276 0.666609228 1
1140.415 0.746157879 1
1059.084 0.718742852 1
1029.627 0.778730376 1
1082.347 0.815501029 1
1074.138 0.806634955 1
1126.203 0.781377843 1
1137.956 0.815018761 1
1044.47 0.802437528 1
1124.613 0.753954683 1
1064.37 0.717992046 1
1132.638 0.776703957 1
1095.258 0.816066202 1
1079.007 0.647464439 1
1085.018 0.763271535 1
1070.292 0.745975747 1
1109.067 0.7888568 1
1059.166 0.734729212 1
1136.864 0.812906882 1
1077.868 0.803186052 1
1118.794 0.759238816 1
1190.215 0.821543887 1
1096.341 0.712686273 1
1108.609 0.806328001 1
1073.393 0.74455218 1
1176.964 0.813845937 1
1039.343 0.781961646 1
1085.308 0.700147896 1
1082.381 0.769651686 1
1077.037 0.698886003 1
1097.632 0.771617124 1
1094.38 0.828644715 1
1051.198 0.744418714 1
1073.277 0.686444722 1
1096.146 0.816910701 1
