-10.5738 12.2843 0
-11.9498 10.0446 0
-11.5657 11.6739 0
-11.1050 10.9424 0
-10.6906 10.0816 0
-12.4920 10.1873 0
-13.0644 8.8244 0
-10.1361 11.1356 0
-9.8927 11.8888 0
-13.1412 10.0340 0
-10.9730 12.4309 0
-10.5935 10.9979 0
-9.4490 12.6400 0
-11.5769 10.3076 0
-11.1953 11.0863 0
-12.3004 10.4358 0
-9.8297 10.9711 0
-11.0461 11.9618 0
-11.4113 10.7111 0
-11.1241 10.8191 0
-11.1184 10.0049 0
-12.3318 10.3991 0
-11.3537 9.5287 0
-12.1312 10.3169 0
-14.0373 9.1233 0
-11.3212 10.5824 0
-11.6981 11.3270 0
-11.5912 10.9184 0
-10.1025 11.9233 0
-11.6462 11.8604 0
-9.9352 10.6957 0
-11.1945 9.7659 0
-10.1367 10.6333 0
-11.0624 9.6279 0
-11.3469 10.5898 0
-9.3579 12.6635 0
-10.3684 11.8582 0
-11.6843 11.8510 0
-10.2967 9.6854 0
-11.1065 10.4932 0
-10.9737 11.7502 0
-10.3903 10.0531 0
-9.1576 11.6476 0
-12.2914 9.7806 0
-11.2357 12.6125 0
-12.1842 11.0217 0
-8.1638 12.3959 0
-11.7183 10.0982 0
-9.3238 11.2989 0
-12.5541 9.5833 0
-12.1623 10.4279 0
-9.7573 12.8810 0
-10.9603 10.9747 0
-11.4898 10.5865 0
-10.4857 8.9802 0
-11.7248 12.7664 0
-8.8703 12.3713 0
-12.2061 9.6009 0
-12.3956 11.1786 0
-11.9620 9.7912 0
-12.0327 11.1065 0
-10.5730 10.0687 0
-11.9759 10.3541 0
-10.0420 11.0503 0
-12.1752 11.3666 0
-11.1414 12.5052 0
-11.0751 10.6842 0
-10.8616 11.4009 0
-11.4786 11.3890 0
-10.7102 9.7329 0
-11.2313 12.0151 0
-13.0100 11.7616 0
-9.8652 11.8366 0
-11.6893 10.5514 0
-9.7502 11.0456 0
-10.6955 9.8064 0
-10.1421 11.8709 0
-11.2942 12.6800 0
-10.4288 10.8021 0
-11.6573 11.6294 0
-11.7710 10.9131 0
-10.5893 12.4916 0
-10.6661 11.3078 0
-10.9176 10.9308 0
-11.6491 11.8263 0
-12.3344 10.0214 0
-11.2060 10.0153 0
-8.7354 11.3728 0
-11.0141 12.5524 0
-11.7832 11.0517 0
-10.1756 9.0163 0
-11.4422 10.4480 0
-12.2742 10.6413 0
-10.5804 11.0023 0
-10.6100 9.6674 0
-10.7863 12.3764 0
-10.4545 11.1293 0
-9.8434 13.7229 0
-11.1829 10.2367 0
-10.8681 10.6302 0
-10.8829 10.5223 0
-11.4361 12.3648 0
-12.0608 10.8118 0
-10.8593 10.0876 0
-9.8407 10.7177 0
-9.9882 10.9846 0
-11.5397 11.0827 0
-11.3189 8.9518 0
-10.8075 10.5591 0
-10.8923 12.5835 0
-9.5053 11.4694 0
-10.9369 10.1267 0
-10.4907 12.4386 0
-10.0281 10.3673 0
-9.0977 9.8604 0
-9.9529 11.4644 0
-10.0586 10.4930 0
-11.7092 10.7664 0
-10.3838 10.9824 0
-13.0100 9.7731 0
-9.3753 13.1156 0
-11.1244 10.2074 0
-11.3096 11.3050 0
-12.6708 10.7256 0
-11.4573 9.7101 0
-10.8919 12.0825 0
-9.6224 10.9908 0
-10.6991 10.7823 0
-10.8608 10.8555 0
-10.5491 10.6608 0
-11.3122 11.6678 0
-8.1422 13.6747 0
-11.2077 10.7618 0
-9.7322 11.2894 0
-9.9426 12.4586 0
-9.8712 11.5928 0
-11.4845 10.1659 0
-10.0155 12.1645 0
-10.6698 9.9156 0
-11.2983 10.3366 0
-9.8658 11.6746 0
-11.6901 11.1130 0
-10.6603 11.8664 0
-11.7741 11.3648 0
-12.4207 10.7573 0
-11.2268 11.3710 0
-10.7568 11.3795 0
-11.9668 10.8298 0
-10.6793 11.4772 0
-10.6472 11.0831 0
-11.4570 11.1008 0
-10.3180 10.9230 0
-11.0237 10.9162 0
-10.8426 11.6440 0
-10.9017 10.3502 0
-12.6844 11.3433 0
-11.6148 11.4042 0
-11.3779 10.7009 0
-10.2227 10.2975 0
-12.9259 10.0740 0
4.7946 0.5648 1
4.0166 1.5125 1
3.8575 0.1428 1
8.2308 2.0891 1
3.0254 0.2226 1
5.6790 1.1808 1
4.7402 -1.2766 1
4.7954 -2.4281 1
5.7050 0.3393 1
4.5336 0.7428 1
5.0289 -0.3815 1
7.1073 0.1703 1
5.3857 -0.6586 1
6.1161 0.6946 1
6.5529 0.2596 1
5.5805 -0.2943 1
3.8755 -0.3158 1
4.7017 -0.7105 1
6.9474 -0.9831 1
4.9945 -0.3320 1
5.1028 -1.2083 1
5.8303 0.1611 1
4.7096 -1.1864 1
5.8678 -0.4007 1
6.3368 0.0713 1
5.3237 0.6143 1
7.5668 1.7756 1
4.4720 0.4596 1
4.7539 -1.9167 1
5.5877 -0.5616 1
4.3586 -0.6883 1
5.5643 0.1272 1
4.9566 0.8980 1
3.2572 -0.8782 1
4.4729 0.5852 1
7.7478 0.5295 1
3.3433 -0.3914 1
3.9472 -2.0867 1
4.5571 -1.9589 1
4.9376 0.8717 1
4.2355 0.3008 1
4.8395 -0.0841 1
4.7350 -0.3817 1
4.2356 -1.0140 1
1.6072 -2.4678 1
3.9157 -1.1451 1
5.7234 0.7132 1
5.8973 -0.0386 1
4.8987 -0.2262 1
5.2742 -0.1886 1
4.5118 -0.7072 1
4.6253 -1.2168 1
5.5695 0.5871 1
5.7746 0.0806 1
4.8066 -0.3430 1
6.5264 1.7692 1
4.4695 -0.0806 1
4.4580 -1.0539 1
6.2588 1.4266 1
5.4145 0.6103 1
4.8746 -0.2349 1
6.8916 -2.7491 1
3.1955 -0.9657 1
4.9054 1.4620 1
5.4725 0.6277 1
4.9151 0.0412 1
6.0550 0.4089 1
3.0904 -0.3117 1
3.1632 0.2463 1
5.6367 -0.1011 1
5.4770 0.1606 1
5.8279 0.5298 1
5.9117 0.3890 1
4.9347 -0.6907 1
4.7124 0.9220 1
5.2805 -2.1638 1
4.7705 -1.6404 1
5.7475 -1.2117 1
6.7425 0.2769 1
5.4165 1.1104 1
5.4997 -0.7791 1
5.9988 -0.4192 1
7.1545 0.3844 1
6.2389 0.7028 1
3.8952 -0.4475 1
5.0180 0.4149 1
3.6215 -0.8221 1
5.4361 -0.9546 1
5.6067 0.2027 1
4.8985 1.5071 1
4.8278 0.4957 1
5.8974 2.4377 1
4.2872 -0.0778 1
5.3908 1.3656 1
5.0417 -0.4550 1
7.7485 1.8041 1
3.8804 -0.7278 1
6.1000 0.8916 1
5.3527 0.9867 1
3.4727 -1.0904 1
3.6348 0.2392 1
5.1870 -0.0310 1
4.9532 2.0204 1
4.5719 0.8638 1
5.5415 1.6735 1
4.4633 -1.0308 1
4.1505 -1.1701 1
5.7490 1.5463 1
4.7160 -1.1306 1
5.8774 -0.2922 1
4.1736 -1.2147 1
4.2372 0.3117 1
5.3277 -1.0171 1
5.9375 0.8332 1
4.8264 -0.3529 1
5.6706 1.0525 1
3.8939 0.0155 1
5.4255 -0.4606 1
3.5119 0.4102 1
3.0801 0.3981 1
4.5695 -0.5879 1
4.9095 -0.3873 1
3.7785 -1.5273 1
5.1127 1.2080 1
5.9743 0.4099 1
5.3645 -0.3622 1
5.4534 0.7301 1
5.4219 -0.5881 1
4.2306 0.4957 1
4.0120 -0.5088 1
6.6657 0.0096 1
4.2396 -0.7638 1
4.5134 0.3805 1
4.8117 0.3162 1
4.3901 0.4732 1
4.9389 -1.2670 1
5.2273 -0.5552 1
5.5351 -0.1459 1
5.8309 -0.1039 1
5.2882 0.4346 1
4.5188 1.0637 1
4.7299 -1.5570 1
7.5675 1.0563 1
5.1496 -0.7619 1
4.4909 1.1748 1
2.6526 -0.4377 1
4.3246 1.2499 1
5.7387 1.6135 1
5.5355 0.4281 1
4.8644 0.0839 1
5.4147 -0.6225 1
5.5202 -0.0231 1
6.1017 2.1305 1
5.0486 0.1963 1
4.6364 0.5943 1
6.2148 2.0538 1
5.1758 -0.6826 1
5.0866 1.0468 1
3.8993 -0.8295 1
2.5588 0.6590 1
-1.6872 -4.7394 2
-0.5333 -3.1997 2
-0.1237 -4.7114 2
0.3135 -4.7724 2
-2.3309 -3.9783 2
-1.0528 -4.7389 2
-2.0612 -4.9988 2
-1.0691 -6.2614 2
0.0982 -4.9710 2
-0.5680 -5.9317 2
-0.3529 -3.8570 2
-0.7243 -3.8245 2
-0.2089 -2.7444 2
-1.2335 -3.8686 2
-2.7127 -5.3227 2
-0.7818 -4.7853 2
-0.6395 -5.8134 2
-2.4951 -6.1316 2
-1.5505 -3.6426 2
-2.1322 -6.0170 2
-1.4456 -6.1573 2
-1.3025 -6.2384 2
-0.6755 -3.6808 2
-2.1684 -5.1605 2
-0.0061 -5.1574 2
-0.4835 -6.6199 2
-0.2889 -5.0089 2
-2.8719 -5.3061 2
-0.8089 -5.0045 2
-0.2004 -4.1922 2
-1.3318 -5.3767 2
-0.9406 -3.5999 2
-1.0360 -5.1434 2
-1.3767 -5.6875 2
-2.0539 -5.6881 2
0.3821 -5.1836 2
-0.6191 -5.0846 2
-1.4531 -5.9855 2
-0.6533 -6.5066 2
0.5279 -4.3920 2
-0.2844 -5.7288 2
-1.4457 -5.6832 2
-1.2726 -5.5719 2
-1.7161 -4.4779 2
-0.3549 -2.5741 2
-3.0424 -5.9042 2
-0.3306 -4.7766 2
-1.7557 -6.5691 2
-1.6820 -7.7688 2
-1.2853 -3.3425 2
-1.7398 -5.0424 2
-0.4982 -4.6707 2
-1.4335 -4.6944 2
-0.8244 -5.3272 2
-0.6901 -4.9203 2
-1.5611 -4.7812 2
0.1647 -5.1091 2
0.2022 -3.8301 2
-0.9319 -5.6173 2
-0.1296 -5.3072 2
-1.3485 -5.0160 2
-1.2965 -5.6211 2
-0.2923 -5.1643 2
1.4106 -3.4533 2
-0.8753 -6.5551 2
-1.4214 -4.4954 2
-1.0011 -6.0524 2
0.6148 -3.9126 2
-3.2604 -6.2670 2
-0.1147 -4.6914 2
-0.2125 -4.0650 2
-1.5362 -5.3436 2
-0.7560 -4.3965 2
-0.9833 -3.8035 2
-0.7450 -5.8175 2
-0.7543 -6.1119 2
-1.4812 -4.5458 2
-2.2548 -5.0605 2
-1.0794 -4.8688 2
-0.3101 -3.9605 2
0.4013 -5.2017 2
-1.4519 -5.6395 2
-0.9539 -5.4320 2
-1.0777 -4.0422 2
0.8940 -4.8265 2
0.3387 -5.4021 2
-1.0951 -4.9113 2
-0.3633 -4.0551 2
-0.5257 -4.7476 2
-1.6623 -3.4458 2
1.1920 -3.9163 2
-0.2911 -3.9990 2
-0.9839 -5.7212 2
-2.0613 -6.0468 2
-2.0386 -5.6610 2
-1.9025 -5.4896 2
-0.9121 -4.0854 2
-0.5291 -3.7844 2
-0.5742 -5.0641 2
-0.6514 -7.6398 2
-1.0039 -7.3869 2
-1.2903 -4.9210 2
0.1533 -5.0183 2
-1.8666 -5.0597 2
-0.1622 -5.9460 2
-0.2964 -5.8431 2
-0.5910 -5.3965 2
-1.4596 -4.3044 2
-0.4769 -5.5465 2
0.0196 -5.2446 2
-1.2914 -5.1679 2
-0.3207 -5.2834 2
-0.2152 -4.0271 2
0.2799 -6.3195 2
-1.9641 -5.4493 2
-0.8092 -5.3400 2
0.0667 -5.4056 2
0.8701 -3.6896 2
-2.4721 -5.3992 2
1.1660 -3.1474 2
-1.5286 -4.0912 2
-1.4788 -4.2144 2
-1.7575 -4.7903 2
-0.6454 -5.5997 2
-0.4009 -3.7585 2
-3.0470 -5.8852 2
-1.7345 -4.9628 2
-0.3842 -4.9223 2
-2.5608 -4.0389 2
0.0353 -3.9624 2
-1.0009 -5.0076 2
-0.9127 -3.8041 2
-0.3341 -4.0980 2
-1.0288 -4.4801 2
-1.9198 -4.6649 2
-1.3624 -5.0333 2
-2.8166 -6.5797 2
-1.0677 -4.8114 2
-2.0074 -4.7879 2
0.3786 -5.8885 2
-2.0082 -6.7167 2
-1.3843 -5.6959 2
-0.9947 -3.7548 2
-0.9575 -7.0716 2
-1.7784 -4.3245 2
-0.4593 -4.6667 2
-0.3235 -5.3321 2
-2.9931 -7.1218 2
-1.9745 -7.2744 2
-0.1979 -3.3445 2
-0.7952 -5.5772 2
-0.6930 -4.4757 2
-2.0408 -5.5109 2
-1.8115 -6.7787 2
0.2425 -4.5929 2
-0.6037 -3.9627 2
-0.9957 -3.1283 2
-1.0528 -5.5926 2
-1.3732 -4.8454 2
-0.4480 -4.3096 2
-4.5129 1.6968 3
-4.9975 2.4872 3
-2.8532 4.4637 3
-3.3560 1.7598 3
-4.3380 0.8687 3
-5.6786 1.6276 3
-3.1572 3.4935 3
-6.4397 1.4384 3
-4.6186 1.8340 3
-3.8416 0.9321 3
-3.3823 1.7256 3
-2.5946 3.4813 3
-3.4089 2.4051 3
-4.6804 1.8590 3
-2.5857 1.4444 3
-3.7825 1.6342 3
-3.8859 1.8466 3
-4.5578 1.0975 3
-1.2191 1.6478 3
-2.7176 2.5122 3
-2.7255 2.5855 3
-4.4659 1.1888 3
-4.0871 1.6656 3
-2.1623 3.9253 3
-4.6586 1.7876 3
-3.7453 2.1558 3
-3.7540 1.7409 3
-3.2985 2.0589 3
-5.5009 1.1801 3
-2.5555 3.9782 3
-4.2373 1.6867 3
-4.9278 2.8590 3
-3.0307 3.4977 3
-4.6194 1.1097 3
-4.8597 0.7729 3
-4.1739 1.4257 3
-3.8986 3.8506 3
-2.1843 5.1946 3
-4.7111 2.2929 3
-2.7519 3.0519 3
-5.1410 0.3983 3
-5.1057 1.2600 3
-1.9358 2.6662 3
-4.3472 0.6704 3
-3.7046 3.5145 3
-4.3541 1.7394 3
-5.0317 1.4624 3
-3.9205 1.0734 3
-3.7858 4.0840 3
-3.5877 2.4371 3
-4.5698 0.6380 3
-5.4377 1.6946 3
-5.3548 1.4458 3
-4.0553 3.1099 3
-5.1828 3.5478 3
-3.7341 2.6429 3
-4.3322 1.7498 3
-3.4672 2.8990 3
-3.8954 1.3763 3
-3.8804 2.3899 3
-3.8186 1.8517 3
-3.8528 3.4538 3
-2.1922 1.7431 3
-4.3210 1.0710 3
-4.6562 0.6192 3
-3.8502 2.1462 3
-2.8242 2.3783 3
-3.1933 2.1684 3
-3.4727 0.2925 3
-4.5702 3.7741 3
-5.4290 1.8266 3
-2.0957 3.0630 3
-4.0743 1.0141 3
-2.9777 2.7061 3
-4.9774 2.8210 3
-4.3512 2.2965 3
-4.8276 0.8587 3
-3.3649 2.6773 3
-3.0482 2.2064 3
-5.0985 1.7217 3
-3.2061 1.5514 3
-3.4123 3.3653 3
-3.7887 2.3213 3
-4.0585 1.1822 3
-3.1313 2.5298 3
-4.4716 1.7641 3
-4.1338 1.2244 3
-2.0656 1.4597 3
-4.8111 2.2958 3
-4.0717 1.9252 3
-3.6898 1.5574 3
-4.7753 2.6675 3
-3.5770 2.8651 3
-5.1870 2.1549 3
-4.7716 1.5835 3
-3.7869 1.2457 3
-4.1799 0.5961 3
-2.9916 2.6401 3
-3.7739 1.8880 3
-5.1388 -0.1013 3
-5.6448 0.7518 3
-4.0659 1.4567 3
-3.7914 1.3996 3
-4.0976 2.6362 3
-2.6252 2.1492 3
-3.5677 1.5714 3
-3.8958 1.4531 3
-3.3539 1.9569 3
-5.3769 2.1041 3
-4.2572 2.3100 3
-5.4067 0.8880 3
-3.2638 3.0314 3
-3.8055 1.1782 3
-5.6748 1.3422 3
-4.4379 2.5257 3
-4.4913 3.0235 3
-4.4573 3.1069 3
-4.0721 0.0674 3
-3.9163 2.6211 3
-2.2034 1.7343 3
-5.7480 -0.0341 3
-3.4908 2.4750 3
-3.9553 1.9054 3
-2.3487 2.7071 3
-4.6486 3.4333 3
-4.5908 1.1091 3
-4.7311 1.1049 3
-4.7246 1.6511 3
-5.1544 2.8155 3
-2.8450 1.1487 3
-3.7918 1.8687 3
-3.1203 2.3872 3
-3.6962 2.4061 3
-2.5905 2.2900 3
-5.1822 1.8112 3
-2.3934 2.1932 3
-3.2783 2.4361 3
-2.4980 2.3789 3
-4.3512 1.3239 3
-2.9515 1.7234 3
-4.4318 2.4527 3
-4.8299 -0.0642 3
-3.3861 0.7555 3
-4.8576 1.4427 3
-4.6313 0.6301 3
-3.8754 1.4369 3
-3.1194 3.8158 3
-5.0069 1.9183 3
-4.8730 2.5166 3
-3.5962 3.2636 3
-4.1613 0.8739 3
-5.8917 1.1700 3
-5.3511 0.1845 3
-4.1033 2.1944 3
-3.7844 3.1060 3
-3.8136 2.2329 3
-4.6291 3.6125 3
-2.8198 5.1850 3
-3.9559 1.6682 3
-2.8464 2.2784 3
-5.2220 0.0536 4
-4.4650 2.5333 4
-3.1042 2.0039 4
-4.9332 1.8788 4
-3.8265 -0.6639 4
-6.7558 -0.1415 4
-3.6313 1.8219 4
-6.1824 2.0115 4
-4.6455 0.1489 4
-3.9352 0.1340 4
-3.1354 2.4965 4
-4.6886 2.2985 4
-3.8789 1.4513 4
-5.6865 -0.2381 4
-3.9914 1.8471 4
-5.8001 0.1594 4
-5.5249 0.8349 4
-4.1754 2.2286 4
-5.5450 0.7873 4
-4.1490 2.8388 4
-4.6195 -0.0352 4
-7.6707 -1.4483 4
-4.6605 0.7729 4
-5.1283 0.8896 4
-4.7321 0.4353 4
-6.5399 -0.5306 4
-4.8281 1.2374 4
-3.9672 2.5014 4
-3.6338 0.5587 4
-2.5528 2.3967 4
-6.5029 1.5374 4
-4.0466 0.3157 4
-5.1405 1.9038 4
-4.7882 0.7286 4
-3.7290 2.0279 4
-5.4625 0.5866 4
-4.2828 1.0753 4
-3.5796 2.0820 4
-5.9638 2.6485 4
-6.3956 0.1853 4
-4.9064 0.8519 4
-4.3322 2.7480 4
-4.2259 1.7603 4
-5.5836 -0.3752 4
-6.3239 -0.5042 4
-4.9361 0.7075 4
-4.5196 1.4741 4
-3.5310 2.1831 4
-3.6466 1.6994 4
-4.6029 -0.1910 4
-5.6780 0.4963 4
-4.7569 0.0161 4
-3.0781 1.5403 4
-5.6958 1.5340 4
-5.6946 0.7238 4
-5.2861 0.4160 4
-5.3081 0.7330 4
-2.8640 0.8884 4
-5.4692 0.9801 4
-5.2987 -1.4032 4
-4.1941 1.3838 4
-5.2624 -0.2744 4
-5.3917 0.2718 4
-5.4681 0.8666 4
-5.7552 0.0559 4
-4.4214 2.8964 4
-3.7522 0.7384 4
-6.8403 -1.0190 4
-6.0672 -0.8214 4
-4.0403 0.8687 4
-3.2466 1.8939 4
-4.9630 3.0822 4
-4.9497 1.0949 4
-5.7230 2.0996 4
-4.9702 2.3278 4
-3.2318 2.4580 4
-4.1455 -0.2882 4
-4.8879 2.0423 4
-4.8102 2.3272 4
-4.5783 -0.6932 4
-5.2267 0.9703 4
-5.7390 2.3597 4
-6.1235 1.6818 4
-4.3204 2.7322 4
-5.3221 1.0402 4
-5.4419 0.8754 4
-5.9498 0.7461 4
-4.9238 0.4863 4
-5.1926 0.3371 4
-3.7958 2.1765 4
-4.8574 1.2413 4
-4.8972 1.1195 4
-3.0301 2.2505 4
-5.6817 -1.2500 4
-3.8730 3.4355 4
-6.6099 0.4591 4
-4.6010 0.6406 4
-3.1336 1.2859 4
-4.4044 1.5086 4
-5.4634 0.0929 4
-4.2323 3.6625 4
-4.3627 1.9199 4
-5.5425 -0.7415 4
-5.1585 0.2619 4
-3.9429 0.4373 4
-4.8525 0.3274 4
-4.1227 0.5330 4
-4.9174 0.2020 4
-6.2894 1.7303 4
-6.4513 0.6358 4
-5.0660 1.7911 4
-5.8224 1.4034 4
-5.3942 0.0791 4
-5.0413 1.5830 4
-6.9079 -0.5433 4
-4.9462 0.0571 4
-5.8366 2.0933 4
-4.4166 -0.0177 4
-5.7759 -0.7247 4
-5.7340 -0.2134 4
-6.5795 -0.2408 4
-3.2126 1.8321 4
-4.3554 0.6052 4
-5.2359 0.6445 4
-4.8851 0.0463 4
-4.7745 0.9234 4
-3.1086 1.2473 4
-3.4298 1.7226 4
-5.7107 1.6068 4
-5.4963 -0.5564 4
-4.8521 0.1561 4
-6.0847 1.2374 4
-5.5074 0.2487 4
-4.0734 1.0599 4
-3.0197 1.6433 4
-4.6123 1.9823 4
-5.1896 0.1949 4
-6.1119 -0.1251 4
-5.1148 1.3932 4
-3.4975 1.9282 4
-5.2282 2.2412 4
-2.9435 1.9436 4
-5.8605 2.6879 4
-3.9961 1.0904 4
-2.5336 1.1779 4
-6.5631 -0.0591 4
-2.5134 2.3862 4
-3.8496 0.3458 4
-4.4919 1.9134 4
-6.0583 1.9687 4
-5.3351 -0.4161 4
-4.2250 2.4573 4
-5.0512 1.7343 4
-6.9410 -0.2753 4
-4.9284 0.9312 4
-5.9907 2.0966 4
-4.4607 1.8957 4
-4.7602 2.9030 4
-4.7900 2.5557 4
-7.0395 -0.5976 4
