13.0443 -13.8351 0
13.0562 -12.6121 0
10.6517 -15.8624 0
11.9025 -12.3280 0
14.6188 -12.3618 0
14.4584 -13.4034 0
12.8691 -12.8119 0
12.3055 -14.1362 0
12.2800 -15.7875 0
14.5421 -14.1333 0
13.3239 -14.5966 0
13.2237 -13.5252 0
13.2493 -13.6195 0
12.2659 -14.2072 0
11.1734 -13.5516 0
12.9516 -13.5111 0
14.1894 -13.6649 0
12.2399 -15.8656 0
11.9315 -15.3627 0
14.0710 -13.3288 0
11.6004 -14.2012 0
12.7429 -13.5756 0
12.6124 -12.6715 0
13.4848 -13.5422 0
14.4341 -13.3058 0
14.1086 -13.7997 0
12.4351 -14.2657 0
13.1625 -11.4200 0
11.7026 -14.7737 0
10.4827 -13.9799 0
13.2971 -14.4675 0
11.3590 -15.5804 0
13.3118 -12.9826 0
12.9117 -15.2953 0
13.0112 -14.5365 0
14.0324 -13.1203 0
12.5886 -14.1552 0
13.1377 -13.9972 0
12.3214 -14.3639 0
12.8187 -12.9483 0
11.5214 -14.0298 0
12.4123 -13.3910 0
13.5050 -13.2891 0
12.6176 -14.6615 0
15.4580 -13.6478 0
13.4450 -14.6332 0
11.5587 -13.4032 0
14.1138 -13.4397 0
12.3316 -13.2654 0
12.0407 -14.7249 0
11.8507 -14.7017 0
14.1071 -14.1484 0
13.4696 -13.1798 0
12.5081 -14.3699 0
13.0062 -14.3469 0
14.2188 -13.4592 0
13.2235 -12.7446 0
14.2712 -15.8460 0
12.8286 -13.3815 0
12.1370 -12.8137 0
12.7527 -13.3167 0
11.4161 -15.9419 0
13.4682 -15.0210 0
12.9398 -13.4259 0
11.8024 -15.6949 0
12.4196 -12.6459 0
12.0908 -14.1802 0
13.3690 -13.1968 0
12.4609 -12.0881 0
13.2811 -13.0911 0
13.7170 -12.7990 0
11.4086 -15.6993 0
12.4444 -13.2459 0
11.4068 -15.6838 0
13.7769 -13.4097 0
14.3199 -14.1589 0
11.6355 -14.5236 0
12.7015 -14.4572 0
13.4476 -16.2906 0
14.5777 -13.7021 0
13.3559 -14.2574 0
14.0649 -13.4904 0
12.6336 -13.0026 0
12.7679 -14.0740 0
13.4009 -12.7872 0
14.6821 -12.8011 0
13.8808 -14.6802 0
12.3727 -13.9520 0
12.3174 -13.8047 0
12.2751 -13.5439 0
14.3678 -14.2972 0
14.6402 -13.4500 0
12.0858 -13.8801 0
14.8394 -13.9984 0
12.7461 -13.6375 0
14.0216 -13.7944 0
15.2887 -13.0405 0
14.3377 -13.8985 0
14.1425 -12.5169 0
13.9542 -13.9425 0
11.5521 -16.0054 0
12.4423 -14.4807 0
13.2465 -14.3712 0
13.7793 -13.5351 0
12.4457 -14.3059 0
12.3650 -14.5299 0
13.4050 -14.6204 0
11.6412 -14.0093 0
12.2354 -15.3330 0
12.7427 -14.1004 0
13.1273 -13.1041 0
12.7761 -13.6599 0
12.9184 -14.5878 0
12.5454 -14.6047 0
13.5536 -13.0732 0
13.7681 -13.4562 0
12.5468 -13.0193 0
14.0669 -15.0277 0
13.5053 -14.9456 0
12.7862 -13.8612 0
12.3489 -13.7265 0
11.1173 -14.5972 0
13.3567 -15.0717 0
12.6627 -14.4336 0
12.6730 -15.7627 0
11.5383 -14.1875 0
12.0430 -14.9503 0
13.0588 -14.7105 0
12.4307 -14.2797 0
12.5153 -14.2643 0
11.2670 -16.4009 0
12.0167 -14.1151 0
13.2735 -13.1083 0
11.2842 -15.4809 0
12.4251 -13.3487 0
14.0579 -12.7121 0
13.1435 -13.3755 0
12.4708 -14.8705 0
12.6491 -14.0419 0
13.9487 -12.8864 0
13.9141 -11.8888 0
12.7861 -14.0935 0
13.5004 -13.4521 0
13.1879 -13.3121 0
11.6267 -14.2697 0
13.8671 -13.4567 0
12.0479 -15.3405 0
13.7190 -11.7377 0
13.1276 -13.2270 0
10.8811 -15.1590 0
12.0925 -14.3376 0
12.6931 -13.8260 0
13.2221 -13.0046 0
13.5173 -13.8521 0
13.8105 -14.2241 0
12.6058 -13.5294 0
12.9055 -14.9580 0
12.8089 -14.5759 0
11.4209 -16.0761 0
10.9051 -14.7737 0
-6.9587 10.2508 1
-7.4491 11.2289 1
-7.3513 11.1166 1
-6.9536 11.7610 1
-7.1983 12.0088 1
-5.6638 11.1398 1
-7.1665 12.0705 1
-7.5268 10.7200 1
-6.9043 11.7315 1
-6.7219 13.0005 1
-7.0020 10.7036 1
-7.2051 12.5779 1
-7.7428 12.9162 1
-7.2372 11.7689 1
-6.4814 11.5623 1
-6.9570 13.2043 1
-7.7523 10.9758 1
-5.8768 11.6989 1
-5.9079 13.0723 1
-9.2524 11.1013 1
-6.1927 11.5237 1
-5.1591 12.5623 1
-6.6016 12.6714 1
-5.8693 11.7370 1
-8.8916 12.0706 1
-7.4768 13.2789 1
-8.5645 10.8186 1
-7.9722 12.6188 1
-6.8155 12.1004 1
-6.7170 12.7423 1
-5.5072 13.4029 1
-7.8324 11.9860 1
-5.9957 13.0862 1
-8.3478 10.5078 1
-7.2934 10.0613 1
-6.9769 12.8611 1
-6.5714 13.1522 1
-6.2497 12.3336 1
-5.2651 13.8207 1
-8.2941 10.8131 1
-6.1604 13.2409 1
-8.1200 10.6880 1
-8.1499 11.6905 1
-7.4331 11.8696 1
-7.6369 12.8886 1
-8.8510 10.6075 1
-7.2189 13.9898 1
-5.9486 11.9639 1
-5.4296 13.8176 1
-7.0838 12.7057 1
-5.6138 10.6469 1
-5.9963 13.1537 1
-7.1246 11.9354 1
-5.0422 12.9059 1
-6.3749 12.3104 1
-5.7780 14.0698 1
-6.8553 12.5681 1
-7.7707 10.7020 1
-6.9165 10.7212 1
-7.5426 11.6928 1
-4.0967 12.9676 1
-8.8475 8.2732 1
-6.3578 13.8731 1
-7.9714 10.5011 1
-8.5527 10.3340 1
-6.5227 11.7378 1
-6.3006 12.2382 1
-7.8164 12.2598 1
-7.3949 12.1549 1
-6.2854 12.6419 1
-7.6123 11.6200 1
-6.5710 10.0899 1
-6.2521 12.3684 1
-7.7198 11.5739 1
-7.0928 12.2026 1
-5.1733 12.2490 1
-6.7031 11.9189 1
-6.4469 12.0126 1
-6.2291 12.3160 1
-7.8190 9.8433 1
-4.7213 13.6457 1
-8.1718 10.8300 1
-6.9329 11.8187 1
-6.2193 11.6437 1
-8.2161 10.8454 1
-6.5796 10.8857 1
-7.0014 12.4165 1
-7.7164 10.5936 1
-5.3194 11.7217 1
-5.1899 12.3116 1
-7.7706 12.6717 1
-7.2289 13.4167 1
-6.9870 12.0719 1
-5.2478 12.5914 1
-7.7561 12.8336 1
-8.6786 10.7237 1
-7.6231 12.0116 1
-7.9163 10.9726 1
-6.1717 14.7435 1
-6.7342 11.5848 1
-7.4642 11.7085 1
-7.8676 11.9433 1
-8.3879 10.8959 1
-7.1138 11.0348 1
-6.9751 12.0942 1
-6.8480 11.9129 1
-7.0424 12.6549 1
-8.3146 11.2498 1
-7.1687 12.8298 1
-6.5280 12.1977 1
-7.1547 12.2440 1
-8.0438 13.9807 1
-6.3341 13.6035 1
-6.4568 13.5605 1
-6.3614 12.1508 1
-6.0545 13.5329 1
-6.1569 12.4345 1
-6.6474 12.1336 1
-8.4075 11.0070 1
-5.1418 12.9747 1
-4.9306 11.6129 1
-8.1084 12.9538 1
-7.6065 11.6416 1
-8.2307 11.5898 1
-8.6920 9.7889 1
-7.7759 12.1229 1
-7.3666 11.2289 1
-8.3127 11.1463 1
-6.8507 11.9227 1
-7.7793 13.1792 1
-6.2852 12.3726 1
-6.5164 13.1926 1
-7.3643 11.6053 1
-5.5663 12.0380 1
-8.0077 12.7799 1
-4.7394 12.4633 1
-6.7314 12.7789 1
-7.5934 11.2256 1
-6.5770 12.3379 1
-5.2739 12.8588 1
-7.3727 11.3865 1
-6.1551 12.4773 1
-5.3285 12.9635 1
-8.1473 13.0287 1
-5.5992 15.5436 1
-8.3617 12.5527 1
-5.9493 13.4398 1
-6.2940 11.2296 1
-8.4650 10.9810 1
-8.8585 11.4019 1
-5.4385 12.0040 1
-6.5143 10.5600 1
-6.4154 11.4999 1
-7.6165 9.9634 1
-7.5816 10.4601 1
-6.0443 14.1272 1
-5.7532 11.9449 1
-7.2258 12.3082 1
-6.2523 11.8134 1
-8.9389 13.3022 1
-9.7113 -1.6510 2
-10.8726 -3.4041 2
-12.9844 -3.1067 2
-9.4445 -0.8620 2
-9.9180 -1.0125 2
-7.7872 -1.7013 2
-7.4837 -1.9893 2
-11.2991 -2.2636 2
-10.8752 -2.2913 2
-10.6335 -0.9038 2
-10.8839 -3.3721 2
-12.2271 -2.1606 2
-10.9089 -2.6558 2
-11.1955 -1.9221 2
-10.1033 -2.4397 2
-10.3780 -1.9634 2
-10.0285 -0.7480 2
-10.0325 -2.6226 2
-7.9491 -1.0462 2
-10.5866 -1.8726 2
-9.8641 -0.5487 2
-11.9483 -2.9887 2
-9.1384 -2.7494 2
-8.1289 -1.6440 2
-9.1914 -1.5659 2
-10.8160 -2.1715 2
-11.2764 -1.7643 2
-10.8129 -2.9932 2
-9.4753 -0.4346 2
-10.6573 -2.0989 2
-9.3041 -2.0015 2
-10.6714 -1.9388 2
-11.7690 -0.9541 2
-10.1051 -2.4760 2
-9.4468 -1.4719 2
-10.0497 -4.3794 2
-10.3034 -2.9646 2
-8.8397 -1.2444 2
-10.6456 -1.8143 2
-9.1528 -1.6639 2
-10.3359 -2.8955 2
-9.9781 -2.3144 2
-8.3762 -1.8152 2
-10.1356 -2.0909 2
-8.1928 -0.8553 2
-9.5784 -2.4980 2
-8.8296 -0.1698 2
-11.9834 -2.2381 2
-9.1559 -0.3051 2
-10.0427 -2.2341 2
-9.9262 0.0171 2
-9.8188 -2.0384 2
-9.3333 -1.9572 2
-10.7900 -2.6087 2
-9.8724 -0.7974 2
-10.3334 0.2890 2
-10.2835 -1.6495 2
-10.3828 -2.3771 2
-9.9548 -0.7800 2
-11.8024 -1.8990 2
-9.7383 0.0299 2
-10.0500 -2.4164 2
-8.6360 -1.3156 2
-10.3951 -1.6144 2
-10.7444 -3.2433 2
-9.6367 -2.6436 2
-8.5352 -1.4142 2
-8.6253 -1.0493 2
-9.3968 -1.4134 2
-10.1978 -2.0204 2
-11.1723 -1.4821 2
-10.2398 -1.9036 2
-9.6632 -2.8821 2
-11.0256 -2.4532 2
-9.3628 -1.0432 2
-11.3038 -2.5141 2
-10.0620 -2.5905 2
-9.2193 -2.4454 2
-8.9847 -1.4918 2
-10.0824 -0.1794 2
-11.2147 -4.1906 2
-9.7618 -1.4634 2
-9.5957 -1.7342 2
-11.2941 -2.2987 2
-10.5289 -3.4230 2
-9.4978 -0.8607 2
-9.7452 -0.8738 2
-9.5151 -1.7467 2
-12.5733 -2.3156 2
-10.6120 -2.0068 2
-10.2385 -1.0702 2
-11.6561 -1.7346 2
-10.0376 -3.6460 2
-9.3633 -0.8717 2
-11.4261 -2.1667 2
-10.9108 -0.2496 2
-10.2981 -2.7206 2
-9.8692 -3.2784 2
-9.8385 -0.7012 2
-9.2270 -1.1830 2
-10.4312 -1.9575 2
-8.1469 -0.9861 2
-11.5643 -2.7520 2
-10.5589 -2.4351 2
-9.5736 -1.5479 2
-9.8329 -2.0471 2
-11.1741 -2.1232 2
-11.8389 -3.1340 2
-11.0042 -2.1946 2
-12.3133 -2.2897 2
-9.4891 -0.7215 2
-9.9552 0.1853 2
-9.1557 -0.5819 2
-9.7833 -3.0658 2
-9.5893 -1.4492 2
-9.9723 -1.2790 2
-10.4231 -1.4276 2
-11.5924 -2.4380 2
-9.9797 -3.1601 2
-11.2049 -1.8437 2
-10.0441 -2.4246 2
-9.3199 -1.4908 2
-10.3118 -2.8092 2
-9.8911 -0.8911 2
-9.2596 -0.3236 2
-8.7702 -0.9182 2
-9.8106 -1.4428 2
-10.7861 -1.2333 2
-10.7104 -3.2185 2
-9.1848 -2.9635 2
-10.7358 -1.2607 2
-9.1578 -1.9486 2
-10.0045 -2.1946 2
-10.2428 -2.0280 2
-10.2057 -2.8280 2
-10.1371 -1.2935 2
-8.2273 -1.7374 2
-10.3001 -2.9744 2
-10.8406 -1.5593 2
-10.6901 -0.8325 2
-11.6023 -4.0338 2
-10.5284 -1.6273 2
-9.8722 -2.9766 2
-9.5893 -0.6585 2
-8.8271 -0.6697 2
-10.6895 -3.2738 2
-8.8344 -2.6337 2
-9.7791 -1.7860 2
-11.0193 -3.0786 2
-11.6411 -2.0269 2
-10.4756 -2.9637 2
-11.2636 -2.2463 2
-11.2943 -1.6179 2
-10.5291 -1.3379 2
-9.8933 -1.9560 2
-8.8431 0.1612 2
-10.3715 -1.3245 2
-10.1993 -1.8930 2
-9.4618 -2.6903 2
-10.9829 -0.9208 2
-4.2308 -0.9150 3
-3.6097 1.8969 3
-5.8410 0.2640 3
-3.6133 -0.7812 3
-3.8768 0.4662 3
-3.6788 0.1963 3
-1.5764 1.7067 3
-2.9710 0.9152 3
-5.2246 -0.5994 3
-5.0565 0.5369 3
-4.5289 -0.2318 3
-2.9390 -0.1079 3
-2.6525 1.9288 3
-4.3272 1.9314 3
-3.7569 0.2571 3
-3.7861 0.6493 3
-4.5295 0.8437 3
-3.8570 -0.3750 3
-3.8188 1.7317 3
-4.4861 0.4522 3
-4.4683 -0.0838 3
-3.1557 -0.3921 3
-4.6277 -1.1733 3
-2.7011 0.9807 3
-5.1342 -1.6742 3
-3.6079 -0.2478 3
-3.1817 0.4148 3
-4.3973 0.1407 3
-2.7510 0.5702 3
-6.2398 0.8266 3
-4.9814 -0.7896 3
-3.3459 0.3722 3
-4.7137 -0.4310 3
-3.3699 0.5877 3
-2.8602 0.2741 3
-5.3758 1.7408 3
-5.0082 -1.2924 3
-3.1107 -1.4431 3
-3.9384 -0.3236 3
-3.4721 1.7700 3
-1.9838 1.1311 3
-5.8324 -1.2353 3
-3.2047 -0.5245 3
-4.0228 0.2843 3
-4.1762 -0.0548 3
-4.6972 0.2833 3
-3.2435 -1.1597 3
-2.8091 2.3144 3
-3.6235 0.3218 3
-6.2101 -2.5913 3
-3.3048 1.2391 3
-5.6574 -0.4679 3
-2.7957 -0.3267 3
-2.1293 -0.0770 3
-4.9572 0.5239 3
-4.6020 -1.2928 3
-4.2196 -0.3751 3
-4.8572 -2.2766 3
-3.6409 -0.9114 3
-5.0191 -0.7104 3
-3.1220 0.2564 3
-2.9310 3.6771 3
-2.8882 0.5077 3
-3.9395 -0.4127 3
-5.0957 -0.8864 3
-4.7250 -0.3748 3
-3.3678 -0.3152 3
-4.1400 0.5885 3
-4.2262 0.9164 3
-5.9681 -1.2411 3
-2.3475 1.8711 3
-5.4596 -1.8382 3
-3.7508 -0.8085 3
-4.2214 -0.1242 3
-3.8300 0.6751 3
-5.2370 -0.6127 3
-3.0738 0.0191 3
-3.9575 -0.6433 3
-3.4397 0.3610 3
-6.0438 -2.8220 3
-3.4539 -0.5123 3
-5.2691 -0.0613 3
-5.1671 -0.8728 3
-4.6443 -2.0086 3
-4.2117 0.5365 3
-3.2122 0.2482 3
-3.8662 -0.3485 3
-4.1350 -1.2615 3
-5.6803 0.9943 3
-2.9722 0.2619 3
-2.7226 0.8381 3
-5.3073 -0.0953 3
-4.0710 0.0346 3
-5.2600 0.6760 3
-4.8524 -0.4882 3
-4.2970 -1.5795 3
-4.0707 0.6380 3
-4.0081 1.5205 3
-3.2700 0.6576 3
-4.5131 -0.4757 3
-4.4951 0.9843 3
-4.1545 0.3502 3
-3.4791 -0.0965 3
-5.2283 -1.1549 3
-2.3660 1.7570 3
-3.4712 0.0873 3
-4.3525 -1.0165 3
-2.9304 -0.3028 3
-3.3827 0.7042 3
-3.8238 -0.2415 3
-5.0254 -0.0876 3
-4.6116 0.7551 3
-3.8847 -2.1382 3
-2.9481 -0.2471 3
-6.5700 -1.0620 3
-4.0761 0.7661 3
-3.8182 0.1632 3
-4.1250 0.7925 3
-3.5984 0.0957 3
-3.3199 0.1566 3
-3.8633 1.2074 3
-3.7556 0.0768 3
-3.1348 -0.3917 3
-4.6303 -1.5631 3
-2.8707 -0.3811 3
-3.8008 0.6149 3
-3.7623 0.7159 3
-2.7743 -0.3926 3
-3.8191 0.0780 3
-5.8881 -1.0875 3
-2.9534 0.2149 3
-5.3221 -0.3765 3
-4.6277 2.0947 3
-3.1511 -0.3295 3
-5.2720 -2.0692 3
-4.6045 1.3227 3
-2.7011 0.6196 3
-3.9162 -0.5968 3
-3.7237 -0.2603 3
-3.8462 0.7912 3
-5.0693 -2.2329 3
-2.8337 -0.8108 3
-4.6850 -0.8934 3
-4.2419 0.8012 3
-4.5375 1.0045 3
-4.1787 0.3203 3
-4.4494 -0.8653 3
-4.4385 0.8018 3
-2.1175 1.9840 3
-3.1617 0.1084 3
-6.0800 -1.1178 3
-3.3012 0.9441 3
-5.0209 1.0800 3
-3.1198 -0.2856 3
-3.0692 -0.6617 3
-3.3739 0.8317 3
-4.8263 -0.8246 3
-4.5583 -1.0402 3
-3.4652 0.1336 3
-4.2490 1.0021 3
12.0902 -9.7276 4
13.2920 -8.2573 4
12.7891 -8.0234 4
14.8310 -5.9312 4
15.0971 -7.4781 4
11.5497 -9.7621 4
12.4608 -7.3441 4
10.9121 -8.4076 4
13.0838 -6.4518 4
12.5527 -7.0846 4
14.0443 -7.6650 4
12.0488 -10.5738 4
11.2467 -7.1367 4
12.7669 -6.6771 4
12.2177 -8.5741 4
12.7697 -7.9202 4
12.3410 -7.8120 4
12.8614 -7.4530 4
13.3889 -6.3584 4
14.5534 -7.3771 4
13.0607 -8.0031 4
13.7927 -8.5156 4
12.8647 -7.8531 4
14.2628 -7.1670 4
13.5341 -7.7333 4
12.6679 -8.7913 4
13.0045 -7.6700 4
11.9991 -7.6294 4
14.5725 -8.7027 4
14.1305 -6.7462 4
11.7081 -9.2518 4
14.0535 -6.8566 4
13.2039 -9.4498 4
13.1816 -8.1890 4
12.9796 -7.6521 4
12.6289 -8.3879 4
12.7877 -7.8147 4
12.3653 -8.7655 4
12.4317 -8.1490 4
13.1675 -7.4672 4
14.0048 -9.0052 4
10.9796 -7.5735 4
12.0923 -8.3777 4
12.6576 -6.9331 4
11.1851 -8.9375 4
11.4319 -8.3224 4
12.6608 -7.3455 4
11.5427 -7.7837 4
12.9248 -8.6380 4
12.3557 -7.7734 4
15.9219 -5.8889 4
12.9311 -9.6669 4
12.5237 -7.0778 4
12.8048 -8.5501 4
13.4695 -7.1968 4
9.8924 -7.5047 4
13.9441 -8.0280 4
13.5443 -8.6303 4
12.2269 -7.2612 4
13.0617 -10.1081 4
12.2343 -8.7660 4
13.7351 -8.9931 4
13.6610 -8.5381 4
12.9982 -6.7494 4
12.9948 -7.8512 4
14.3431 -7.8966 4
12.8159 -8.7903 4
13.5031 -7.8299 4
11.4743 -8.8208 4
12.2914 -6.9918 4
12.7664 -7.2917 4
12.5241 -7.9562 4
13.0975 -8.5098 4
12.9037 -9.0326 4
12.4646 -9.9807 4
12.6209 -8.4131 4
13.9797 -7.5356 4
12.0884 -8.2126 4
12.2862 -8.0613 4
14.3125 -7.7706 4
11.3328 -8.5911 4
13.5781 -8.4274 4
12.7560 -8.6234 4
11.2151 -8.1685 4
12.3219 -9.9380 4
12.8373 -8.1712 4
14.0299 -6.0024 4
11.5861 -8.4803 4
13.0548 -7.9938 4
10.8554 -9.1624 4
11.6468 -8.1393 4
15.7770 -6.8120 4
14.2643 -6.5279 4
13.3983 -6.0375 4
13.3678 -8.0061 4
11.9769 -8.8109 4
11.7070 -9.2967 4
12.6906 -8.0715 4
14.1417 -6.4726 4
13.1234 -7.4110 4
13.0814 -8.6672 4
12.3259 -9.0217 4
13.4470 -7.0287 4
14.2796 -7.9772 4
13.6264 -7.7361 4
13.3438 -8.6109 4
14.5807 -6.6086 4
12.7897 -9.0258 4
14.1262 -6.8813 4
12.8825 -9.1780 4
14.1217 -9.0271 4
13.3243 -7.3815 4
11.1955 -10.4473 4
14.5615 -6.7519 4
11.3027 -9.3966 4
13.3650 -7.1411 4
13.3667 -8.0773 4
13.0928 -8.7926 4
11.1223 -9.2053 4
13.9563 -5.9865 4
11.9549 -8.4095 4
12.5940 -8.5921 4
10.0373 -8.7698 4
14.5340 -7.7085 4
12.3239 -8.7622 4
12.1752 -9.0642 4
13.8126 -7.3350 4
11.7379 -9.3450 4
14.8414 -7.2646 4
12.2010 -6.9205 4
13.5278 -7.7424 4
13.8149 -7.4161 4
14.0921 -8.8812 4
12.8545 -7.9181 4
11.0285 -8.5449 4
12.8615 -6.7214 4
13.7470 -9.1315 4
15.0400 -9.1009 4
12.2578 -9.7071 4
16.1856 -6.4935 4
12.7180 -8.5596 4
13.8751 -7.5739 4
15.8264 -7.4144 4
13.0186 -8.3052 4
11.6408 -7.4992 4
12.9628 -8.2364 4
13.0462 -7.6791 4
13.4375 -8.5096 4
13.7457 -6.3201 4
14.9358 -6.9950 4
12.8009 -8.6517 4
14.9028 -7.3076 4
14.8839 -6.8208 4
11.5274 -8.9842 4
15.0434 -5.9948 4
12.6529 -6.5175 4
12.4920 -8.0975 4
12.4629 -7.7497 4
12.5926 -6.8438 4
13.6122 -8.6713 4
