4.3467 8.6099 0
4.3449 9.8328 0
3.3305 10.2650 0
3.4206 8.2252 0
3.7039 8.2756 0
2.4685 7.6236 0
5.0646 9.4647 0
2.0856 8.4780 0
5.0753 9.7284 0
3.1951 9.5724 0
2.9311 9.0390 0
2.8441 8.2371 0
5.4443 10.2498 0
6.1250 11.1846 0
1.9760 8.0207 0
4.4015 9.3557 0
4.9237 8.7515 0
4.7916 9.7758 0
4.8187 8.7697 0
5.8331 10.5974 0
2.8214 9.8304 0
3.8157 9.3806 0
4.5100 9.6452 0
4.3330 9.0544 0
3.0962 7.8123 0
3.5595 8.1963 0
4.5344 6.8648 0
3.6914 8.6222 0
4.6776 9.7787 0
3.0984 8.9131 0
4.1668 9.3050 0
5.3653 10.5820 0
4.1982 9.6390 0
5.2383 10.1937 0
3.7985 9.3087 0
2.0380 8.3284 0
2.9255 8.9543 0
3.1470 8.1637 0
2.4578 8.3969 0
2.7342 7.8014 0
3.4723 9.5253 0
4.7110 10.3551 0
4.1482 9.8828 0
4.2366 9.5736 0
4.6212 8.7246 0
4.2622 9.6526 0
4.7163 8.1896 0
3.0799 10.0581 0
4.6669 10.1216 0
2.2673 8.6303 0
3.9968 7.9746 0
5.2286 9.8350 0
4.3268 9.7638 0
4.0072 8.1581 0
4.2849 7.7451 0
5.5260 8.5770 0
4.9092 9.8556 0
3.3159 9.5464 0
4.6900 8.5144 0
3.9639 8.8242 0
4.5864 10.0530 0
5.1636 9.4814 0
4.6251 10.1506 0
4.5714 7.8964 0
3.6635 7.4541 0
2.4120 6.8520 0
4.7842 8.5006 0
3.9222 8.3859 0
3.7408 10.7286 0
4.4273 8.1108 0
3.9935 10.3792 0
4.3856 7.2712 0
3.9771 8.6675 0
4.7869 7.5060 0
4.6407 8.8181 0
3.3154 6.5629 0
5.4644 10.9066 0
4.8190 9.4068 0
3.6338 10.7830 0
7.4867 8.9626 0
3.4570 8.5327 0
4.4320 8.4962 0
4.4337 8.9898 0
3.7349 8.8750 0
4.9215 8.7447 0
3.9798 8.1741 0
2.6469 9.3379 0
4.2102 9.9944 0
2.4558 8.7061 0
3.4284 8.7240 0
4.7343 8.4099 0
4.4707 8.8938 0
2.3934 7.7105 0
2.5960 8.2135 0
2.4413 7.7621 0
3.4873 8.3144 0
2.0201 9.0918 0
4.4754 9.1670 0
3.2436 8.4259 0
4.2612 9.8650 0
4.8405 7.9707 0
2.9217 8.4971 0
3.0824 9.4313 0
6.3299 10.3004 0
5.3221 10.5084 0
4.1773 8.8009 0
2.0339 7.1220 0
4.1231 10.2237 0
4.2831 8.2787 0
4.3831 9.7083 0
4.8370 9.1814 0
2.9539 7.6778 0
3.6670 7.4453 0
2.5910 9.0654 0
4.5282 9.1708 0
4.6285 8.2406 0
3.2267 8.2590 0
4.2574 9.2444 0
5.7019 9.7808 0
2.8590 7.4465 0
2.7554 8.7961 0
3.5590 9.3773 0
5.1711 9.4506 0
4.1026 9.8430 0
3.7698 9.1294 0
4.3420 10.4871 0
3.9940 9.8843 0
2.5438 7.5378 0
5.4590 9.1663 0
5.7870 9.6471 0
4.8626 9.1942 0
5.6899 10.9728 0
3.7724 9.5988 0
3.8939 7.5339 0
5.7434 8.3834 0
3.4743 8.4849 0
4.8032 10.0214 0
4.0717 9.4643 0
4.7760 9.9192 0
3.2470 9.2024 0
6.9938 13.0474 0
1.9691 7.0524 0
2.5992 8.4200 0
4.2760 9.8723 0
4.1822 8.0662 0
3.5791 8.6516 0
3.3216 8.4252 0
2.7476 9.3325 0
3.0451 9.4034 0
3.7315 8.7102 0
4.1352 7.9588 0
4.2164 9.4781 0
4.0287 7.6870 0
4.1694 8.4010 0
4.9934 8.8628 0
2.8706 7.5762 0
3.3290 7.7316 0
6.6802 11.2686 0
4.0291 8.6688 0
3.5864 7.9808 0
3.0241 -3.1006 1
5.0240 -2.7337 1
4.3557 -2.5641 1
2.1533 -3.0564 1
2.6671 -2.2607 1
4.2206 -1.6410 1
4.9894 -3.0860 1
3.6210 -2.5447 1
1.9202 -2.5901 1
3.7610 -3.1807 1
4.8035 -3.9146 1
2.6419 -4.3174 1
3.6112 -3.0374 1
5.2126 -2.6072 1
5.1132 -1.0581 1
4.5844 -1.8849 1
2.9735 -4.6693 1
2.0314 -4.6268 1
3.9884 -3.9851 1
2.7373 -3.0868 1
4.3589 -1.7835 1
3.4106 -3.6218 1
4.7687 -2.8507 1
3.1977 -3.7747 1
2.6802 -1.4701 1
2.5071 -3.8762 1
2.2306 -2.1943 1
3.4397 -4.6316 1
4.0750 -4.9210 1
4.1076 -2.8027 1
3.1066 -2.0188 1
4.9515 -2.5727 1
4.3723 -3.9689 1
3.1575 -2.4341 1
5.2298 -3.0215 1
3.7994 -3.5864 1
1.7790 -5.4762 1
4.0674 -1.7321 1
6.2760 -2.2534 1
5.0522 -2.3255 1
5.5365 -2.1270 1
4.1408 -4.6785 1
4.3894 -3.9205 1
4.3214 -3.1548 1
2.7390 -2.9600 1
4.2255 -2.0109 1
2.3641 -3.1104 1
3.6631 -4.1946 1
2.6601 -1.2070 1
3.7723 -3.6928 1
4.4849 -2.8734 1
3.8578 -2.9659 1
4.3870 -3.0211 1
3.5471 -4.4128 1
3.8944 -2.8493 1
4.2274 -3.8205 1
4.0886 -3.1717 1
4.9246 -2.5061 1
4.1390 -2.9899 1
2.7094 -3.1907 1
3.7655 -2.6190 1
4.9037 -2.9631 1
3.0715 -2.5909 1
4.0715 -4.0153 1
2.5952 -4.1612 1
4.9385 -2.2407 1
3.4766 -2.9332 1
2.4695 -4.2209 1
3.8249 -2.3527 1
3.8748 -3.5874 1
4.6000 -2.8573 1
3.7877 -3.1575 1
5.5749 -1.9982 1
0.5432 -4.9907 1
3.4444 -3.8246 1
2.9703 -3.3606 1
4.5352 -2.5639 1
3.8189 -0.9393 1
4.0969 -2.3785 1
5.1203 -2.2023 1
3.5152 -3.9231 1
2.5554 -2.7867 1
4.0839 -3.5294 1
5.7701 -2.2396 1
4.0248 -3.9465 1
3.4335 -4.1253 1
4.6324 -3.0957 1
5.2688 -1.3551 1
2.9844 -2.9195 1
5.8171 -1.8644 1
2.4191 -3.4494 1
4.3827 -2.4739 1
2.7810 -4.0150 1
3.7375 -2.3889 1
3.2989 -3.3285 1
5.0529 -3.3421 1
4.3041 -3.0051 1
2.5837 -4.1747 1
2.9980 -2.3308 1
4.4289 -1.1483 1
3.9596 -4.7165 1
4.1376 -2.6312 1
3.3979 -2.9151 1
2.8820 -2.4042 1
3.8730 -1.8155 1
2.7644 -3.5948 1
3.6856 -3.0170 1
3.8976 -4.1919 1
3.9606 -4.6447 1
4.0129 -3.6558 1
3.3602 -2.1371 1
3.0467 -4.2649 1
4.6557 -3.4211 1
3.8710 -2.8043 1
4.3553 -2.7627 1
3.6482 -4.8557 1
3.5880 -3.9694 1
3.5480 -2.7610 1
3.6555 -2.5560 1
3.6539 -4.6521 1
5.1188 -3.6150 1
4.3889 -2.4850 1
4.7890 -2.0733 1
3.8753 -3.7519 1
1.8620 -4.7474 1
3.2811 -3.9164 1
3.3806 -5.0484 1
3.8443 -2.0787 1
4.3315 -3.7031 1
5.7161 -0.2865 1
5.6866 -2.0825 1
4.7069 -1.6120 1
4.4532 -2.7312 1
5.7109 -2.0159 1
2.4510 -1.2917 1
5.7880 -2.8655 1
5.0606 -3.1714 1
4.9306 -2.9918 1
3.8547 -3.0389 1
6.1802 -0.4751 1
3.5398 -3.0454 1
3.4220 -4.2130 1
2.4662 -3.8631 1
4.3692 -2.1642 1
3.8981 -3.9884 1
5.2796 -2.5338 1
3.1430 -4.3091 1
3.6606 -3.4588 1
5.3601 -0.5150 1
3.0597 -1.9689 1
4.3281 -2.8386 1
2.6023 -3.4687 1
3.2612 -4.4308 1
2.8011 -3.1841 1
4.6345 -3.1242 1
4.1533 -3.4002 1
5.5439 -3.0116 1
2.0308 -2.5994 1
2.7784 -1.9546 1
3.1677 -4.6300 1
1.4076 -9.3588 2
2.1177 -12.8202 2
2.4791 -8.7787 2
3.6638 -9.6485 2
3.9338 -9.7038 2
3.9301 -12.0306 2
3.4889 -8.9306 2
4.1321 -9.8146 2
4.5912 -8.2165 2
2.8172 -11.7238 2
1.8579 -11.9351 2
3.7285 -9.3133 2
3.0880 -9.6885 2
4.4916 -10.1093 2
4.0810 -9.3937 2
2.2306 -10.5878 2
2.6530 -10.6396 2
4.0920 -8.4196 2
2.0107 -7.4728 2
4.5316 -9.0376 2
2.7560 -9.4866 2
2.8004 -10.7946 2
1.3796 -10.1897 2
3.3551 -9.6446 2
1.8054 -10.3427 2
2.0272 -8.7792 2
3.5984 -10.0121 2
2.1648 -11.1423 2
3.3994 -9.2277 2
5.4871 -9.2603 2
4.2751 -9.3885 2
4.9644 -10.8387 2
2.6758 -10.3391 2
2.7885 -9.1952 2
2.5832 -8.5606 2
4.0344 -8.1605 2
3.3431 -10.0854 2
3.1890 -9.9450 2
4.2389 -9.0498 2
3.0774 -10.7713 2
3.2770 -9.6596 2
3.1304 -11.0818 2
1.7449 -11.2135 2
2.9646 -10.9307 2
4.0422 -9.3915 2
3.5483 -9.3723 2
2.7715 -9.9634 2
5.4574 -8.7619 2
2.4834 -11.6445 2
2.8974 -11.6341 2
2.4440 -11.2495 2
2.3714 -9.0172 2
2.1165 -9.6437 2
1.5895 -8.5872 2
3.7405 -8.9832 2
2.6928 -10.2707 2
2.4670 -10.3710 2
2.7139 -10.3958 2
2.1067 -9.9677 2
3.5344 -9.3847 2
2.2418 -10.4997 2
3.3927 -10.9205 2
2.7560 -9.4526 2
2.1294 -9.6972 2
3.3791 -9.8052 2
2.8057 -11.1646 2
3.0734 -10.1579 2
1.9691 -12.3894 2
4.1531 -11.2845 2
3.8493 -11.0795 2
2.2528 -11.0375 2
3.1722 -10.0202 2
4.5025 -9.4029 2
3.3131 -10.3556 2
2.6132 -10.7645 2
3.7769 -8.3869 2
2.0674 -13.2212 2
2.9335 -9.1937 2
5.3619 -8.7469 2
2.6895 -11.2827 2
4.9246 -9.4823 2
3.3430 -10.6449 2
2.4111 -10.1881 2
3.3802 -9.9143 2
3.1596 -11.1552 2
1.2977 -9.3328 2
3.7491 -8.8379 2
2.4927 -9.5664 2
1.4741 -10.1482 2
2.4077 -11.1648 2
5.0352 -10.1084 2
3.0764 -9.6253 2
3.1241 -10.4753 2
4.7232 -8.1942 2
3.7471 -9.3762 2
4.0276 -11.1112 2
1.6190 -9.7699 2
3.3896 -8.4685 2
3.6144 -10.0383 2
3.8454 -9.1777 2
4.4335 -9.3353 2
5.0126 -10.8583 2
2.7595 -10.2659 2
1.1455 -10.8728 2
2.5747 -9.4940 2
3.2853 -9.4618 2
2.0865 -10.7499 2
0.6813 -11.7460 2
2.7067 -8.3267 2
4.1739 -7.9570 2
1.3141 -11.4937 2
2.9589 -11.2127 2
4.7586 -10.4240 2
3.2577 -9.8165 2
3.4321 -10.4135 2
5.2939 -7.9757 2
4.4882 -10.4481 2
2.8789 -10.8827 2
2.1556 -12.7391 2
3.5958 -10.0203 2
1.2082 -10.5664 2
3.7672 -11.2376 2
4.7236 -9.4446 2
5.9431 -9.7276 2
2.2507 -11.1484 2
4.3355 -9.4385 2
4.3015 -9.9787 2
4.0339 -10.7921 2
4.4397 -9.4134 2
1.9509 -10.0380 2
3.2360 -8.7513 2
4.0990 -10.3018 2
3.3328 -10.1702 2
2.0410 -10.1909 2
3.3495 -9.6024 2
2.6946 -9.0491 2
5.0721 -11.0630 2
3.4974 -10.4253 2
3.6506 -9.5445 2
3.7769 -9.8162 2
1.5873 -11.6441 2
3.4864 -10.6862 2
5.6411 -8.8439 2
0.9624 -11.8902 2
2.2532 -8.6826 2
3.4014 -9.1968 2
3.1314 -10.8450 2
2.7921 -11.4036 2
2.4518 -9.8430 2
3.6316 -9.2590 2
3.4999 -10.0264 2
2.8382 -10.0525 2
3.2958 -10.4941 2
2.7224 -10.4590 2
3.1236 -10.4451 2
2.5186 -9.9836 2
1.5302 -11.5575 2
1.7618 -11.0086 2
3.8209 -9.9887 2
1.6460 -11.7994 2
11.9268 10.2082 3
13.7748 9.9064 3
13.5839 11.0818 3
13.0606 9.0313 3
12.9421 7.2936 3
14.4225 8.6585 3
14.6044 10.6065 3
13.0867 8.3706 3
13.2671 10.0919 3
13.2564 11.6187 3
13.5124 8.8348 3
14.7211 11.6763 3
11.8883 9.2075 3
11.9968 7.9620 3
13.0351 9.7556 3
11.8812 9.6890 3
13.6568 11.0113 3
12.4814 8.5444 3
13.9575 10.1338 3
13.2334 10.5400 3
13.1053 9.5281 3
14.0173 11.1549 3
13.0172 9.7320 3
12.9228 9.1027 3
12.5858 8.3180 3
12.7932 10.8025 3
14.0477 9.7028 3
14.0395 9.6360 3
14.7849 10.4546 3
14.3294 10.5463 3
14.0661 10.1456 3
12.0846 9.0690 3
11.7014 8.8236 3
12.5530 9.2158 3
12.0981 10.6397 3
12.0208 9.0960 3
12.9675 9.7786 3
11.7158 10.0341 3
14.5036 9.0647 3
12.8842 9.0712 3
13.8185 11.3988 3
12.0769 8.9744 3
11.2660 8.7863 3
13.5484 11.3451 3
12.3639 10.0625 3
11.8564 10.5244 3
13.0025 9.6833 3
13.2200 9.5196 3
12.1000 9.4291 3
13.2099 11.0675 3
13.3527 8.3473 3
13.3614 10.4159 3
13.6067 9.8708 3
13.0285 10.2062 3
11.8718 10.6560 3
13.2891 9.3217 3
13.7984 10.1255 3
11.7989 9.3769 3
12.6426 9.8577 3
12.9758 8.0919 3
13.5251 9.2338 3
12.4235 9.0721 3
13.6701 11.1262 3
11.5149 7.5507 3
12.6023 8.1859 3
14.3852 8.2221 3
13.4220 8.8873 3
13.3207 11.5619 3
12.1354 9.6414 3
13.7653 10.2257 3
13.1914 10.0038 3
12.5787 10.2446 3
13.0177 11.3623 3
10.8007 10.2198 3
12.2608 7.9502 3
12.0275 8.8955 3
13.5547 9.5247 3
12.7127 9.7393 3
14.0040 11.5832 3
12.8919 8.8456 3
13.5472 10.9661 3
11.9121 8.8241 3
12.2958 10.1053 3
13.3760 11.3579 3
15.7973 11.7418 3
12.6984 10.8859 3
14.6929 9.5405 3
11.6988 11.0829 3
12.8066 9.5752 3
11.4568 10.0101 3
14.1624 9.7977 3
12.1150 9.8312 3
11.6488 10.3227 3
13.9734 12.2074 3
13.1506 9.3801 3
12.7725 9.0531 3
13.5923 8.4082 3
12.1665 11.9827 3
11.7630 8.2498 3
14.2605 9.4782 3
13.5078 9.6690 3
14.3107 11.3570 3
12.6542 9.6370 3
12.9868 10.9198 3
12.9488 9.7733 3
13.9534 8.9273 3
11.4525 9.6167 3
12.2576 10.2828 3
12.8454 9.7816 3
13.2931 10.1801 3
13.2936 10.9734 3
14.0385 12.4486 3
13.6543 9.6444 3
12.6912 9.4614 3
12.4057 11.0950 3
13.5676 10.3835 3
12.1182 10.1532 3
13.3314 10.0448 3
15.5656 9.6148 3
12.6739 11.9223 3
13.3246 8.8511 3
11.9051 9.3718 3
11.0535 7.6982 3
12.4654 11.1558 3
10.7332 8.3416 3
13.2561 10.3616 3
13.5588 10.1179 3
14.6235 11.5492 3
12.9229 9.6030 3
12.1908 8.1821 3
12.8976 10.5592 3
12.1275 9.2222 3
13.3072 10.1539 3
11.6190 8.3715 3
13.2592 8.5857 3
13.7495 7.7127 3
12.8839 10.3338 3
12.7842 10.4625 3
12.0536 8.6348 3
13.1288 10.1728 3
13.2684 10.6535 3
12.9718 9.8459 3
11.7055 8.2148 3
12.8746 8.4855 3
14.3240 10.3762 3
11.5599 8.7950 3
13.5178 9.7617 3
14.8345 11.4969 3
12.3663 9.6609 3
13.6181 11.0699 3
13.3534 8.2434 3
12.6460 10.1021 3
12.4848 10.8277 3
12.3872 9.1010 3
12.8886 8.9514 3
12.9736 8.6192 3
13.9918 8.5166 3
12.9354 12.0447 3
12.6115 7.8117 3
13.3773 11.0013 3
-4.3159 1.0630 4
-3.9412 1.2065 4
-4.2684 1.3094 4
-5.5026 0.7350 4
-4.8142 0.2822 4
-5.8386 0.5000 4
-5.5946 0.9786 4
-5.5954 0.1702 4
-4.4536 0.2137 4
-4.1592 0.5827 4
-5.5105 -1.5999 4
-5.1892 0.5853 4
-4.2475 1.5685 4
-5.9945 -1.2057 4
-2.7843 0.8089 4
-4.8944 1.0497 4
-6.5498 -0.5403 4
-5.0416 2.3457 4
-4.5008 2.2147 4
-4.7112 2.6769 4
-6.1871 0.8707 4
-5.5920 0.8758 4
-4.4082 -0.4593 4
-5.2610 1.6476 4
-3.6197 2.3450 4
-4.9742 2.3329 4
-2.9323 0.5947 4
-4.3104 3.5055 4
-7.0739 1.1812 4
-4.2004 1.3735 4
-4.3732 2.1905 4
-4.2071 2.5510 4
-3.8439 1.7458 4
-3.9240 3.8706 4
-5.6246 -0.4151 4
-5.3939 0.9200 4
-4.5845 1.2422 4
-3.1873 0.9609 4
-5.5964 0.3601 4
-4.7340 1.0590 4
-5.5305 2.0119 4
-4.8530 1.5319 4
-4.9205 1.8126 4
-5.2127 0.1987 4
-3.7799 0.8846 4
-2.8621 1.8658 4
-5.0653 1.1663 4
-4.3983 1.7368 4
-4.5996 1.8446 4
-4.0219 1.5441 4
-5.2529 3.2909 4
-3.5474 2.0956 4
-4.7496 1.5569 4
-6.6984 0.2203 4
-5.9904 0.3001 4
-4.2443 -0.1915 4
-6.7222 0.0125 4
-3.9902 1.3963 4
-4.6289 0.0767 4
-3.9360 0.8084 4
-5.5164 2.0437 4
-4.6847 2.5082 4
-6.0781 0.0048 4
-5.6382 0.5102 4
-3.7877 3.0985 4
-5.1728 1.6352 4
-6.3206 2.0111 4
-4.5805 0.9733 4
-6.4338 0.5492 4
-6.7891 -0.3568 4
-3.9515 1.2714 4
-7.3233 0.9855 4
-6.9177 0.2170 4
-5.7818 0.6551 4
-4.6638 1.1427 4
-6.1119 1.0674 4
-5.3373 0.2221 4
-4.8036 0.1504 4
-4.4765 0.4619 4
-5.4154 0.5509 4
-3.7320 2.1097 4
-5.7257 0.7673 4
-5.0032 1.3874 4
-6.3403 -0.5695 4
-6.7862 0.4154 4
-6.0808 -0.5958 4
-5.1435 -0.1384 4
-5.3682 2.1316 4
-4.8753 -0.5850 4
-5.4892 0.6309 4
-3.5935 1.2424 4
-4.5088 0.3778 4
-4.7776 0.2556 4
-5.8703 1.5393 4
-3.7227 1.5143 4
-3.3206 2.5355 4
-4.8881 0.7979 4
-5.8390 -0.0483 4
-5.4739 -0.6573 4
-4.1145 1.8171 4
-5.1421 -1.1827 4
-3.8983 0.0936 4
-4.2356 1.0793 4
-5.4412 -0.6882 4
-3.8045 0.0103 4
-4.6114 1.2197 4
-4.0261 0.7391 4
-5.4718 -0.0991 4
-5.1423 0.4988 4
-3.8914 0.4163 4
-4.2564 2.4464 4
-4.6823 -0.2406 4
-4.6991 2.4638 4
-4.3732 0.7406 4
-5.3988 1.3246 4
-4.4985 1.4211 4
-5.8270 0.2338 4
-3.8925 3.0105 4
-7.2447 -0.1398 4
-6.1425 -0.3005 4
-4.5870 1.1291 4
-4.9059 1.8183 4
-6.2593 0.1372 4
-5.0449 1.4846 4
-5.5884 2.3143 4
-4.7151 1.0742 4
-4.9434 1.7944 4
-5.7986 1.5703 4
-4.1372 1.6869 4
-5.0392 0.9889 4
-4.9772 0.3692 4
-4.6863 0.2792 4
-4.3198 0.8671 4
-5.1953 0.9499 4
-4.7026 1.3682 4
-6.4747 0.4819 4
-5.9765 2.1737 4
-8.0192 1.3340 4
-3.5036 2.5015 4
-5.4913 2.1693 4
-4.6641 2.9870 4
-4.4150 1.2114 4
-5.2337 1.4800 4
-5.4084 0.0866 4
-6.0163 -0.6869 4
-4.1690 2.3667 4
-4.1279 0.0205 4
-3.0171 2.4450 4
-5.5722 0.2785 4
-4.6449 0.5918 4
-6.8908 1.4366 4
-6.4393 0.7128 4
-4.4357 1.9197 4
-3.6992 2.1426 4
-5.5719 -0.0693 4
-3.3851 1.8670 4
-5.4004 0.2835 4
-5.9372 0.2974 4
-4.8745 2.2658 4
-5.2018 1.0341 4
