122.0 127.3 0
160.0 142.5 1
122.0 124.8 0
122.0 119.6 1
100.0 141.5 1
133.1 114.8 1
142.0 128.4 1
119.0 113.1 0
137.0 129.3 1
138.0 123.0 0
139.0 130.6 1
136.0 119.3 1
133.0 130.2 0
110.0 111.8 1
149.0 137.1 1
127.0 120.7 0
137.0 137.4 2
135.0 127.3 1
137.0 136.3 1
140.0 124.6 2
122.0 120.3 1
127.0 121.8 2
142.0 125.5 1
125.0 114.9 1
126.0 123.9 1
151.0 157.0 2
115.0 116.4 1
138.0 131.0 2
135.0 122.1 1
127.0 118.8 2
150.0 150.0 2
125.0 130.0 1
143.0 138.8 2
138.0 134.5 1
130.0 131.4 1
130.0 102.5 0
133.1 128.8 0
140.0 122.9 0
120.0 113.9 1
120.0 120.0 0
126.0 121.1 0
133.0 120.4 1
103.0 100.6 1
120.0 121.4 0
133.1 109.7 0
154.0 134.1 2
130.0 127.6 1
132.0 132.4 1
130.0 133.4 1
139.0 126.1 1
130.0 113.5 1
139.0 121.3 2
127.0 121.8 2
167.0 159.3 1
130.0 120.0 0
130.0 129.1 1
130.0 130.0 0
129.0 155.3 0
141.0 139.8 1
125.0 115.2 2
125.0 114.9 1
130.0 131.9 1
133.0 126.0 2
127.0 130.2 2
116.0 120.9 2
133.1 126.0 0
139.0 128.2 1
130.0 130.0 1
125.0 120.1 0
160.0 100.0 2
148.0 134.0 2
150.0 130.8 1
141.0 135.8 0
118.0 111.7 0
142.0 132.9 1
120.0 115.5 0
106.0 106.0 0
121.0 120.3 1
150.0 130.8 1
120.0 117.0 1
114.0 110.2 0
140.0 155.7 0
160.0 180.4 0
120.0 125.5 2
130.0 110.0 1
160.0 161.0 1
120.0 100.0 1
124.0 117.6 1
143.0 128.7 2
115.0 112.2 2
133.1 100.8 0
133.1 105.0 1
133.1 100.0 0
133.1 115.5 0
133.1 114.0 1
130.0 137.0 2
135.0 124.9 1
132.0 120.3 1
135.0 134.3 2
115.0 111.5 0
130.0 128.8 0
133.1 110.0 1
130.0 113.5 0
133.1 160.0 1
123.0 117.4 0
130.0 122.2 1
122.0 118.2 0
113.0 106.7 0
111.0 108.2 0
133.1 107.0 2
142.0 136.1 1
123.0 115.3 2
131.0 139.8 1
158.0 157.0 1
122.0 131.0 0
130.0 100.0 2
154.0 140.4 2
120.0 113.4 2
140.0 137.0 1
127.0 121.8 1
133.1 131.0 0
120.0 118.6 1
137.0 122.3 0
131.0 127.9 1
130.0 121.3 1
122.0 117.1 0
160.0 160.0 1
146.0 145.3 2
131.0 122.6 1
132.0 128.0 1
138.0 124.9 0
130.0 123.7 1
126.0 120.1 1
148.0 131.7 0
130.0 133.2 1
117.0 109.3 0
120.0 113.0 1
153.0 157.9 1
117.0 112.1 2
178.0 174.7 1
129.0 128.8 1
116.0 110.1 1
99.0 99.7 2
135.0 121.0 1
141.0 131.7 1
132.0 119.1 1
132.0 124.7 0
113.0 117.2 0
134.0 128.8 1
136.0 131.5 1
136.0 121.7 2
129.0 123.4 1
138.0 124.7 2
137.0 132.8 1
115.0 108.7 0
129.0 138.1 0
131.0 126.5 1
133.0 127.4 1
125.0 123.6 1
120.0 122.0 1
128.0 118.2 0
127.0 123.9 1
134.0 125.8 1
132.0 123.3 0
124.0 124.4 1
133.1 126.0 1
170.0 170.0 2
125.0 121.5 1
130.0 130.0 1
125.0 117.0 0
130.0 130.0 2
133.1 108.0 1
131.0 132.3 1
150.0 148.0 1
125.0 122.6 0
131.0 123.0 2
130.0 102.5 1
123.0 113.3 0
141.0 133.0 0
140.0 140.0 0
140.0 128.3 1
140.0 140.0 2
133.1 104.0 0
131.0 122.3 0
143.0 135.0 0
132.0 119.1 0
143.0 126.6 2
141.0 129.0 1
133.1 162.3 0
148.0 163.4 1
125.0 121.5 1
120.0 122.8 2
140.0 118.0 0
139.0 134.0 0
142.0 129.8 1
130.0 152.0 0
126.0 122.8 1
150.0 150.0 0
130.0 131.8 1
120.0 105.9 2
138.0 132.1 1
127.0 127.4 1
140.0 129.5 1
130.0 126.7 1
128.0 116.5 1
132.0 119.1 1
149.0 126.5 1
155.0 149.8 1
120.0 115.1 1
133.1 124.5 0
131.0 128.3 1
149.0 136.0 1
140.0 140.0 1
133.1 126.3 0
122.0 126.9 1
130.0 145.0 2
121.0 115.8 1
120.0 100.0 0
133.1 102.5 0
121.0 131.5 0
133.0 147.0 1
134.0 122.5 1
115.0 117.5 0
127.0 150.0 1
135.0 127.5 1
140.0 140.0 1
130.0 130.0 1
135.0 133.3 1
140.0 97.0 0
120.0 112.0 1
140.0 123.6 1
133.1 130.5 0
135.0 133.3 1
123.0 132.1 1
133.1 100.0 0
154.0 140.4 1
148.0 141.7 1
133.0 119.7 1
126.0 122.5 0
133.1 140.0 0
125.0 119.4 2
145.0 155.0 2
118.0 119.1 1
120.0 122.7 0
127.0 117.9 1
130.0 130.0 1
129.0 120.0 1
130.0 130.0 0
121.0 116.8 1
136.0 123.4 1
125.0 125.4 2
131.0 127.2 0
122.0 103.4 1
127.0 123.2 2
136.0 124.1 1
133.1 99.5 0
127.0 124.9 1
116.0 110.8 2
121.0 118.9 1
124.0 118.8 0
131.0 137.0 1
100.0 100.0 0
130.0 120.0 0
135.0 122.8 1
130.0 121.6 1
146.0 149.2 1
146.0 140.0 1
154.0 133.4 1
137.0 126.2 1
151.0 127.8 1
150.0 150.0 1
121.0 113.7 0
122.0 117.8 1
143.0 136.7 1
152.0 144.7 1
145.0 139.8 1
120.0 113.7 0
140.0 140.0 0
143.0 142.3 2
129.0 119.6 1
139.0 123.7 1
133.1 143.0 1
127.0 100.1 1
126.0 119.4 1
128.0 122.1 1
100.0 100.0 1
123.0 113.9 2
170.0 101.0 1
117.0 111.8 1
140.0 140.0 1
123.0 124.4 1
150.0 150.0 1
140.0 140.0 2
123.0 116.0 1
130.0 135.6 0
137.0 121.0 1
126.0 118.7 1
125.0 125.7 1
112.0 107.1 1
141.0 125.5 1
135.0 127.0 1
117.0 113.5 1
160.0 154.4 1
136.0 122.0 0
143.0 128.0 0
119.0 115.5 2
120.0 117.2 1
150.0 150.0 0
142.0 155.3 1
120.0 120.0 0
160.0 116.1 1
133.1 118.9 0
142.0 127.3 1
121.0 113.7 1
135.0 118.5 0
153.0 146.7 1
140.0 124.3 1
152.0 137.8 1
120.0 130.2 1
160.0 147.8 2
150.0 150.0 0
100.0 100.0 1
150.0 155.6 1
124.0 117.4 1
141.0 128.8 2
121.0 117.5 1
134.0 120.4 1
134.0 130.9 1
132.0 125.0 2
135.0 136.8 2
123.0 121.6 2
151.0 151.0 0
107.0 103.5 1
126.0 119.4 1
133.0 134.4 1
140.0 143.0 1
110.0 110.0 1
141.0 132.5 1
122.0 114.7 1
156.0 166.9 1
129.0 125.9 2
188.0 178.3 0
120.0 117.0 1
130.0 150.0 1
130.0 130.0 2
140.0 135.1 1
110.0 110.0 2
133.1 136.2 1
120.0 116.0 1
96.0 100.0 2
117.0 116.3 0
123.0 134.0 1
127.0 124.2 0
151.0 134.5 1
127.0 120.7 0
133.0 127.1 1
133.1 133.0 1
133.1 128.2 0
133.1 130.0 2
160.0 172.0 0
140.0 128.5 1
146.0 128.5 0
112.0 112.0 2
140.0 142.5 1
136.0 133.0 2
133.1 106.0 1
136.0 125.5 1
134.0 131.2 2
122.0 112.9 1
138.0 124.8 0
160.0 140.9 1
130.0 148.0 2
161.0 148.4 1
140.0 129.7 1
133.1 128.2 0
133.1 104.0 2
130.0 119.9 0
152.0 141.0 1
125.0 116.6 2
140.0 140.0 2
133.1 140.0 0
170.0 100.0 2
135.0 121.0 2
125.0 117.0 1
140.0 140.2 1
124.0 129.3 1
140.0 145.3 1
130.0 146.2 1
134.0 122.5 2
160.0 156.1 1
140.0 140.0 2
150.0 140.0 2
141.0 128.4 0
120.0 115.0 0
166.0 158.7 1
147.0 124.5 1
121.0 111.9 1
150.0 150.0 1
124.0 114.2 0
96.0 96.0 0
125.0 128.9 2
136.0 121.7 2
120.0 114.8 2
128.0 127.0 2
142.0 131.3 1
135.0 137.1 1
120.0 120.0 1
140.0 139.0 1
135.0 129.1 1
133.1 128.2 0
137.0 120.8 1
122.0 135.8 1
128.0 118.9 1
140.0 140.0 1
132.0 127.1 1
131.0 137.0 1
126.0 127.4 1
133.1 97.0 0
136.0 126.3 1
140.0 127.5 0
135.0 126.6 1
160.0 120.0 1
140.0 140.0 0
140.0 131.5 1
115.0 112.2 1
144.0 150.5 1
128.0 121.0 1
116.0 112.2 2
135.0 129.4 0
121.0 114.4 1
134.0 120.3 1
120.0 120.0 1
125.0 114.5 1
141.0 127.8 0
140.0 124.6 1
144.0 130.3 1
122.0 118.2 2
130.0 118.8 1
133.1 133.0 0
133.1 129.0 1
147.0 100.0 2
127.0 120.7 2
136.0 132.5 1
127.0 120.3 1
123.0 114.6 1
128.0 116.5 1
128.0 127.8 1
140.0 129.9 0
121.0 118.9 1
122.0 114.3 2
126.0 114.8 1
135.0 123.0 1
131.0 122.1 1
140.0 123.7 1
131.0 132.4 2
130.0 114.8 1
130.0 130.0 0
140.0 122.3 0
130.0 152.4 1
125.0 120.1 1
160.0 155.1 1
130.0 124.5 1
144.0 126.9 1
133.1 153.2 1
148.0 129.8 2
133.1 135.0 0
133.0 131.3 2
129.0 125.2 1
144.0 141.3 1
120.0 117.1 1
144.0 126.5 1
132.0 120.1 1
142.0 128.4 0
136.0 140.0 1
133.1 110.0 0
122.0 116.8 1
133.1 104.5 0
140.0 140.0 0
117.0 113.2 1
128.0 118.6 2
136.0 123.8 1
141.0 126.7 1
130.0 133.8 0
140.0 140.0 2
102.0 100.6 1
126.0 132.7 1
125.0 106.6 0
120.0 140.4 0
132.0 128.3 1
128.0 118.6 1
115.0 123.4 1
125.0 124.0 1
137.0 121.3 1
101.0 101.0 2
126.0 116.9 2
130.0 130.0 0
100.0 120.0 0
122.0 130.4 1
126.0 118.7 1
128.0 131.5 1
134.0 120.4 2
128.0 129.1 1
125.0 132.0 2
130.0 130.0 0
135.0 132.8 1
133.1 143.7 2
140.0 152.8 2
138.0 133.5 1
150.0 146.2 0
125.0 115.2 0
121.0 120.7 2
120.0 101.8 0
140.0 100.0 1
100.0 121.9 0
140.0 120.4 0
140.0 120.4 0
120.0 148.8 1
138.0 123.0 0
133.1 100.0 0
118.0 112.1 0
135.0 126.8 1
130.0 115.9 1
150.0 132.5 1
149.0 132.2 1
180.0 183.5 0
133.1 136.0 0
133.1 100.9 2
145.0 114.5 1
110.0 110.3 0
154.0 137.2 0
126.0 116.9 2
133.0 121.8 0
145.0 127.3 1
120.0 120.0 0
150.0 150.0 1
150.0 100.0 1
150.0 150.0 0
127.0 116.9 1
140.0 140.0 1
128.0 122.1 0
127.0 160.0 1
117.0 118.4 2
150.0 150.0 1
154.0 144.9 1
127.0 121.1 2
133.0 121.8 2
120.0 146.8 2
133.1 138.0 2
149.0 138.0 2
125.0 116.3 1
126.0 122.5 0
133.1 115.0 0
115.0 115.0 0
117.0 119.8 0
133.1 95.0 0
150.0 150.0 0
130.0 117.8 2
161.0 144.2 1
130.0 130.0 2
111.0 128.2 1
140.0 135.3 1
132.0 143.9 2
139.0 140.7 0
132.0 130.4 1
119.0 123.2 1
133.1 118.0 1
133.1 120.0 0
129.0 118.9 0
128.0 117.2 1
120.0 120.0 1
130.0 118.1 1
130.0 124.8 0
111.0 106.5 0
121.0 116.8 2
117.0 109.3 1
133.1 120.0 0
149.0 137.5 1
172.0 150.0 2
134.0 120.4 1
136.0 136.7 1
133.1 118.5 0
141.0 133.0 1
141.0 128.8 2
148.0 133.0 1
102.0 102.0 1
143.0 133.9 1
120.0 127.0 1
121.0 120.4 1
122.0 124.5 1
122.0 123.9 1
123.0 117.8 1
133.0 126.7 2
110.0 110.0 1
155.0 134.7 2
119.0 113.2 2
120.0 141.0 0
133.1 111.5 0
143.0 140.0 0
149.0 134.3 1
133.0 125.3 1
140.0 140.0 0
122.0 119.6 0
170.0 170.0 1
120.0 150.5 1
143.0 128.0 1
115.0 108.7 0
123.0 121.6 0
131.0 125.3 1
127.0 117.6 0
126.0 124.3 2
112.0 106.1 1
150.0 139.9 1
116.0 110.8 1
118.0 118.0 2
130.0 117.8 1
144.0 127.5 1
105.0 129.7 1
143.0 130.6 1
137.0 126.3 1
140.0 140.0 2
133.1 105.0 1
116.0 114.6 0
117.0 114.6 0
137.0 131.0 1
116.0 109.0 0
133.1 132.0 0
130.0 130.0 1
106.0 109.5 1
125.0 115.9 1
134.0 131.6 1
133.1 120.0 1
117.0 109.7 2
136.0 136.4 1
120.0 120.0 1
135.0 132.6 1
122.0 112.9 1
147.0 134.3 1
120.0 123.2 2
121.0 117.2 1
135.0 129.8 0
130.0 158.0 0
128.0 116.5 2
129.0 121.0 2
143.0 133.8 2
108.0 115.0 0
130.0 131.8 2
135.0 121.0 2
140.0 152.4 1
120.0 110.2 1
117.0 113.5 1
151.0 144.4 1
140.0 143.3 2
133.1 100.0 1
130.0 126.3 1
125.0 115.9 1
125.0 114.9 2
135.0 121.0 2
121.0 112.3 1
141.0 127.0 1
130.0 120.0 0
180.0 180.0 1
117.0 117.4 2
127.0 115.8 1
126.0 136.5 1
143.0 129.0 1
144.0 137.6 1
126.0 129.5 0
140.0 129.1 1
148.0 130.2 0
100.0 134.3 1
151.0 138.4 1
120.0 120.0 0
135.0 123.5 1
121.0 116.1 1
116.0 110.8 1
147.0 142.8 0
160.0 155.5 1
133.0 126.7 2
100.0 163.5 0
151.0 161.9 1
124.0 123.3 1
140.0 137.5 1
170.0 166.6 0
133.1 103.5 0
133.1 110.0 1
100.0 128.2 1
120.0 137.7 0
133.0 128.8 1
120.0 170.0 1
133.1 116.4 0
133.1 100.9 0
133.1 136.0 1
140.0 130.0 2
100.0 100.0 0
133.1 157.0 1
143.0 152.1 0
165.0 162.9 1
154.0 137.2 2
140.0 140.0 1
140.0 146.5 0
130.0 130.0 2
133.1 128.0 0
190.0 190.0 0
120.0 133.2 0
100.0 124.3 1
120.0 138.1 0
133.1 144.3 1
150.0 140.0 1
120.0 148.3 1
133.1 96.0 0
133.1 121.7 0
100.0 160.0 0
133.1 110.3 1
143.0 129.0 1
120.0 150.0 1
161.0 100.0 1
133.1 107.5 0
140.0 170.0 0
123.0 123.0 2
142.0 138.5 2
133.1 140.0 0
115.0 113.6 2
156.0 170.0 1
140.0 115.5 0
130.0 130.0 0
140.0 140.0 1
140.0 126.6 1
133.1 143.2 0
131.0 131.4 1
141.0 133.3 2
120.0 118.3 0
140.0 140.0 1
132.0 124.7 1
130.0 140.0 1
140.0 150.0 0
110.0 115.6 1
140.0 116.9 2
130.0 123.4 0
137.0 146.5 2
158.0 117.1 0
124.0 113.9 0
136.0 128.7 1
142.0 132.9 0
150.0 123.0 0
120.0 129.8 1
149.0 156.1 0
130.0 120.0 0
110.0 117.2 1
133.1 107.0 0
134.0 128.4 1
130.0 123.4 1
141.0 126.7 1
123.0 123.0 1
133.1 137.2 0
122.0 125.9 1
132.0 138.0 0
133.1 128.2 0
130.0 126.5 0
111.0 112.4 1
133.1 109.0 1
125.0 100.0 1
137.0 144.7 2
100.0 120.0 1
133.1 100.0 2
150.0 154.0 1
120.0 111.3 2
150.0 150.0 2
133.1 100.0 1
133.1 162.5 1
132.0 134.1 1
134.0 133.0 1
126.0 119.0 0
136.0 131.1 2
129.0 129.4 1
126.0 123.9 2
140.0 140.0 0
162.0 162.0 1
148.0 131.6 0
119.0 110.6 2
123.0 117.4 1
150.0 137.8 1
113.0 106.7 0
152.0 156.9 1
154.0 129.0 2
130.0 124.8 1
121.0 115.1 1
153.0 146.7 1
148.0 132.8 1
143.0 159.1 0
147.0 137.6 1
138.0 124.0 1
120.0 149.0 0
145.0 129.6 1
118.0 110.0 1
121.0 116.1 1
135.0 133.3 1
140.0 144.3 1
145.0 133.6 1
133.0 123.2 1
127.0 137.2 2
130.0 130.0 2
117.0 110.0 0
125.0 118.0 1
141.0 128.4 1
122.0 113.6 1
118.0 113.5 2
142.0 146.9 1
143.0 141.3 2
143.0 129.7 0
123.0 121.3 2
115.0 109.1 0
112.0 107.1 1
135.0 129.2 1
162.0 154.1 1
143.0 147.2 1
130.0 120.0 2
136.0 130.8 2
125.0 120.8 1
132.0 125.4 2
123.0 121.3 1
142.0 127.0 1
147.0 151.6 1
140.0 131.6 2
133.1 106.0 1
114.0 111.6 1
125.0 117.3 1
127.0 121.4 0
132.0 126.1 1
148.0 137.0 1
139.0 120.8 0
136.0 128.7 0
133.1 118.0 0
120.0 120.0 2
130.0 160.0 0
110.0 150.0 0
133.0 121.8 2
138.0 125.4 0
131.0 126.6 2
150.0 150.0 0
125.0 114.5 1
108.0 107.0 0
116.0 115.7 2
133.1 120.0 0
147.0 134.8 1
143.0 133.6 1
115.0 129.0 0
160.0 128.4 1
118.0 122.2 1
122.0 113.3 2
143.0 129.9 1
133.0 126.2 1
122.0 112.6 2
164.0 149.0 1
133.1 120.0 1
127.0 120.4 2
140.0 128.1 0
127.0 141.7 0
133.1 130.0 0
115.0 113.3 0
108.0 105.9 0
136.0 122.7 0
133.1 120.0 0
120.0 119.8 0
133.1 122.9 0
160.0 160.0 0
128.0 125.2 1
130.0 143.4 0
133.1 96.7 0
137.0 126.9 1
163.0 143.1 1
125.0 114.5 1
120.0 140.0 0
150.0 113.7 1
135.0 131.5 2
148.0 143.5 1
138.0 126.8 1
119.0 115.2 0
130.0 100.0 0
135.0 121.4 1
120.0 120.0 0
126.0 129.9 1
149.0 151.1 1
110.0 120.0 0
133.1 130.0 0
127.0 119.0 1
120.0 122.0 1
136.0 129.7 1
110.0 112.5 1
136.0 136.0 1
145.0 133.1 1
159.0 151.3 1
147.0 133.3 0
150.0 130.8 1
140.0 140.0 0
150.0 150.0 1
130.0 130.0 0
120.0 125.3 1
130.0 124.0 1
112.0 113.8 2
128.0 124.4 1
114.0 107.7 0
118.0 110.0 1
130.0 130.0 1
145.0 138.8 1
121.0 126.3 0
114.0 114.5 1
127.0 116.5 0
145.0 128.6 1
130.0 130.0 2
150.0 134.6 0
145.0 146.8 1
128.0 135.7 1
140.0 120.0 0
130.0 138.0 1
140.0 135.5 0
120.0 120.0 1
147.0 111.7 0
133.1 100.0 0
160.0 160.0 1
133.1 114.8 1
140.0 131.0 1
133.1 97.0 1
131.0 131.7 0
133.1 120.0 0
120.0 110.0 2
130.0 133.0 1
140.0 140.0 0
133.1 100.0 2
140.0 129.3 2
133.1 137.0 0
125.0 122.2 2
115.0 108.0 1
110.0 110.0 1
140.0 127.7 0
100.0 121.3 2
145.0 140.1 1
133.1 114.8 0
150.0 150.0 2
145.0 131.7 2
133.1 110.0 0
110.0 105.5 1
128.0 127.3 1
133.1 130.0 2
130.0 130.0 0
137.0 122.7 1
123.0 113.9 1
156.0 151.1 1
133.1 125.8 0
100.0 128.2 1
140.0 135.1 0
130.0 120.2 1
133.1 132.8 0
140.0 140.0 1
137.0 129.3 0
120.0 108.2 0
125.0 125.4 0
130.0 140.2 1
115.0 116.1 1
150.0 137.8 1
134.0 128.4 0
120.0 106.0 0
141.0 130.2 1
133.0 126.0 1
149.0 141.0 2
121.0 113.0 1
120.0 120.0 1
148.0 130.9 0
133.1 120.0 0
135.0 134.1 0
150.0 120.0 2
130.0 114.8 1
133.1 123.0 0
133.1 118.0 0
110.0 100.0 1
170.0 151.1 1
120.0 116.9 2
133.1 106.0 1
139.0 127.1 1
133.1 155.5 0
133.1 101.0 1
120.0 128.2 0
100.0 113.0 2
134.0 122.8 1
130.0 145.6 2
128.0 116.5 0
154.0 142.0 1
150.0 150.0 1
134.0 133.3 0
127.0 115.8 0
133.1 100.0 0
130.0 128.6 1
135.0 137.1 1
143.0 149.0 0
150.0 147.0 1
150.0 150.0 1
130.0 103.5 1
113.0 107.8 2
130.0 130.0 2
115.0 109.4 1
146.0 143.6 0
132.0 124.3 0
116.0 119.5 0
163.0 175.6 1
122.0 116.1 1
136.0 126.6 0
142.0 130.8 1
139.0 133.5 1
140.0 136.9 1
165.0 142.3 1
122.0 114.3 1
135.0 122.9 1
128.0 117.2 1
139.0 152.0 1
125.0 122.2 0
102.0 101.7 1
116.0 119.9 1
138.0 123.7 0
135.0 121.8 1
110.0 106.1 0
132.0 124.3 1
126.0 124.3 1
117.4 117.4 1
120.0 112.7 1
116.0 123.7 1
111.0 105.8 1
128.0 124.2 0
123.0 122.3 1
131.0 123.7 1
135.0 129.8 1
136.0 123.8 1
132.0 126.4 1
120.0 115.1 2
144.0 138.4 1
129.0 118.2 1
136.0 121.7 0
125.0 118.0 2
125.0 119.8 0
154.0 164.9 1
100.0 100.0 1
124.0 121.6 2
126.0 120.4 1
124.0 117.8 1
150.0 110.0 1
133.0 128.8 1
126.0 116.6 1
120.0 120.0 0
175.0 157.5 0
141.0 136.3 1
133.0 121.5 1
143.0 133.9 1
141.0 136.8 1
134.0 133.5 1
138.0 130.0 0
140.0 140.0 1
142.0 132.7 1
118.0 117.8 1
131.0 126.1 0
130.0 120.0 1
133.1 100.0 0
130.0 116.8 1
130.0 128.3 0
133.1 117.0 0
130.0 131.5 1
149.0 134.8 1
163.0 146.6 2
130.0 130.0 0
145.0 127.5 1
130.0 123.0 1
128.0 100.0 1
111.0 114.2 1
140.0 123.5 1
140.0 144.3 1
145.0 142.2 2
151.0 161.9 1
132.0 135.9 1
116.0 110.1 1
120.0 122.5 0
158.0 138.1 0
116.0 117.3 0
112.0 106.8 1
126.0 120.1 1
120.0 116.5 1
117.0 120.0 2
153.0 139.7 1
124.0 123.7 1
127.0 116.5 0
126.0 122.2 1
133.1 146.0 1
114.0 108.8 2
133.0 133.0 2
130.0 123.8 1
127.0 120.0 0
143.0 126.9 1
130.0 121.3 0
136.0 129.0 1
125.0 114.9 0
110.0 106.5 0
130.0 133.9 1
135.0 124.9 1
133.0 128.5 1
122.0 126.2 0
122.0 121.7 0
121.0 120.0 2
123.0 113.2 2
128.0 120.3 1
139.0 127.8 0
124.0 123.3 0
135.0 126.3 1
110.0 128.2 0
138.0 134.9 1
140.0 140.0 1
126.0 115.5 1
113.0 106.7 2
120.0 140.0 2
145.0 136.6 1
124.0 119.3 1
160.0 152.0 0
138.0 144.3 1
130.0 159.0 2
127.0 129.5 1
170.0 140.0 2
111.0 105.4 1
100.0 136.0 1
160.0 160.0 1
152.0 139.1 1
144.0 126.9 1
133.8 184.0 1
125.0 125.0 1
150.0 138.5 1
143.0 133.5 1
145.0 141.5 1
120.0 130.0 1
138.0 131.0 2
145.0 145.0 1
122.0 114.3 0
110.0 108.3 0
136.0 125.2 1
145.0 131.7 0
141.0 126.3 1
149.0 147.6 1
130.0 125.1 1
121.0 123.8 2
128.0 130.8 0
152.0 154.1 1
132.0 122.6 2
107.0 103.5 1
131.0 132.8 2
141.0 100.0 1
120.0 115.8 2
148.0 133.8 1
130.0 118.5 1
145.0 150.3 0
112.0 107.8 2
138.0 127.5 2
135.0 120.5 1
118.0 117.3 2
123.0 120.6 0
126.0 118.7 1
150.0 130.8 1
121.0 112.6 1
133.1 117.2 1
130.0 130.0 2
139.0 131.8 1
160.0 97.0 1
110.0 130.0 0
140.0 148.0 1
130.0 103.4 0
132.0 127.1 1
139.0 124.0 0
135.0 121.4 1
117.0 118.1 1
137.0 121.3 1
144.0 119.5 0
130.0 115.2 2
140.0 130.2 1
130.0 130.0 0
130.0 126.9 1
152.0 168.5 1
133.1 130.0 0
140.0 122.8 1
133.1 110.0 0
140.0 127.1 1
133.1 108.5 1
140.0 138.2 0
133.1 96.0 2
135.0 124.5 1
120.0 120.0 2
140.0 132.3 0
128.0 120.7 1
141.0 132.6 1
140.0 140.0 0
139.0 124.5 1
142.0 142.0 1
130.0 130.0 1
130.0 144.0 1
125.0 128.5 2
140.0 140.0 0
120.0 113.9 0
147.0 137.2 1
140.0 140.0 1
161.0 152.3 1
133.1 112.5 1
150.0 101.0 0
113.0 112.3 1
140.0 114.0 0
130.0 130.0 1
120.0 121.5 1
133.1 120.0 2
130.0 130.0 0
120.0 125.7 0
140.0 128.0 0
123.0 113.2 2
133.1 120.0 1
130.0 117.8 1
126.0 121.3 2
176.0 169.7 1
124.0 117.7 1
120.0 121.8 1
140.0 128.3 1
143.0 132.2 1
136.0 134.3 0
132.0 123.4 1
133.1 121.7 0
100.0 130.0 1
137.0 126.5 1
153.0 159.7 1
160.0 151.3 1
145.0 138.0 1
137.0 126.5 1
140.0 140.0 2
120.0 112.3 1
122.0 127.3 1
130.0 130.0 1
133.1 115.0 1
150.0 131.5 1
133.1 125.7 0
141.0 126.8 1
146.0 132.4 0
150.0 150.0 1
133.1 95.0 0
120.0 128.2 0
150.0 130.0 0
133.1 100.0 2
140.0 159.9 1
140.0 100.0 0
133.1 116.5 0
128.0 120.0 1
117.0 117.0 0
140.0 140.0 2
124.0 118.1 0
158.0 153.5 1
137.0 127.9 1
123.0 118.8 1
126.0 126.7 1
170.0 170.0 2
133.1 110.0 0
115.0 115.0 1
132.0 119.0 1
132.0 121.8 1
143.0 133.4 1
137.0 131.4 1
130.0 135.0 0
121.0 122.8 0
130.0 140.0 1
135.0 125.3 1
137.0 126.3 1
100.0 100.0 1
127.0 121.3 1
140.0 135.0 2
140.0 120.0 0
121.0 113.7 2
131.0 129.7 1
151.0 132.1 0
130.0 120.3 0
120.0 120.0 1
136.0 123.1 1
125.0 119.4 1
133.1 140.0 0
133.1 116.5 2
120.0 113.0 1
143.0 133.9 1
133.1 115.5 1
121.0 116.5 0
168.0 171.2 1
124.0 119.1 1
127.0 121.1 0
129.0 132.9 2
137.0 132.8 1
120.0 126.7 1
110.0 105.8 1
120.0 117.2 2
143.0 140.0 1
120.0 120.0 0
124.0 119.5 1
168.0 153.9 0
133.1 130.0 0
150.0 107.0 0
140.0 132.8 0
145.0 127.5 1
118.0 123.3 2
123.0 122.0 0
120.0 114.8 0
140.0 140.0 1
126.0 111.0 1
137.0 133.2 1
130.0 123.0 1
150.0 150.0 1
147.0 132.3 1
140.0 126.0 1
132.0 119.3 1
130.0 133.8 1
130.0 126.5 1
151.0 138.4 1
144.0 129.0 0
127.0 118.3 2
131.0 129.8 1
123.0 113.6 2
130.0 128.3 0
130.0 130.0 0
131.0 121.9 1
135.0 129.4 1
123.0 115.3 2
145.0 125.5 1
118.0 117.8 1
125.0 118.7 2
152.0 139.0 1
101.0 98.9 2
137.0 137.7 0
123.0 113.6 1
120.0 113.4 2
131.0 128.5 1
141.0 142.8 1
144.0 137.7 0
107.0 103.5 2
133.0 123.2 1
126.0 126.0 2
133.1 121.7 2
147.0 142.8 2
120.0 120.0 0
130.0 119.3 1
120.0 121.0 1
138.0 139.4 1
124.0 113.9 1
133.0 124.6 1
122.0 123.8 0
138.0 126.3 1
134.0 120.4 1
128.0 120.5 2
140.0 144.9 2
133.1 139.9 1
142.0 133.3 1
141.0 126.0 1
145.0 133.5 1
145.0 127.9 0
108.0 105.9 2
132.0 124.3 2
140.0 102.5 0
133.1 97.0 0
128.0 134.7 0
120.0 113.8 0
120.0 116.9 0
139.0 124.0 1
139.3 117.5 0
150.0 154.8 1
138.0 141.0 1
133.1 120.0 0
136.0 133.6 0
134.0 122.0 1
140.0 120.0 0
110.0 114.2 1
133.1 95.5 1
129.0 120.0 1
116.0 111.1 1
130.0 128.6 1
130.0 130.0 0
116.0 111.1 0
136.0 122.7 2
147.0 134.4 1
117.0 131.0 0
141.0 125.0 0
133.1 106.0 1
133.1 128.0 0
120.0 120.0 1
148.0 134.8 1
130.0 112.0 1
120.0 116.1 0
120.0 120.0 0
133.0 119.7 1
129.0 117.1 0
118.0 112.4 2
140.0 131.0 1
127.0 130.9 1
131.0 134.9 0
132.0 127.1 1
113.0 110.2 1
115.0 108.7 1
133.1 138.0 2
150.0 147.7 1
133.1 123.0 1
141.0 142.8 1
140.0 138.3 2
136.0 125.2 1
140.0 141.8 1
143.0 130.6 1
130.0 130.0 0
133.1 100.0 0
129.0 119.0 1
132.0 124.3 2
118.0 122.2 0
150.0 150.0 1
133.1 135.5 0
122.0 127.3 1
127.0 127.0 1
122.0 126.9 2
131.0 127.5 1
130.0 122.0 1
130.0 115.8 0
130.0 121.6 1
122.0 116.4 1
114.0 120.0 0
143.0 127.3 0
127.0 123.5 2
141.0 125.6 1
129.0 118.5 1
140.0 129.5 2
137.0 134.6 1
140.0 140.0 1
143.0 133.2 2
138.0 133.5 2
120.0 117.9 1
144.0 128.0 1
123.0 113.2 0
129.0 122.0 2
152.0 156.9 1
130.0 125.1 2
133.1 100.0 0
160.0 160.0 2
140.0 101.0 1
133.0 121.5 1
138.0 126.8 1
142.0 132.9 1
115.0 134.3 1
125.0 120.5 1
170.0 144.1 0
140.0 100.0 1
110.0 114.8 0
114.0 111.9 0
138.0 125.4 0
140.0 140.0 0
140.0 140.0 1
132.0 127.8 0
148.0 131.6 1
132.0 119.4 0
126.0 129.9 1
121.0 114.0 2
120.0 113.4 0
123.0 117.8 2
122.0 114.3 2
136.0 129.7 2
119.0 112.0 0
120.0 140.0 0
150.0 150.0 1
121.0 122.4 2
140.0 150.0 0
135.0 135.0 2
116.0 116.2 1
120.0 120.4 0
126.0 122.9 2
170.0 155.0 1
123.0 123.4 1
120.0 124.2 2
130.0 130.0 2
130.0 126.2 1
117.0 120.5 0
131.0 123.7 2
130.0 122.5 1
133.0 139.2 0
128.0 131.2 1
133.1 120.0 0
123.0 116.7 0
150.0 150.0 0
133.1 117.5 1
140.0 137.6 1
126.0 124.3 1
133.1 116.0 1
121.0 121.4 1
140.0 142.8 1
133.1 96.0 2
131.0 125.0 0
124.0 126.1 1
120.0 155.8 1
133.1 116.0 1
110.0 110.0 0
133.1 97.2 1
133.1 100.0 0
140.0 140.0 1
130.0 128.0 1
110.0 115.3 1
140.0 150.0 2
160.0 160.0 1
138.0 133.1 1
126.0 119.0 0
120.0 156.0 1
130.0 163.7 2
130.0 130.0 2
122.0 123.1 0
160.0 160.0 2
134.0 136.1 1
134.0 132.7 1
140.0 128.2 0
127.0 126.7 0
133.1 150.0 2
143.0 156.3 1
115.0 116.1 1
131.0 123.8 0
146.0 153.0 1
140.0 140.0 0
135.0 131.9 1
133.0 141.4 2
133.1 140.0 0
120.0 115.0 0
133.1 168.0 1
130.0 101.3 0
125.0 122.6 0
134.0 141.7 2
151.0 132.3 1
112.0 111.7 0
120.0 98.7 1
140.0 140.0 1
140.0 140.0 0
133.1 100.7 2
143.0 133.8 1
133.1 100.0 1
180.0 180.0 2
136.0 130.8 1
140.0 140.0 2
130.0 106.2 0
141.0 125.6 1
121.0 117.5 0
120.0 122.5 0
129.0 132.9 0
133.1 103.0 0
100.0 107.0 0
133.1 100.0 0
133.1 100.0 0
139.0 131.3 1
125.0 122.2 2
133.1 118.4 0
100.0 100.0 0
110.0 110.0 0
133.1 100.0 1
123.0 106.2 1
110.0 110.0 1
130.0 122.3 1
133.1 112.5 1
97.0 98.1 1
130.0 140.2 0
139.0 143.6 2
150.0 134.6 0
141.0 126.8 1
133.1 100.0 2
137.0 130.0 2
116.0 113.6 1
140.0 140.0 2
106.0 106.0 2
135.0 126.6 1
144.0 130.7 1
108.0 105.9 1
137.0 137.0 2
133.1 100.0 0
121.0 114.4 2
133.1 120.0 0
130.0 119.0 0
133.1 110.0 0
120.0 120.0 1
131.0 119.8 1
133.1 135.6 0
100.0 120.7 2
131.0 136.3 0
158.0 164.3 2
146.0 149.2 1
133.0 122.5 2
120.0 100.0 0
119.0 125.0 0
132.0 131.0 1
130.0 122.0 1
132.0 131.3 2
133.1 117.0 2
119.0 118.0 0
134.0 126.0 1
120.0 120.0 0
172.0 155.6 0
120.0 122.8 2
129.0 127.3 0
118.0 118.4 2
127.0 128.1 2
133.1 99.0 2
164.0 161.2 1
136.0 140.9 0
117.0 111.1 0
131.0 149.9 1
110.0 111.3 2
125.0 121.5 2
120.0 120.0 1
133.1 120.0 0
130.0 130.0 2
101.0 98.9 1
141.0 136.3 1
128.0 125.2 2
145.0 130.0 1
160.0 141.5 0
134.0 123.9 2
125.0 114.5 1
133.1 100.0 0
120.0 110.5 1
133.1 101.0 0
121.0 121.0 1
120.0 95.0 0
130.0 126.9 0
130.0 116.3 1
128.0 120.0 1
126.0 123.6 1
120.0 150.0 0
100.0 120.0 0
120.0 111.3 0
110.0 150.0 0
127.0 123.2 1
130.0 130.0 0
141.0 137.9 0
120.0 100.0 0
133.1 120.0 1
133.1 131.0 0
133.1 133.8 1
130.0 100.0 2
110.0 150.0 1
125.0 126.4 1
130.0 154.0 1
121.0 114.9 1
133.1 110.0 0
147.0 149.8 1
128.0 117.9 1
164.0 165.8 1
137.0 127.6 1
122.0 123.8 1
124.0 126.1 0
120.0 119.7 0
117.0 121.6 1
140.0 100.0 1
130.0 127.6 0
138.0 132.5 1
141.0 124.3 2
142.0 131.0 1
120.0 120.0 2
122.0 113.3 1
131.0 121.9 0
120.0 118.3 1
131.0 118.8 1
130.0 129.0 2
120.0 143.3 1
136.0 152.5 2
160.0 155.7 1
157.0 153.9 1
150.0 137.8 1
148.0 143.3 1
120.0 123.2 1
150.0 138.1 2
158.0 140.5 1
145.0 130.0 1
100.0 104.8 0
136.0 132.5 1
133.1 127.7 2
148.0 136.5 1
130.0 130.0 0
130.0 190.0 1
136.0 128.5 1
122.0 126.6 0
140.0 131.6 0
110.0 119.0 1
130.0 127.6 1
133.1 100.0 0
128.0 124.5 2
117.0 109.3 2
124.0 117.7 0
124.0 124.7 0
128.0 124.5 1
125.0 140.8 1
121.0 111.9 1
140.0 140.0 0
124.0 121.2 2
136.0 123.8 0
140.8 134.0 0
142.0 130.8 0
133.0 130.2 1
131.0 123.3 2
130.0 147.6 0
120.0 113.4 1
141.0 133.7 1
130.0 128.2 0
168.0 161.0 0
130.0 130.0 0
156.0 156.3 1
137.0 129.3 1
131.0 129.3 0
130.0 136.3 1
133.1 140.0 1
131.0 135.9 2
160.0 139.7 0
117.0 117.0 2
133.1 105.0 0
130.0 130.5 1
130.0 130.0 2
137.0 131.5 1
133.1 100.0 0
140.0 140.0 2
140.0 130.2 1
135.0 133.5 1
140.0 133.2 1
100.0 130.0 2
160.0 129.0 0
133.1 100.0 0
128.0 116.5 1
121.0 124.2 1
127.0 138.8 1
132.0 126.4 1
147.0 151.9 1
110.0 120.0 0
142.0 131.9 1
130.0 130.0 2
131.0 131.7 0
110.0 132.5 1
128.0 116.5 1
136.0 133.9 0
120.0 145.4 0
140.0 172.0 2
118.0 111.0 0
120.0 120.0 1
151.0 129.8 1
130.0 118.1 2
140.0 130.0 1
133.1 126.3 0
146.0 137.8 0
122.0 116.1 2
121.0 115.4 0
127.0 110.0 0
133.1 97.4 0
130.0 130.0 0
156.0 156.0 0
130.0 126.1 0
110.0 120.0 0
108.0 105.2 0
120.0 120.0 2
150.0 137.8 1
152.0 134.2 2
150.0 150.0 2
123.0 116.0 0
150.0 143.4 2
145.0 143.6 2
150.0 150.0 0
125.0 118.0 1
117.0 109.3 1
121.0 119.3 1
140.0 146.3 0
130.0 161.5 1
140.0 140.0 1
140.0 142.2 1
140.0 129.2 0
140.0 100.0 0
170.0 170.0 2
140.0 140.0 0
116.0 115.2 2
134.0 121.4 2
133.1 134.8 2
140.0 136.9 1
140.0 140.0 2
108.0 112.2 2
149.0 148.7 0
140.0 133.0 1
140.0 150.0 0
133.1 98.0 1
125.0 122.4 1
133.1 139.0 2
133.1 112.0 1
130.0 143.8 0
122.0 116.1 2
140.0 138.0 0
123.0 110.0 2
133.1 103.5 0
140.0 140.0 1
116.0 108.7 0
118.0 115.9 1
140.0 127.3 1
146.0 138.7 0
150.0 135.8 0
137.0 134.6 0
136.0 118.4 2
134.0 132.8 1
160.0 155.5 1
126.0 132.0 0
133.1 110.0 0
114.0 127.3 0
139.0 126.0 0
130.0 130.0 1
131.0 118.8 1
130.0 127.6 0
133.1 112.1 0
130.0 130.0 0
117.0 111.1 2
127.0 121.4 0
131.0 126.8 2
134.0 120.6 1
130.0 126.5 1
127.0 120.2 1
130.0 120.0 0
142.0 137.5 1
117.0 127.9 0
133.1 140.0 2
164.0 131.8 1
130.0 129.0 1
127.0 115.8 0
140.0 126.4 0
130.0 130.0 2
122.0 114.8 2
162.0 138.6 2
133.1 112.9 0
120.0 111.6 1
160.0 152.0 1
141.0 132.6 1
125.0 118.4 2
120.0 120.0 0
128.0 122.1 2
162.0 142.8 0
130.0 124.8 1
134.0 126.3 1
133.1 119.0 0
137.0 124.9 1
133.1 118.0 1
110.0 100.0 1
133.1 109.0 2
133.0 130.8 1
130.0 110.0 1
151.0 151.0 0
125.0 131.0 0
158.0 155.2 1
128.0 121.0 2
133.0 119.7 1
138.0 131.0 0
126.0 116.9 0
140.0 130.0 0
143.0 137.8 1
135.0 122.1 2
120.0 120.0 0
148.0 133.0 0
126.0 115.2 1
160.0 160.0 1
140.0 106.3 0
133.1 103.0 0
136.0 136.0 1
150.0 146.5 1
130.0 131.4 1
130.0 130.0 2
110.0 137.0 0
110.0 125.9 2
121.0 111.9 0
127.0 131.2 1
140.0 131.2 0
130.0 140.0 1
130.0 121.5 0
100.0 153.5 0
139.0 142.2 1
150.0 131.1 1
133.1 130.6 0
119.0 115.0 0
170.0 125.0 1
133.1 97.5 0
133.0 134.4 1
125.0 118.8 1
133.1 110.5 0
143.0 123.3 0
127.0 139.6 0
157.0 138.8 1
160.0 160.0 2
140.0 140.0 0
128.0 118.2 0
145.0 150.6 1
133.1 115.2 2
132.0 126.0 1
160.0 160.0 0
160.0 160.0 0
184.4 184.4 1
149.0 156.0 1
146.0 150.2 1
139.0 126.3 1
152.0 146.1 0
147.0 145.3 2
121.0 116.8 1
124.0 132.1 2
105.0 102.6 2
121.0 112.3 0
143.0 155.3 1
150.0 153.8 1
126.0 110.0 1
133.1 128.2 1
127.0 120.4 1
160.0 153.0 1
121.0 117.9 1
150.0 145.6 1
117.0 119.8 1
141.0 126.8 1
112.0 106.1 2
148.0 137.3 1
120.0 115.5 1
132.0 127.5 1
125.0 116.3 1
123.0 113.2 0
142.0 132.6 1
148.0 132.0 1
136.0 130.3 1
123.0 116.7 1
135.0 134.0 1
151.0 100.0 2
140.0 140.0 2
136.0 139.2 1
142.0 132.6 2
142.0 129.4 1
127.0 125.6 0
131.0 129.3 1
134.0 128.4 1
142.0 139.9 1
123.0 124.8 2
133.0 128.5 1
125.0 117.8 1
120.0 115.1 1
125.0 118.0 1
133.1 120.0 1
133.1 119.6 1
143.0 133.2 1
147.0 141.8 1
142.0 130.3 1
150.0 100.0 0
124.0 114.6 1
136.0 123.4 1
116.0 116.4 1
127.0 123.2 1
117.0 123.7 1
116.0 127.6 0
129.0 117.1 1
157.0 149.3 1
135.0 125.6 1
139.0 145.0 1
115.0 115.0 1
123.0 114.3 0
140.0 126.0 0
138.0 124.0 0
132.0 122.6 1
140.0 133.8 2
117.0 113.5 1
125.0 122.6 2
140.0 140.0 1
133.1 107.0 0
130.0 130.0 2
134.0 124.2 1
128.0 125.8 2
115.0 108.0 1
119.0 115.2 1
131.0 129.3 1
120.0 120.0 1
120.0 116.7 1
135.0 121.0 2
146.0 128.2 2
133.0 121.1 1
122.0 112.6 2
128.0 123.3 1
129.0 129.4 0
122.0 119.9 1
140.0 131.6 1
143.0 120.0 0
118.0 110.0 2
140.0 143.0 1
140.0 140.0 2
123.0 119.2 1
140.0 124.3 1
116.0 111.1 1
150.0 150.0 1
147.0 147.3 1
162.0 147.5 1
108.0 108.0 1
130.0 130.0 1
140.0 130.0 2
116.0 109.0 1
120.0 112.0 2
132.0 121.2 1
140.0 140.0 0
120.0 119.5 2
136.0 125.9 1
133.0 121.5 0
126.0 121.5 1
142.0 132.4 1
121.0 122.4 1
134.0 110.0 0
140.0 120.4 1
133.1 105.0 0
157.0 137.8 0
120.0 118.0 1
134.0 122.1 0
140.0 140.0 0
133.0 143.2 1
146.0 120.5 1
130.0 119.5 1
151.0 147.5 1
133.1 129.6 0
132.0 126.1 1
110.0 160.0 1
133.1 105.5 0
110.0 95.5 0
133.1 107.5 0
105.0 106.1 1
160.0 116.3 1
144.0 137.4 1
100.0 101.8 2
143.0 144.1 1
160.0 107.8 0
140.0 128.2 0
133.1 117.0 0
116.0 110.4 1
120.0 170.0 2
141.0 100.0 1
110.0 117.0 1
127.0 133.5 2
132.0 128.0 1
135.0 122.1 1
135.0 133.4 1
140.0 112.0 0
133.1 130.0 1
100.0 100.0 0
133.1 162.0 1
100.0 153.0 2
137.0 131.4 0
120.0 128.2 0
148.9 148.9 1
134.0 128.4 1
128.0 120.3 0
133.1 100.0 1
131.0 126.1 1
118.0 111.7 1
140.0 140.0 1
133.0 122.2 1
126.0 118.7 0
125.0 121.5 0
138.0 134.5 1
140.0 127.0 1
124.0 114.2 1
133.0 125.3 1
127.0 120.4 0
138.0 123.0 2
142.0 130.5 1
130.0 125.5 1
130.0 133.8 1
150.0 150.0 2
127.0 130.5 1
140.0 140.0 0
126.0 119.4 1
139.0 121.3 1
141.0 126.3 1
120.0 111.6 1
120.0 111.3 1
134.0 122.5 1
128.0 116.5 1
133.0 132.0 1
123.0 123.7 2
118.0 117.0 0
113.0 116.5 1
135.0 121.5 1
133.1 105.0 1
130.0 121.3 1
135.0 136.1 1
133.0 123.6 1
123.0 129.0 1
145.0 136.8 1
146.0 133.4 1
144.0 136.0 1
144.0 125.8 1
131.0 120.5 1
141.0 130.2 1
138.0 135.9 1
127.0 116.5 1
124.0 124.0 0
140.0 140.0 0
157.0 150.9 0
129.0 127.3 1
133.1 100.0 0
142.0 128.8 1
133.0 119.7 2
156.0 140.8 1
151.0 138.0 1
135.0 132.9 0
140.0 140.0 1
140.0 140.0 0
100.0 99.3 1
126.0 119.3 1
123.0 113.2 0
133.1 117.0 2
137.0 123.0 1
138.0 127.2 1
128.0 141.0 0
136.0 121.7 1
127.0 121.1 2
145.0 146.1 2
140.0 142.5 1
138.0 126.8 2
150.0 150.0 1
150.0 150.0 2
131.0 134.5 1
136.0 129.5 1
117.0 113.2 1
158.0 140.2 0
129.0 119.2 0
140.0 140.7 1
141.0 142.3 0
132.0 129.9 1
133.0 134.8 2
109.0 104.1 0
135.0 122.4 1
122.0 120.6 1
118.0 112.4 0
174.0 157.9 1
142.0 125.9 0
131.0 118.4 0
139.0 130.8 0
170.0 176.7 0
182.0 156.8 1
125.0 126.8 2
142.0 128.0 1
119.0 113.8 1
128.0 120.8 1
150.0 130.8 1
133.1 101.0 0
131.0 126.1 1
118.0 113.8 1
122.0 118.3 1
116.0 127.9 0
137.0 131.1 2
128.0 117.9 1
123.0 115.7 1
133.1 141.0 1
110.0 120.0 1
143.0 131.8 2
150.0 131.1 1
129.0 117.8 1
140.0 140.0 1
133.1 108.0 1
132.0 122.9 1
130.0 130.0 2
137.0 126.0 1
133.1 134.0 1
143.0 134.3 1
148.0 138.7 1
137.0 143.3 2
160.0 160.0 1
112.0 111.0 1
133.0 128.5 0
142.0 133.0 1
123.0 114.6 0
103.0 104.1 0
140.0 127.6 1
159.0 151.0 1
140.0 135.7 1
148.0 137.8 1
112.0 117.3 1
131.0 121.2 1
145.0 129.3 1
133.1 123.0 1
140.0 140.0 1
140.0 140.0 1
150.0 144.6 0
120.0 118.3 1
156.0 153.6 1
167.0 158.3 1
133.1 100.0 0
147.0 134.9 1
129.0 142.0 1
136.0 127.3 0
128.0 116.5 1
140.0 138.6 1
141.0 133.0 0
133.0 136.2 2
125.0 118.0 1
124.0 126.8 2
140.0 128.5 1
140.0 129.9 1
137.0 125.8 0
144.0 129.3 2
138.0 124.7 0
130.0 154.9 0
142.0 127.3 2
136.0 129.0 1
133.1 98.0 2
130.0 122.0 2
117.0 112.5 2
136.0 127.3 0
133.1 100.5 0
140.0 122.0 0
150.0 140.0 1
121.0 116.1 1
120.0 130.0 0
143.0 146.2 1
180.0 180.0 2
132.0 127.8 0
130.0 130.8 2
133.1 109.0 2
131.0 132.4 0
149.0 129.3 1
124.0 125.4 1
126.0 130.2 2
140.0 132.0 0
170.0 170.0 1
133.0 130.2 2
126.0 115.5 1
129.0 127.6 0
140.0 140.0 1
130.0 120.2 1
130.0 150.0 1
99.0 100.0 1
146.0 100.0 2
129.0 128.0 0
132.0 128.0 1
110.0 107.2 0
116.0 110.1 1
119.0 119.0 0
120.0 155.5 0
117.0 118.4 1
137.0 141.2 1
124.0 119.1 0
151.0 111.0 0
138.6 138.6 0
118.0 121.2 2
136.0 150.4 1
123.0 117.8 2
133.1 102.5 0
130.0 110.0 2
133.1 138.3 2
150.0 122.3 1
130.0 127.8 2
128.0 100.0 2
133.0 126.4 1
133.1 100.0 0
129.0 117.1 1
128.0 124.7 2
136.0 124.1 2
130.0 129.4 0
141.0 138.9 1
140.0 138.6 0
122.0 133.9 0
140.0 140.0 0
133.1 95.1 0
120.0 128.2 0
133.1 121.5 0
120.0 120.0 0
130.0 130.0 2
120.0 120.0 0
133.1 107.0 1
122.0 116.1 2
123.0 114.4 0
178.0 157.7 0
130.0 150.0 0
110.0 114.3 2
106.0 104.6 2
140.0 140.0 0
108.0 109.1 0
120.0 120.6 0
100.0 161.9 0
140.0 140.0 0
133.1 178.0 1
133.1 138.3 0
140.0 128.0 0
100.0 139.0 0
123.0 113.2 0
133.1 139.0 1
135.0 110.0 1
132.0 136.6 2
120.0 161.1 0
130.0 130.0 1
140.0 140.0 2
133.1 121.0 0
120.0 118.6 1
140.0 138.3 2
133.1 115.8 0
120.0 160.0 1
125.0 114.5 1
136.0 117.5 2
133.1 121.7 0
120.0 115.0 0
127.0 125.3 1
131.0 131.0 0
127.0 126.3 1
132.0 127.1 0
137.0 138.4 1
126.0 100.0 0
136.0 126.2 1
124.0 118.8 1
137.0 124.5 0
140.0 140.0 2
131.0 125.1 2
130.0 118.8 2
136.0 125.2 2
133.1 95.0 0
110.0 107.6 2
140.0 140.0 0
133.1 125.4 0
141.0 128.0 0
130.0 129.3 1
160.0 152.0 1
140.0 128.8 1
150.0 152.8 0
150.0 150.0 1
133.1 112.0 1
152.0 135.6 0
133.1 134.4 0
130.0 120.5 0
148.0 141.4 0
148.0 145.2 1
130.0 140.0 0
160.0 100.0 2
130.0 140.0 0
110.0 126.0 2
122.0 112.6 1
110.0 106.8 0
129.0 121.6 2
110.0 120.0 0
170.0 160.6 1
110.0 130.0 0
110.0 110.0 0
133.1 110.0 0
133.1 145.8 1
126.0 130.2 0
137.0 122.3 1
117.0 125.4 1
100.0 130.0 0
120.0 150.0 0
126.0 116.9 0
122.0 114.7 2
111.0 95.8 0
139.0 133.1 2
150.0 150.0 1
116.0 118.5 1
130.0 131.1 1
150.0 150.3 1
132.0 120.5 2
108.0 105.6 1
133.1 125.3 0
120.0 131.0 1
146.0 127.0 1
150.0 150.0 1
160.0 149.2 1
125.0 121.5 1
125.0 137.3 0
122.0 119.6 1
138.0 141.5 1
150.0 150.0 0
140.0 110.0 1
113.0 110.2 0
139.0 110.3 2
133.1 120.0 0
118.0 114.2 1
140.0 140.0 2
144.0 132.8 2
125.0 121.5 1
131.0 127.2 2
131.0 128.2 1
140.0 133.4 2
133.1 120.0 0
140.0 140.0 2
139.0 136.9 1
125.0 117.0 2
117.0 110.7 2
150.0 160.0 2
95.0 95.0 0
150.0 148.8 1
120.0 110.0 0
136.0 133.9 0
133.0 125.7 1
125.0 116.6 1
127.0 141.0 1
130.0 130.0 0
130.0 130.0 2
127.0 115.8 2
140.0 140.0 1
125.0 126.1 2
135.0 137.5 1
132.0 120.8 0
110.0 136.5 0
130.0 122.0 0
130.0 130.0 0
135.0 126.3 2
133.1 98.0 0
135.0 121.0 1
128.0 124.2 2
140.0 130.0 0
135.0 136.1 2
131.0 132.8 1
131.0 126.3 1
100.0 111.5 0
140.0 118.2 1
124.0 115.6 0
130.0 117.8 1
142.0 127.0 0
150.0 140.0 1
110.0 106.0 1
110.0 151.0 0
112.0 106.4 0
100.0 125.3 0
130.0 130.0 0
133.1 116.0 0
150.0 120.0 2
100.0 100.0 1
130.0 118.5 1
129.0 118.9 0
127.0 119.3 0
140.0 135.8 1
130.0 130.0 1
133.1 129.8 2
140.0 150.0 0
133.1 111.9 0
120.0 150.1 1
133.1 130.0 0
120.0 128.0 0
133.1 102.5 0
133.1 102.5 0
100.0 110.0 1
133.1 114.0 0
120.0 128.2 0
128.0 116.5 1
172.0 149.3 1
146.0 134.1 0
135.0 126.6 2
160.0 120.0 2
150.0 133.5 1
130.0 110.0 1
111.0 107.5 0
130.0 130.0 0
170.0 111.6 0
133.1 101.0 0
100.0 108.3 2
120.0 128.2 0
110.0 150.0 1
133.1 142.8 0
120.0 100.0 2
150.0 150.0 0
133.1 156.5 1
120.0 98.6 0
130.0 130.0 0
130.0 118.1 2
100.0 120.0 0
142.0 127.7 1
130.0 130.0 2
148.0 147.7 0
170.0 170.0 1
110.0 110.2 1
166.0 146.4 2
135.0 121.0 0
133.0 129.9 1
133.1 132.0 0
121.0 125.9 0
159.0 165.7 0
130.0 122.7 0
121.0 141.4 0
133.1 156.4 0
146.0 148.5 2
140.0 140.0 2
125.0 131.7 0
120.0 104.7 0
150.0 150.0 2
110.0 110.0 0
120.0 129.1 0
133.1 120.0 0
133.1 127.0 1
133.1 151.5 0
130.0 126.8 1
160.0 140.8 2
128.0 125.6 1
140.0 127.8 0
120.0 120.0 2
140.0 131.3 1
120.0 155.7 1
130.0 128.5 1
100.0 170.0 1
133.1 100.0 0
110.0 107.2 0
147.0 139.3 0
133.0 123.2 2
137.0 122.3 1
124.0 127.9 2
128.0 120.3 2
120.0 128.5 0
133.1 150.0 1
142.0 136.1 1
100.0 128.0 1
149.0 158.1 1
110.0 108.7 1
133.1 110.0 0
133.1 120.0 0
150.0 150.0 1
133.1 113.0 1
121.0 118.6 1
133.1 148.8 1
122.0 120.3 0
143.0 127.0 1
123.0 113.8 1
120.0 108.0 1
114.0 129.1 1
114.0 135.9 1
154.4 154.4 0
190.0 190.0 2
136.0 132.5 1
163.3 163.3 1
126.0 122.5 0
122.0 121.0 2
137.0 131.8 1
139.0 135.0 1
142.0 141.7 1
133.1 131.3 1
126.0 123.9 1
131.0 126.1 1
131.0 126.5 1
108.0 107.3 0
133.1 95.0 0
122.0 116.1 1
143.0 134.6 0
135.0 128.0 1
148.0 144.2 1
134.0 129.5 1
122.0 116.8 1
160.0 160.0 1
126.0 127.1 1
138.0 126.3 2
115.0 112.9 1
141.0 130.2 2
100.0 100.0 2
130.0 121.6 1
130.0 130.0 1
135.0 121.7 1
120.0 120.0 0
148.0 143.5 0
136.0 128.3 1
108.0 111.9 0
140.0 140.0 2
153.0 137.6 1
135.0 135.0 1
146.0 133.8 1
130.0 126.9 1
113.0 106.7 0
145.7 145.7 1
145.0 153.1 2
126.0 118.7 1
160.0 161.8 0
134.0 124.9 2
163.0 150.8 2
130.0 130.0 1
165.0 163.6 2
142.0 115.0 2
156.0 136.8 0
141.0 130.9 1
143.0 127.0 1
133.1 120.0 0
133.0 126.0 2
172.0 153.8 1
140.0 140.0 1
142.0 136.6 1
140.0 105.0 2
133.1 139.4 2
148.0 140.0 1
137.0 130.8 1
143.0 138.8 1
133.1 110.0 1
138.0 127.8 1
138.0 134.2 1
150.0 143.0 1
120.0 120.0 0
110.0 113.2 0
146.0 135.8 1
148.0 143.5 1
145.0 148.9 1
133.1 115.6 0
160.0 159.3 1
150.0 138.5 2
130.0 133.2 1
120.0 117.6 1
115.0 108.7 2
133.1 106.0 2
120.0 122.6 0
134.0 127.4 2
133.1 100.0 0
133.1 95.0 2
130.0 130.0 1
120.0 122.8 0
115.0 115.0 2
135.0 145.9 1
133.1 143.0 0
145.0 100.0 0
130.0 121.3 2
118.0 121.2 2
138.0 125.1 0
122.0 112.9 2
126.0 120.8 1
121.0 114.0 0
152.0 132.1 0
160.0 160.0 1
134.0 134.0 1
128.0 124.2 0
125.0 115.6 1
130.0 128.2 0
138.0 132.8 1
121.0 123.1 1
134.0 125.6 1
130.0 115.0 0
126.0 123.6 0
148.0 141.7 0
160.0 139.0 0
118.0 118.0 1
150.0 142.0 0
140.0 143.4 1
100.0 115.9 2
110.0 105.1 1
140.0 138.0 1
133.1 114.7 0
140.0 130.5 1
110.0 134.3 0
148.0 137.5 1
137.0 125.3 2
120.0 111.3 2
120.0 144.8 2
130.0 152.1 0
132.0 126.1 0
130.0 136.0 1
128.0 124.3 1
132.0 129.9 2
133.1 136.1 0
120.0 115.1 0
145.0 143.6 1
127.0 115.8 1
135.0 149.0 1
133.1 100.0 0
125.0 133.4 1
127.0 122.8 0
133.1 151.2 0
150.0 137.0 1
133.1 118.0 0
150.0 126.4 2
130.0 130.0 0
133.1 112.5 0
125.0 118.3 0
127.0 121.4 2
140.0 140.0 0
110.0 109.0 1
133.1 110.0 0
124.0 119.8 1
114.0 130.0 1
155.0 167.3 1
114.0 111.9 2
133.1 136.0 0
125.0 124.0 0
120.0 132.9 0
100.0 154.0 1
133.1 115.0 0
120.0 96.0 0
120.0 168.2 1
110.0 140.0 0
144.0 137.4 1
133.1 150.0 0
133.1 100.5 2
133.1 148.5 0
138.0 123.3 2
120.0 138.7 1
120.0 117.2 0
160.0 114.3 2
134.0 125.3 1
133.1 97.0 2
110.0 140.0 0
130.0 124.0 1
140.0 140.0 2
150.0 127.0 1
100.0 110.0 1
133.1 170.0 0
120.0 120.0 0
133.1 130.0 1
130.0 130.0 0
126.0 122.5 2
130.0 115.7 2
140.0 120.0 0
140.0 166.0 2
145.0 132.8 0
133.1 100.0 0
127.0 121.8 1
114.0 109.5 1
140.0 138.3 1
140.0 131.6 1
120.0 125.3 2
133.1 101.5 0
115.0 109.1 2
123.9 123.9 0
157.0 143.0 1
127.0 126.3 0
120.0 113.3 0
130.0 119.9 0
140.0 140.0 0
109.0 108.0 2
143.0 100.0 0
125.0 132.4 1
136.0 137.1 0
157.0 138.1 1
160.0 130.0 2
116.0 109.7 1
113.0 128.2 0
130.0 117.8 0
150.0 150.0 1
110.0 160.0 0
101.0 104.5 1
110.0 112.8 2
133.1 100.0 1
138.0 132.5 1
138.0 123.3 1
141.0 128.9 1
129.0 128.3 2
127.0 100.0 2
133.0 120.1 0
100.0 160.0 1
138.0 123.0 2
150.0 150.0 1
129.0 124.0 1
130.0 120.0 2
133.0 120.4 1
133.0 131.6 1
107.0 104.2 1
131.0 122.0 2
118.0 110.7 2
136.0 121.7 1
125.0 126.0 1
137.0 128.4 1
144.0 134.9 0
146.0 143.9 1
145.0 145.0 1
126.0 132.0 1
141.0 136.1 1
141.0 138.9 1
133.1 102.0 1
133.1 123.0 0
127.0 137.5 1
106.0 102.2 2
130.0 105.3 0
110.0 130.0 0
150.0 122.5 0
160.0 112.0 0
170.0 110.0 1
133.1 149.5 0
120.0 141.0 1
130.0 130.0 0
130.0 130.0 1
120.0 104.0 0
110.0 110.0 0
120.0 120.0 2
130.0 130.0 2
150.0 127.0 0
120.0 100.0 2
100.0 111.0 2
133.1 130.0 1
130.0 130.1 2
145.0 127.5 1
130.0 130.0 1
115.0 115.0 0
124.0 126.8 1
124.0 116.7 0
134.0 128.5 1
137.0 127.5 1
124.0 117.5 2
136.0 148.8 1
126.0 120.2 2
142.0 127.3 1
141.0 136.1 2
129.0 122.4 2
130.0 130.0 1
136.0 121.7 1
137.0 122.7 1
125.0 129.2 0
119.0 105.0 2
132.0 129.9 2
152.0 136.3 1
125.0 114.9 1
133.1 102.0 0
120.0 111.3 2
148.0 130.9 0
133.1 100.0 0
115.0 112.9 0
120.0 112.7 1
133.1 143.0 1
168.0 155.1 1
130.0 127.6 2
133.1 146.6 1
137.0 141.0 0
123.0 120.6 1
150.0 110.0 1
120.0 108.6 0
145.0 134.9 1
120.0 120.0 0
142.0 141.3 1
147.0 135.6 1
125.0 121.5 1
126.0 125.0 1
132.0 119.1 1
122.0 126.6 2
123.0 116.7 1
126.0 120.1 2
128.0 124.9 1
100.0 114.0 0
140.0 131.1 1
145.0 129.3 1
143.0 129.7 1
132.0 120.8 1
130.0 135.0 1
129.0 117.8 2
124.4 130.0 1
127.0 117.6 2
144.0 130.8 1
121.0 111.9 0
150.0 145.9 1
115.0 109.1 2
125.0 120.3 2
117.0 113.5 0
121.0 135.4 1
140.0 130.2 1
129.0 136.4 2
130.0 126.9 0
131.0 119.8 1
137.0 124.4 2
150.0 120.0 2
117.0 111.8 2
133.1 130.0 1
130.0 138.0 1
110.0 114.6 0
140.0 108.0 2
140.0 140.0 0
148.0 134.7 1
130.0 110.0 2
140.0 104.8 1
160.0 126.5 1
130.0 118.1 0
120.0 119.9 2
160.0 160.0 1
133.1 100.5 0
133.1 110.0 0
100.0 100.0 0
140.0 140.0 1
109.0 109.0 0
130.0 120.9 1
130.0 125.8 1
164.0 161.2 1
125.0 122.0 0
137.0 127.9 0
133.0 135.8 1
163.0 149.7 0
160.0 137.3 1
133.1 106.0 2
120.0 110.0 1
140.0 146.4 1
140.0 121.0 1
140.0 125.2 1
115.0 119.6 0
140.0 142.8 1
133.1 123.5 0
133.1 100.0 1
110.0 140.0 2
133.1 150.3 1
116.0 128.2 1
110.0 114.3 0
140.0 117.3 2
120.0 120.0 1
133.1 110.7 0
160.0 118.0 2
133.1 169.2 0
120.0 106.8 2
133.1 100.0 0
133.1 144.5 0
133.1 134.5 1
122.0 114.3 2
133.1 113.4 0
140.0 128.0 1
120.0 120.0 1
130.0 147.5 1
120.0 120.7 1
153.0 153.7 1
131.0 121.9 1
126.0 119.4 1
110.0 157.8 1
150.0 154.0 0
131.0 135.9 1
130.0 130.0 0
122.0 118.9 1
151.0 152.4 1
120.0 147.8 2
136.0 100.0 1
140.0 129.0 1
131.0 148.9 1
120.0 120.0 2
170.0 170.0 0
100.0 130.0 1
116.0 119.2 1
133.1 129.0 0
136.0 132.5 1
160.0 115.0 1
140.0 128.0 1
130.0 125.1 1
140.0 140.0 0
123.0 120.9 0
143.0 135.3 1
133.1 125.2 0
136.0 135.7 1
133.1 110.0 0
133.1 119.0 2
110.0 110.0 1
118.0 115.2 1
110.0 112.9 0
133.1 119.4 0
162.0 152.9 1
155.0 117.5 2
133.1 98.5 0
150.0 108.0 0
133.1 120.0 1
154.0 150.2 1
140.0 139.2 1
158.0 130.0 1
122.0 115.7 0
136.0 127.0 2
133.1 118.1 0
132.0 119.1 0
130.0 111.9 0
144.0 130.5 1
133.1 135.0 0
133.1 130.0 0
150.0 150.0 0
150.0 150.2 0
110.0 127.1 2
100.0 107.5 0
100.0 130.0 1
133.1 152.8 2
145.0 160.1 1
130.0 140.0 1
118.0 110.7 1
133.1 138.3 0
150.0 150.0 0
113.0 112.3 1
136.0 122.0 1
140.0 141.7 0
131.0 118.4 1
138.0 128.7 1
100.0 100.0 2
140.0 100.8 0
120.0 125.5 1
139.0 124.0 1
130.0 130.0 0
110.0 160.5 1
133.1 100.0 0
133.1 103.0 1
133.1 103.0 1
139.0 131.5 1
134.0 121.4 0
160.0 137.3 1
124.0 138.4 0
137.0 131.1 1
157.0 100.0 1
138.0 133.0 2
100.0 100.0 1
130.0 159.0 1
133.1 120.6 1
120.0 134.0 0
150.0 139.4 2
128.0 116.5 1
124.0 113.9 0
130.0 130.0 1
132.0 129.9 1
133.1 133.7 0
129.0 124.8 1
135.0 133.6 0
138.0 133.5 1
135.0 128.0 1
131.0 127.2 1
150.0 150.0 1
133.0 127.8 1
135.0 125.2 1
118.0 110.0 2
100.0 100.0 1
158.0 151.4 1
137.0 125.1 2
172.0 163.3 1
123.0 118.0 1
144.0 140.2 0
140.0 128.5 1
136.0 131.5 1
137.0 132.6 1
128.0 122.1 1
120.0 112.0 2
130.0 133.0 1
138.0 127.0 0
148.0 130.0 2
139.0 136.4 1
136.0 129.0 0
126.0 119.0 0
135.0 128.0 1
122.0 117.1 1
137.0 136.3 1
127.0 124.6 2
137.0 130.7 0
125.0 115.2 1
141.0 130.2 1
132.0 128.5 0
133.1 95.0 1
132.0 119.4 1
142.0 123.5 0
136.0 133.9 1
150.0 145.2 1
130.0 118.8 1
136.0 123.4 1
138.0 123.0 1
131.0 118.4 1
147.0 131.6 1
140.0 122.3 0
152.0 151.7 1
169.0 176.0 1
149.0 133.0 1
137.0 139.8 2
122.0 119.6 0
130.0 134.0 1
145.0 132.0 1
130.0 130.0 0
157.0 141.4 1
135.0 128.9 1
123.0 118.1 1
139.0 130.6 1
136.0 122.0 1
135.0 123.0 0
126.0 126.7 1
122.0 126.6 1
125.0 125.4 0
134.0 136.1 0
130.0 128.8 2
110.0 111.1 1
131.0 135.9 1
122.0 119.6 1
123.0 116.7 1
146.0 126.0 2
137.0 134.2 0
130.0 123.0 1
127.0 123.9 1
160.0 120.0 0
139.0 112.3 2
138.0 123.0 1
137.0 122.3 0
127.0 122.8 1
160.0 160.0 0
132.0 120.1 1
126.0 142.4 0
133.0 127.3 1
140.0 125.5 1
130.0 137.4 2
129.0 122.0 0
110.0 107.5 0
133.1 104.0 1
132.0 133.1 1
115.0 113.3 0
130.0 130.0 1
140.0 124.3 2
140.0 105.0 1
133.1 144.0 0
121.0 111.9 2
133.1 107.5 0
130.0 127.4 0
130.0 149.0 2
120.0 120.0 0
132.0 143.6 2
100.0 120.0 0
130.0 128.0 2
129.0 118.2 1
160.0 160.0 0
120.0 152.4 1
122.0 116.6 1
143.0 141.6 1
110.0 105.5 0
124.0 116.3 1
110.0 110.0 2
130.0 119.5 1
139.0 125.0 1
140.0 160.0 1
150.0 150.0 0
123.0 115.0 1
128.0 128.4 2
100.0 112.8 1
148.0 131.0 1
130.0 121.6 0
118.0 110.0 1
120.0 148.5 1
119.0 118.3 0
138.0 135.9 2
127.0 115.8 0
134.0 121.2 1
133.0 136.2 1
133.1 100.2 0
180.0 152.7 0
129.0 123.1 1
120.0 130.0 0
141.0 125.0 1
118.0 113.1 1
127.0 121.1 2
177.0 162.3 1
132.0 132.0 0
133.0 130.7 1
124.0 122.3 0
143.0 144.1 2
128.0 118.2 1
138.0 133.5 1
144.0 126.8 0
122.0 121.0 1
111.0 117.7 1
133.1 115.0 2
120.0 129.2 0
135.0 125.8 1
125.0 118.4 2
147.0 142.0 1
137.0 126.7 1
117.0 109.3 1
126.0 116.9 2
128.0 121.7 1
115.0 117.1 1
121.0 114.4 1
134.0 133.0 1
126.0 118.8 1
151.0 151.0 1
122.0 119.6 2
141.0 135.4 2
138.0 149.9 1
133.0 120.1 1
150.0 173.3 1
136.0 126.2 1
129.0 126.9 2
128.0 157.4 1
131.0 120.2 1
130.0 124.8 0
150.0 130.3 1
165.0 152.4 1
133.1 113.5 1
126.0 125.7 1
101.0 102.4 2
125.0 125.7 2
100.0 120.0 1
117.0 109.3 2
159.0 162.2 0
177.0 155.7 1
156.0 147.7 1
125.0 115.6 2
130.0 117.8 2
125.0 125.0 1
127.0 129.8 0
121.0 123.1 2
135.0 122.8 2
125.0 117.3 1
138.0 126.5 1
136.0 123.0 1
142.0 127.7 1
129.0 117.5 1
134.0 128.4 1
123.0 124.1 0
150.0 140.9 0
129.0 126.2 0
134.0 120.5 1
127.0 121.1 1
123.0 123.7 0
127.0 116.9 0
133.1 100.0 1
131.0 120.2 2
120.0 153.8 0
133.0 120.1 1
133.0 128.1 0
143.0 126.8 1
140.0 125.7 2
157.0 146.2 1
133.1 140.0 0
145.0 134.5 1
130.0 137.0 2
111.0 107.5 1
116.0 112.2 0
133.1 128.2 0
135.0 126.8 0
145.0 132.1 0
118.0 110.0 0
130.0 100.0 0
115.0 114.3 0
122.0 116.4 2
120.0 116.9 0
120.0 128.2 2
120.0 127.0 0
140.0 140.0 2
127.0 120.0 1
110.0 110.0 0
148.0 127.0 1
170.0 159.5 0
146.0 135.2 1
127.0 122.8 2
125.0 118.0 0
139.0 123.6 0
133.1 111.0 0
146.0 144.6 1
109.0 111.8 0
135.0 122.1 0
122.0 119.9 1
130.0 130.0 1
124.0 118.4 2
115.0 112.6 1
150.0 150.0 0
170.0 165.8 1
102.0 101.7 1
140.0 124.3 0
135.0 122.1 1
148.0 134.7 2
140.0 154.5 0
147.0 128.8 0
140.0 106.0 0
157.0 146.2 1
120.0 116.9 0
133.1 118.2 0
140.0 105.7 1
130.0 126.9 1
150.0 150.0 2
115.0 108.4 1
118.0 114.2 1
130.0 140.0 1
130.0 142.5 2
130.0 126.5 1
120.0 111.3 0
130.0 125.1 1
141.0 126.3 1
138.0 142.2 1
113.0 110.2 2
135.0 127.0 1
137.0 128.6 1
133.1 130.4 2
100.0 134.4 1
133.1 100.0 0
142.0 133.0 1
140.0 126.7 0
129.0 129.0 0
141.0 133.7 1
118.0 122.2 1
131.0 128.9 1
161.0 154.4 1
130.0 130.0 0
121.0 113.0 1
133.1 123.3 0
130.0 130.0 0
133.1 101.3 1
120.0 113.7 1
140.0 138.8 1
133.1 140.0 1
130.0 130.0 1
140.0 132.5 1
124.0 117.4 1
115.0 109.8 1
100.0 116.5 0
162.0 165.2 1
121.0 113.0 0
125.0 123.3 1
123.0 116.7 1
140.0 110.0 2
133.1 118.9 0
120.0 103.6 0
136.0 122.7 0
133.1 113.5 1
110.0 128.2 1
120.0 120.0 2
133.1 130.0 0
110.0 110.0 1
130.0 117.7 0
102.0 99.6 1
127.0 117.9 0
133.1 113.0 1
137.0 124.4 1
130.0 140.0 0
130.0 132.4 2
131.0 124.0 1
162.0 132.0 2
140.0 149.8 1
160.0 160.0 0
117.0 114.6 0
150.0 120.0 1
133.1 100.0 1
125.0 128.5 0
130.0 113.0 0
170.0 150.8 0
132.0 130.8 2
133.1 114.5 2
120.0 114.8 1
126.0 126.2 2
130.0 129.0 0
133.1 110.5 1
141.0 132.5 0
138.0 130.7 0
130.0 130.4 1
128.0 124.3 1
135.0 132.6 1
150.0 146.7 1
135.0 130.1 1
120.0 120.0 1
120.0 121.3 1
140.0 133.3 1
140.0 110.5 0
140.0 102.5 1
156.0 150.9 0
133.1 106.6 2
120.0 118.3 2
100.0 117.9 0
120.0 135.0 1
120.0 120.0 0
172.0 167.1 1
120.0 115.8 0
137.0 141.2 1
117.0 118.4 1
142.0 134.3 0
135.0 128.7 0
115.0 116.1 0
110.0 100.0 0
123.0 118.8 2
140.0 130.0 1
150.0 150.0 0
120.0 116.0 2
110.0 99.0 2
133.0 132.0 1
110.0 125.0 0
126.0 116.2 0
133.1 100.0 0
136.0 132.9 1
129.0 132.5 2
140.0 140.0 0
160.0 100.1 0
133.1 128.2 0
140.0 133.4 2
142.0 136.1 0
138.0 123.0 2
131.0 130.3 1
160.0 153.7 2
110.0 142.5 0
124.0 114.6 0
120.0 108.5 0
133.1 140.0 0
133.1 120.0 1
133.1 120.0 0
123.0 127.6 2
140.0 140.0 0
138.7 111.3 0
131.0 131.0 1
149.0 139.5 1
133.1 110.0 0
130.0 130.0 2
120.0 115.0 0
133.1 154.3 0
143.0 135.0 2
126.0 115.2 0
125.0 130.6 1
123.0 117.4 1
150.0 150.0 0
132.0 131.3 0
133.0 120.4 0
122.0 113.6 2
137.0 125.0 1
145.0 132.3 2
150.0 142.7 0
130.0 130.0 0
136.0 120.8 1
131.0 130.3 1
130.0 119.9 1
108.0 110.5 1
160.0 160.0 1
113.0 118.6 1
113.0 112.3 1
137.0 124.4 2
148.0 125.0 1
130.0 105.8 0
133.1 121.5 0
138.0 134.2 1
130.0 130.0 0
127.0 122.8 2
115.0 108.7 1
147.0 136.7 1
132.0 119.1 1
146.0 151.3 1
109.0 108.3 2
133.0 127.4 1
124.0 124.0 1
133.1 155.0 1
121.0 114.0 1
129.0 118.9 2
160.0 160.0 1
131.0 126.1 2
150.0 136.5 1
130.0 122.3 1
133.1 128.0 1
154.0 156.5 1
126.0 125.7 2
150.0 143.0 1
141.0 131.9 1
134.0 113.7 2
146.0 155.1 1
134.0 121.1 2
139.0 130.3 1
136.0 123.3 0
110.0 117.4 1
135.0 140.3 2
129.0 120.0 1
139.0 133.4 2
137.0 126.7 0
138.0 129.3 1
136.0 125.7 2
143.0 144.8 2
133.1 98.6 0
136.0 126.9 1
139.0 146.7 1
125.0 117.0 1
130.0 130.0 0
137.0 125.8 0
130.0 160.0 0
130.0 134.2 0
160.0 96.0 0
100.0 101.8 2
136.0 125.2 1
117.0 100.0 0
140.0 140.0 0
132.0 120.0 1
147.0 134.3 1
158.0 144.7 1
142.0 131.9 0
143.0 136.7 0
135.0 129.8 1
160.0 146.5 1
120.0 122.5 2
133.1 117.8 1
133.1 106.0 0
133.0 119.0 2
120.0 115.1 2
106.0 116.9 1
148.0 141.7 1
134.0 127.7 0
130.0 122.1 1
150.0 153.5 0
141.0 141.4 1
140.0 135.8 1
138.0 127.5 1
130.0 151.6 2
133.1 121.4 2
133.0 100.0 1
150.0 131.5 1
117.0 109.3 0
145.0 127.9 1
140.0 140.0 1
160.0 160.0 1
125.0 119.8 1
133.1 153.0 0
139.0 125.0 1
130.0 103.7 2
120.0 120.0 0
160.0 146.0 2
120.0 116.9 1
130.0 117.9 0
124.0 128.6 2
150.0 135.0 1
140.0 124.6 2
135.0 124.0 2
143.0 129.5 1
100.0 111.3 1
133.1 95.0 0
133.1 131.8 0
132.0 119.1 0
131.0 125.4 1
147.0 140.7 1
141.0 131.9 0
160.0 124.0 2
135.0 139.2 1
133.0 121.8 1
142.0 132.9 1
130.0 130.0 0
133.1 130.1 0
133.1 124.5 0
130.0 162.3 0
149.0 137.8 1
130.0 119.5 0
150.0 110.0 0
106.0 105.0 1
162.0 142.8 0
120.0 128.2 0
133.1 120.0 0
130.0 130.0 0
128.0 121.7 1
124.0 116.0 1
133.1 133.2 0
114.0 116.7 0
140.0 126.4 1
160.0 140.0 2
122.0 120.3 0
140.0 118.0 0
160.0 149.5 1
130.0 130.0 1
141.0 126.3 1
127.0 116.2 0
126.0 126.0 0
131.0 122.3 1
130.0 119.5 2
130.0 131.8 1
140.0 130.7 0
140.0 140.0 2
140.0 129.5 0
133.1 130.0 0
120.0 114.0 0
121.0 121.0 2
123.0 116.4 0
136.0 121.7 0
136.0 130.0 0
120.0 120.0 0
160.0 125.0 1
125.0 134.1 0
146.0 149.5 1
117.0 113.2 2
150.0 146.0 2
140.0 140.0 1
111.0 162.4 0
120.0 136.6 0
111.0 111.0 0
118.0 115.7 2
106.0 105.7 1
120.0 128.2 2
151.0 137.0 1
133.1 120.0 0
120.0 120.5 0
120.0 118.1 0
110.0 139.0 0
133.1 116.3 0
118.0 120.5 0
139.0 134.9 1
130.0 123.0 0
132.0 122.9 0
100.0 140.0 2
120.0 122.5 2
133.1 121.5 2
156.0 132.3 1
143.0 131.5 1
133.1 128.2 0
140.0 148.0 0
127.0 121.5 1
135.0 135.4 2
133.1 139.0 0
120.0 113.4 0
150.0 150.0 0
123.0 122.0 2
150.0 150.0 1
133.1 119.3 2
130.0 140.0 0
140.0 125.0 2
141.0 140.7 1
133.1 100.0 2
146.0 146.7 1
133.1 96.0 0
160.0 160.0 0
130.0 130.0 0
160.0 130.0 0
140.0 140.0 1
126.0 116.6 1
118.0 120.5 1
133.1 103.0 0
121.0 111.9 1
148.0 148.7 1
133.1 120.0 0
140.0 125.7 2
132.0 120.1 1
140.0 127.8 1
112.0 106.4 1
100.0 100.0 0
126.0 123.9 0
150.0 139.5 1
150.0 150.0 1
144.0 139.8 1
133.1 154.4 0
120.0 115.5 2
133.1 119.0 1
133.1 96.1 0
130.0 130.0 0
133.0 128.8 1
124.0 126.8 1
130.0 130.0 0
124.0 116.7 2
132.0 125.5 2
110.0 110.0 0
127.0 133.7 0
130.0 117.6 2
140.0 140.0 0
150.0 150.0 2
133.0 133.7 1
109.0 137.0 1
133.1 128.2 0
133.0 129.2 0
134.0 129.5 1
125.0 129.6 1
135.0 121.7 2
132.0 141.8 1
135.0 129.8 1
100.0 106.0 0
144.0 121.6 2
125.0 121.5 0
133.1 117.0 2
130.0 130.0 2
117.0 117.7 1
140.0 140.0 0
132.0 133.1 0
133.1 100.0 2
132.0 119.1 0
148.0 129.8 2
133.0 131.3 0
143.0 136.7 1
143.0 126.2 1
133.1 109.6 0
141.0 131.9 1
140.0 140.7 1
134.0 120.7 0
118.0 113.8 1
135.0 121.0 2
119.0 112.4 0
145.0 131.0 2
143.0 142.7 0
123.0 125.5 1
108.0 107.8 1
117.0 110.4 0
140.0 136.1 2
170.0 138.3 1
157.0 142.3 1
141.0 145.0 1
125.0 125.7 1
133.1 108.0 2
143.0 128.7 1
142.0 128.0 1
150.0 146.5 1
112.0 106.1 0
133.1 118.0 1
125.0 117.0 1
121.0 115.4 1
133.1 117.0 1
133.1 144.9 2
135.0 127.0 0
132.0 118.0 1
133.1 118.0 0
135.0 126.4 1
110.0 110.0 2
133.0 124.4 1
140.0 140.0 2
135.0 129.4 1
140.0 141.7 1
144.0 132.1 1
122.0 116.8 1
143.0 135.0 1
150.0 150.0 2
124.0 116.0 0
156.0 155.0 1
142.0 127.0 1
142.0 130.8 1
126.0 121.8 0
133.1 140.0 2
170.0 148.5 0
130.0 109.8 0
133.0 119.7 1
122.0 122.0 1
138.0 147.5 1
163.0 150.8 1
150.0 150.0 1
133.1 131.5 1
144.0 127.2 1
118.0 111.0 1
101.0 119.9 1
133.0 133.7 0
133.1 140.0 1
124.0 113.9 1
127.0 120.7 0
133.1 119.8 2
110.0 121.8 0
110.0 117.7 1
160.0 110.0 0
120.0 134.4 0
133.1 125.3 0
132.0 119.1 0
130.0 146.0 1
130.0 130.0 2
129.0 122.0 1
130.0 118.1 0
140.0 105.2 0
131.0 123.3 0
129.0 124.8 0
133.1 149.4 0
112.0 108.5 1
119.0 125.0 2
133.1 101.0 1
123.0 112.9 0
131.0 120.2 2
120.0 111.6 2
125.0 134.1 0
133.1 101.6 0
121.0 111.9 1
148.0 118.4 0
139.0 127.1 1
125.0 120.5 1
128.0 136.1 0
132.0 124.0 0
137.0 141.6 1
160.0 160.0 0
120.0 110.0 0
134.0 100.0 0
133.1 120.0 0
116.0 124.8 2
140.0 140.0 0
140.0 124.3 1
122.0 118.9 0
141.0 130.2 0
120.0 120.0 2
140.0 140.0 0
133.1 130.0 0
137.0 130.4 0
122.0 116.1 0
130.0 130.0 0
140.0 124.3 0
125.0 125.0 1
110.0 110.0 1
133.1 115.0 1
132.0 129.6 1
122.0 128.8 0
155.0 144.2 1
120.0 134.0 0
129.0 112.0 0
144.0 128.8 1
130.0 134.0 2
133.1 125.0 2
133.0 123.2 1
131.0 118.4 0
133.1 116.2 0
133.1 123.0 2
118.0 113.5 1
120.0 125.0 2
133.1 134.8 0
145.0 149.9 1
125.0 119.8 1
125.0 125.0 1
148.0 135.1 0
139.0 138.3 1
130.0 122.5 1
148.0 148.0 1
130.0 126.2 1
134.0 129.8 1
133.1 104.0 0
137.0 126.7 0
130.0 120.0 1
137.0 124.6 1
130.0 130.0 2
140.0 127.3 0
150.0 122.0 1
130.0 125.1 0
133.1 110.0 1
134.0 129.8 1
125.0 114.9 1
141.0 125.6 1
138.0 125.1 1
116.0 115.7 0
122.0 112.6 2
131.0 127.2 0
140.0 140.0 0
140.0 140.0 1
127.0 120.4 1
133.1 100.0 0
117.0 113.5 1
150.0 132.1 0
160.0 160.0 1
128.0 126.3 1
160.0 160.0 2
126.0 100.0 2
135.0 125.8 1
139.0 142.2 1
125.0 119.4 1
106.0 106.4 2
120.0 120.0 0
150.0 150.0 2
130.0 148.6 0
116.0 108.7 0
130.0 130.0 2
140.0 124.6 0
134.0 131.0 1
130.0 130.0 0
122.0 116.1 0
128.0 125.6 0
130.0 121.3 0
113.0 107.4 1
126.0 116.9 1
135.0 123.5 0
141.0 130.5 1
133.1 140.0 0
133.1 117.1 0
144.0 127.5 1
140.0 126.0 1
100.0 113.0 1
135.0 130.1 0
130.0 110.0 0
147.0 135.8 1
149.0 126.3 1
130.0 130.0 0
120.0 104.0 0
125.0 123.6 2
133.1 121.0 0
149.0 130.5 1
180.0 180.0 1
110.0 112.5 1
131.0 126.1 2
117.0 111.8 0
120.0 131.4 1
160.0 144.3 0
100.0 115.0 0
140.0 120.0 2
160.0 168.6 0
141.0 127.7 1
130.0 150.0 0
142.0 129.8 2
130.0 135.6 0
133.1 100.0 0
140.0 140.0 1
129.0 124.1 0
148.0 131.6 0
143.0 129.0 1
128.0 135.7 2
100.0 108.0 2
116.0 110.8 0
128.0 124.5 1
120.0 100.0 0
121.0 123.8 0
137.0 131.4 0
115.0 118.5 0
129.0 122.0 0
125.0 122.9 2
125.0 118.7 2
133.1 100.0 0
131.0 135.9 0
133.1 138.4 1
133.1 128.2 0
114.0 107.4 0
127.0 129.8 0
130.0 100.0 0
121.0 113.0 1
120.0 107.0 0
120.0 130.0 0
120.0 120.0 0
120.0 120.5 0
133.1 120.5 0
124.0 137.0 1
150.0 115.0 1
133.1 142.7 1
116.0 116.7 0
133.1 136.1 0
133.1 134.3 0
167.0 153.0 0
140.0 132.0 1
124.0 129.6 1
110.0 105.0 0
150.0 130.8 0
123.0 119.7 0
152.0 132.5 1
130.0 130.0 1
133.1 120.0 0
133.1 150.0 1
124.0 115.6 1
119.1 119.1 1
128.0 123.5 0
133.1 120.0 0
133.1 110.0 0
145.0 131.4 0
141.0 126.8 1
118.9 118.9 1
160.0 160.0 1
111.0 115.9 1
111.0 109.3 1
123.0 113.9 0
133.0 121.8 1
140.0 140.0 1
122.0 114.7 1
128.0 120.0 2
108.0 107.3 2
139.0 136.2 1
130.0 119.5 1
133.1 106.0 2
130.0 124.1 2
143.0 133.2 1
110.0 110.0 0
120.0 114.8 2
140.0 130.0 1
125.0 122.6 2
134.0 133.5 1
130.0 120.0 1
120.0 120.0 2
142.0 137.3 1
127.0 123.5 2
140.0 131.8 2
140.0 130.0 0
142.0 128.0 0
120.0 95.0 1
124.0 116.0 1
157.0 136.7 2
126.6 107.5 1
110.0 108.4 0
144.0 130.7 2
160.0 155.9 1
105.0 106.1 1
130.0 128.6 1
140.0 140.0 0
138.0 145.0 1
120.0 113.0 1
135.0 137.1 1
119.0 119.7 2
121.0 120.5 1
126.0 125.7 1
132.0 125.5 1
128.0 124.5 1
160.0 126.0 1
125.0 136.2 2
127.0 124.2 2
147.0 138.5 1
130.0 122.3 0
134.0 126.0 1
140.0 135.4 2
151.0 146.5 1
132.0 121.9 1
130.0 130.0 1
126.0 115.2 2
119.0 115.2 0
123.0 125.1 2
106.0 108.0 0
121.0 125.9 2
138.0 128.0 1
118.0 113.5 1
120.0 124.6 2
133.1 116.0 0
141.0 124.9 1
180.0 140.5 0
180.0 179.6 0
115.0 116.1 1
142.0 139.4 1
135.0 129.0 0
150.0 135.6 1
153.0 147.8 1
153.0 138.0 0
150.0 150.0 0
144.0 130.8 1
130.0 122.6 1
125.0 119.1 0
133.1 111.8 0
133.0 125.0 1
140.0 129.9 1
133.0 131.1 1
154.0 141.4 1
133.1 120.0 0
168.0 133.4 1
132.0 127.3 1
133.1 131.8 1
120.0 114.8 0
150.0 132.8 1
140.0 140.0 0
103.0 108.3 2
150.0 150.0 1
160.0 160.0 1
131.0 131.7 1
114.0 112.6 1
120.0 111.1 1
140.0 127.5 1
130.0 120.2 1
121.0 118.9 1
130.0 119.9 1
141.0 127.3 1
131.0 127.9 1
133.1 133.0 2
117.0 114.6 1
151.0 144.5 1
131.0 125.4 1
145.0 145.0 1
135.0 138.1 0
119.0 124.6 1
122.0 130.8 1
155.0 140.5 1
123.0 124.1 1
130.0 118.4 1
133.1 128.2 1
114.0 109.5 0
137.0 131.1 1
161.0 137.9 1
133.1 128.2 1
133.1 126.5 0
128.0 120.0 0
133.1 123.0 1
130.0 130.0 0
147.0 141.1 0
140.0 140.0 0
140.0 133.6 0
133.1 123.5 1
141.0 136.3 1
128.0 123.5 1
150.0 112.0 0
160.0 160.0 1
133.1 110.0 0
128.0 116.8 0
114.0 109.5 0
133.1 100.0 0
126.0 117.3 2
133.1 130.0 0
129.0 137.8 1
140.0 136.5 1
133.1 138.7 0
134.0 124.9 0
133.1 140.0 0
132.0 122.6 1
131.0 129.5 1
133.1 155.0 0
133.1 100.0 1
160.0 137.6 1
120.0 120.0 0
114.0 114.0 2
140.0 139.0 2
100.0 110.0 1
139.0 128.5 0
136.0 132.2 1
130.0 130.0 0
145.0 129.3 1
133.1 128.2 2
146.0 130.3 1
159.0 162.5 0
133.1 130.0 0
110.0 110.0 0
120.0 142.3 1
130.0 122.0 2
158.0 153.6 1
122.0 112.9 1
140.0 124.1 1
136.0 129.7 1
111.0 110.0 1
145.0 136.3 2
133.1 146.0 1
140.0 129.9 0
140.0 140.9 1
156.0 135.5 1
132.0 122.0 1
140.0 140.0 1
164.0 163.0 0
113.0 107.4 1
122.0 114.3 0
150.0 140.8 2
135.0 126.3 1
133.1 110.0 0
122.0 126.2 1
140.0 140.0 2
138.0 123.0 1
130.0 157.0 0
157.0 149.7 1
140.0 140.0 1
170.0 170.0 1
150.0 130.2 1
146.0 135.5 2
120.0 118.3 2
118.0 116.3 1
120.0 120.0 0
154.0 154.7 1
139.0 132.7 1
136.0 130.8 1
130.0 122.7 0
133.1 130.0 2
133.0 123.6 1
143.0 116.5 1
117.0 111.1 0
145.0 136.3 1
134.0 129.8 0
170.0 134.7 1
143.0 131.8 2
140.0 126.8 0
131.0 130.7 2
115.0 109.8 2
130.0 133.9 1
130.0 109.9 0
160.0 160.0 0
133.1 106.5 1
130.0 120.0 2
140.0 107.8 2
133.1 100.0 0
150.0 112.5 1
140.0 135.5 0
145.0 145.0 0
126.0 119.0 1
130.0 130.0 1
135.0 126.3 1
133.1 113.5 1
120.0 120.0 1
120.0 111.3 0
147.0 130.2 0
149.0 140.2 2
124.0 113.9 1
133.1 99.0 1
125.0 124.0 2
141.0 138.9 1
131.0 130.0 1
118.0 120.8 1
129.0 127.8 0
136.0 126.0 1
134.0 126.0 1
153.0 138.5 1
119.0 119.4 1
140.0 101.5 1
133.1 101.5 0
130.0 126.2 1
128.0 129.8 2
145.0 138.4 2
146.0 129.3 1
119.0 113.1 1
160.0 144.3 1
144.0 141.0 1
130.0 130.0 1
122.0 117.5 1
153.0 131.8 1
147.0 133.7 2
121.0 115.4 2
134.0 129.1 2
133.0 135.5 1
118.0 112.4 1
137.0 130.8 1
143.0 131.6 1
123.0 140.8 1
140.0 140.0 2
118.0 114.2 2
142.0 127.3 1
115.0 115.0 1
131.0 118.8 1
130.0 125.0 1
133.1 111.5 0
134.0 124.2 1
130.0 130.0 0
133.1 120.0 0
114.0 110.0 1
130.0 113.3 2
128.0 123.5 2
133.1 101.0 0
133.1 120.9 0
140.0 154.6 2
117.0 120.2 2
139.0 146.5 1
159.0 160.1 1
140.0 150.0 1
140.0 135.8 1
135.0 143.8 2
121.0 116.8 0
124.0 113.9 1
131.0 118.0 2
160.0 150.2 0
120.0 115.1 1
140.0 131.3 1
120.0 120.0 1
118.0 110.3 2
133.1 100.0 0
111.0 110.7 1
140.0 143.4 0
125.0 115.9 1
133.1 145.0 2
136.0 140.9 1
115.0 108.4 1
116.0 114.3 0
110.0 110.0 2
135.0 121.7 2
131.0 123.7 2
124.0 116.5 1
163.0 155.0 1
137.0 129.3 1
128.0 121.7 1
133.1 148.2 2
133.1 125.5 1
148.0 131.9 1
127.0 121.8 2
110.0 107.7 0
133.1 115.5 0
145.0 139.8 1
136.0 133.2 1
131.0 118.4 2
138.0 123.3 2
150.0 134.5 1
112.0 110.6 1
154.0 154.0 1
160.0 160.0 0
140.0 140.0 2
150.0 132.5 2
141.0 127.7 1
122.0 117.5 0
120.0 127.0 1
139.0 125.5 1
138.0 140.5 1
119.0 118.3 2
129.0 120.8 1
133.1 95.0 1
125.0 122.2 1
125.0 143.9 2
137.0 127.2 1
123.0 120.2 0
154.0 134.8 1
144.0 142.6 1
153.0 147.9 1
152.0 160.4 0
150.0 134.6 1
129.0 121.0 1
150.0 142.7 1
125.0 115.6 1
133.1 130.0 1
140.0 124.3 1
140.0 137.9 0
133.1 100.0 0
132.0 128.2 1
135.0 135.0 2
135.0 121.0 1
133.1 147.0 0
168.0 149.5 1
143.0 144.4 1
116.0 116.0 1
134.0 120.7 1
140.0 141.8 1
133.0 119.7 0
125.0 118.4 1
133.1 134.5 2
133.1 128.2 0
137.0 115.0 1
140.0 130.0 2
134.0 120.7 0
139.0 130.5 1
113.0 107.4 2
133.1 100.0 2
132.0 125.0 1
127.0 121.5 2
123.0 127.2 0
130.0 160.0 1
125.0 120.0 1
140.0 141.5 0
111.0 111.4 0
132.0 136.6 2
150.0 154.6 0
118.0 111.4 0
150.0 120.1 0
100.0 100.0 1
130.0 140.0 0
130.0 130.0 1
133.1 100.0 0
112.0 106.1 0
144.0 151.4 1
120.0 113.7 0
121.0 116.5 0
120.0 120.0 0
100.0 122.0 1
115.0 117.1 2
123.0 120.8 1
134.0 141.4 0
123.0 110.0 0
120.0 120.0 0
131.0 120.2 1
133.1 138.4 0
150.0 150.0 1
134.0 121.8 1
140.0 140.0 2
117.0 116.3 1
143.0 131.5 0
142.0 141.0 2
132.0 138.0 1
138.0 127.5 0
131.0 127.0 1
123.0 118.9 2
131.0 134.5 2
141.0 133.0 2
133.1 114.0 0
116.0 116.7 0
123.0 125.1 1
133.0 137.2 0
133.1 111.4 0
133.1 105.0 2
140.0 124.3 0
100.0 132.0 0
130.0 110.0 2
134.0 134.7 2
134.0 136.8 1
160.0 160.0 1
130.0 130.0 0
141.0 128.8 1
147.0 148.4 1
137.0 130.4 1
130.0 126.0 1
119.0 118.7 0
130.0 120.0 1
130.0 120.0 2
120.0 116.3 1
130.0 133.9 1
150.0 150.3 0
120.0 118.3 0
130.0 130.0 1
140.0 140.0 0
130.0 110.4 0
147.0 139.7 0
148.0 138.3 0
133.0 123.2 0
135.0 120.0 0
116.0 127.0 0
110.0 114.2 0
133.0 119.7 1
150.0 150.0 1
135.0 123.5 2
130.0 130.0 0
130.0 124.6 1
132.0 119.4 0
125.0 121.9 0
118.0 110.0 1
118.0 118.7 1
161.0 163.1 1
136.0 121.7 1
135.0 135.0 2
147.0 147.9 2
124.0 118.1 0
133.1 105.3 0
141.0 139.8 1
130.0 130.0 1
110.0 127.5 0
133.1 120.0 0
130.0 124.2 0
120.0 113.4 1
133.1 118.0 0
145.0 130.0 0
131.0 135.9 1
147.0 135.8 0
138.0 133.1 1
123.0 118.8 2
129.0 117.1 2
125.0 114.5 1
131.0 127.2 2
100.0 130.0 1
120.0 116.1 1
145.0 130.5 1
120.0 104.0 0
140.0 128.5 2
134.0 126.0 0
140.0 141.1 1
107.0 102.8 0
133.0 129.2 0
127.0 119.3 1
141.0 126.3 1
140.0 140.0 1
150.0 131.5 1
140.0 137.6 0
141.0 142.8 1
150.0 146.2 2
160.0 162.1 1
133.1 140.0 0
133.1 120.0 0
134.0 133.3 0
130.0 124.8 1
140.0 133.3 1
145.0 141.8 1
133.0 128.2 1
133.1 115.0 0
132.0 123.6 2
117.0 120.2 1
127.0 127.0 1
134.0 120.4 1
120.0 120.0 0
136.0 120.0 2
137.0 133.9 1
118.0 113.5 1
130.0 126.1 0
124.0 121.2 2
150.0 150.0 1
161.0 100.0 0
143.0 127.3 1
130.0 103.8 0
133.1 131.0 1
110.0 133.9 0
140.0 140.0 0
145.0 121.4 2
131.0 122.0 1
141.0 150.5 1
145.0 139.4 0
122.0 112.6 0
118.0 115.2 0
150.0 131.8 0
120.0 122.8 0
167.0 156.2 1
150.0 132.0 1
130.0 130.0 2
151.0 138.4 2
120.0 146.2 1
168.0 166.0 1
153.0 133.1 0
131.0 121.9 1
116.0 110.4 2
160.0 121.4 1
152.0 137.0 1
133.1 140.0 0
150.0 140.0 0
168.0 126.8 2
137.0 124.8 1
133.1 120.0 0
160.0 133.0 1
145.0 127.5 2
138.0 131.7 1
100.0 133.0 0
140.0 122.7 1
124.0 121.2 1
150.0 150.0 0
125.0 133.4 2
143.0 121.2 2
137.0 129.3 1
133.1 117.8 0
136.0 131.3 1
132.0 133.8 1
120.0 120.0 1
125.0 122.2 1
120.0 119.0 0
154.0 149.5 0
180.0 153.8 1
152.0 152.0 1
